58 134.0
6 166.0
26 158.0
66 126.0
1 181.0
44 117.0
29 164.0
44 180.0
1 135.0
9 182.0
49 186.0
22 183.0
49 179.0
22 178.0
10 159.0
100 172.0
27 163.0
97 192.0
90 193.0
57 192.0
61 172.0
8 141.0
45 120.0
32 131.0
23 165.0
39 128.0
52 104.0
50 137.0
96 130.0
60 130.0
75 128.0
46 106.0
37 114.0
72 173.0
43 123.0
88 197.0
14 121.0
53 115.0
25 129.0
64 123.0
35 197.0
48 176.0
71 177.0
84 189.0
83 128.0
77 173.0
86 115.0
33 181.0
41 128.0
21 144.0
56 142.0
9 109.0
23 122.0
30 174.0
35 195.0
66 167.0
52 200.0
66 157.0
53 155.0
79 145.0
88 108.0
63 121.0
68 111.0
1 196.0
72 139.0
6 175.0
26 178.0
22 137.0
50 120.0
1 141.0
90 104.0
45 126.0
44 165.0
1 126.0
39 117.0
1 163.0
39 141.0
60 131.0
