51 195.0
14 192.0
3 162.0
11 118.0
11 183.0
14 180.0
51 119.0
22 137.0
20 154.0
28 116.0
8 125.0
22 152.0
31 193.0
29 117.0
23 188.0
7 104.0
31 160.0
23 173.0
29 164.0
38 132.0
59 112.0
33 110.0
34 121.0
36 112.0
67 189.0
42 174.0
58 143.0
39 145.0
40 191.0
1 105.0
39 181.0
40 197.0
72 120.0
48 127.0
85 128.0
100 122.0
84 127.0
53 120.0
77 122.0
76 128.0
88 172.0
46 176.0
37 127.0
94 150.0
32 171.0
81 157.0
19 192.0
49 137.0
27 102.0
54 126.0
86 157.0
30 129.0
99 134.0
92 167.0
83 176.0
97 155.0
39 197.0
67 181.0
100 120.0
72 127.0
59 121.0
