61 157
45 154
27 161
54 189
89 127
88 105
97 162
29 153
85 105
34 153
6 169
81 108
30 156
70 102
69 128
80 178
56 122
37 111
3 110
43 100
58 132
50 172
63 121
12 141
90 192
35 192
15 115
52 119
48 148
22 184
11 155
28 179
78 188
78 185
41 116
60 104
72 158
44 104
47 122
53 106
10 102
32 100
59 144
86 110
91 176
33 131
74 131
39 152
68 127
20 126
97 117
71 130
8 112
35 190
66 193
77 164
81 186
99 138
87 126
81 196
63 165
51 175
72 109
41 179
70 100
56 148
35 108
52 154
34 185
54 119
81 116
80 105
80 153
43 179
12 178
54 105
97 132
37 102
12 119
97 189
27 105
78 156
58 155
58 162
63 127
27 153
30 162
78 128
29 179
63 158
88 122
56 156
50 105
78 153
50 115
