2
1 2 3 4 5 6 7 8 9 10 11 12 13 14 15 16 17 18 19 20 21 22 23 24 25 26 27 28 29 30 31 32 33 34 35 36 37 38 39 40 41 42 43 44 45 46 47 48 49 50 51 52 53 54 55 56 57 58 59 60 61 62 63 64 65 66 67 68 69 70 71 72 73 74 75 76 77 78 79 80 81 82 83 84 85 86 87 88 89 90 91 92 93 94 95 96 97 98 99 100
2912
1 5
1 9
1 12
1 14
1 19
1 21
1 22
1 24
1 28
1 38
1 54
1 65
1 67
1 70
1 71
1 72
1 78
1 80
1 87
1 93
1 95
1 96
1 97
1 98
1 100
2 11
2 17
2 18
2 26
2 27
2 29
2 30
2 31
2 34
2 42
2 56
2 58
2 60
2 62
2 66
2 69
2 73
2 75
2 81
2 82
2 84
2 85
2 88
2 91
2 94
3 4
3 7
3 8
3 20
3 23
3 34
3 39
3 47
3 48
3 49
3 51
3 53
3 57
3 59
3 61
3 63
3 68
3 74
3 77
3 81
3 83
3 89
3 90
3 92
3 99
4 3
4 10
4 39
4 41
4 43
4 44
4 46
4 48
4 49
4 51
4 53
4 57
4 59
4 61
4 64
4 68
4 74
4 77
4 79
4 83
4 86
4 89
4 90
4 92
4 99
5 1
5 16
5 18
5 25
5 27
5 29
5 30
5 31
5 32
5 34
5 36
5 42
5 45
5 60
5 64
5 69
5 73
5 75
5 82
5 84
5 85
5 88
5 91
5 94
5 96
6 8
6 11
6 16
6 17
6 18
6 25
6 27
6 29
6 30
6 31
6 36
6 56
6 58
6 60
6 62
6 64
6 66
6 69
6 74
6 82
6 84
6 85
6 88
6 91
6 94
7 3
7 10
7 20
7 23
7 39
7 41
7 44
7 45
7 46
7 47
7 48
7 49
7 55
7 57
7 63
7 68
7 77
7 79
7 81
7 83
7 86
7 89
7 90
7 92
7 99
8 3
8 6
8 20
8 23
8 39
8 41
8 44
8 46
8 48
8 49
8 51
8 53
8 55
8 57
8 59
8 63
8 74
8 77
8 79
8 81
8 83
8 86
8 89
8 92
8 99
9 1
9 15
9 19
9 22
9 33
9 38
9 40
9 50
9 52
9 54
9 65
9 67
9 70
9 71
9 72
9 76
9 78
9 80
9 92
9 93
9 95
9 96
9 97
9 98
9 100
10 4
10 7
10 18
10 23
10 43
10 44
10 46
10 47
10 49
10 51
10 53
10 57
10 59
10 61
10 63
10 68
10 74
10 77
10 79
10 81
10 83
10 86
10 89
10 90
10 92
10 99
11 2
11 6
11 16
11 17
11 18
11 21
11 25
11 27
11 30
11 31
11 34
11 42
11 45
11 56
11 58
11 62
11 64
11 69
11 73
11 75
11 82
11 84
11 85
11 88
11 91
11 94
12 1
12 13
12 14
12 15
12 19
12 21
12 22
12 33
12 37
12 50
12 54
12 56
12 65
12 67
12 70
12 71
12 76
12 78
12 80
12 87
12 93
12 95
12 96
12 97
12 98
12 100
13 12
13 14
13 15
13 19
13 24
13 35
13 37
13 38
13 40
13 50
13 63
13 65
13 67
13 70
13 71
13 72
13 76
13 78
13 80
13 87
13 93
13 95
13 96
13 97
13 98
13 100
14 1
14 12
14 13
14 19
14 21
14 22
14 24
14 33
14 37
14 54
14 59
14 65
14 67
14 70
14 71
14 72
14 76
14 78
14 80
14 87
14 93
14 95
14 96
14 97
14 98
14 100
15 9
15 12
15 13
15 21
15 22
15 24
15 28
15 33
15 35
15 37
15 38
15 40
15 50
15 54
15 65
15 72
15 76
15 78
15 80
15 87
15 90
15 93
15 95
15 97
15 98
15 100
16 5
16 6
16 11
16 17
16 18
16 25
16 29
16 31
16 36
16 37
16 42
16 48
16 56
16 58
16 60
16 64
16 66
16 69
16 73
16 75
16 82
16 84
16 85
16 88
16 91
16 94
17 2
17 6
17 11
17 16
17 25
17 26
17 29
17 32
17 34
17 36
17 45
17 56
17 60
17 62
17 64
17 66
17 69
17 73
17 75
17 80
17 82
17 84
17 85
17 88
17 91
17 94
18 2
18 5
18 6
18 10
18 11
18 16
18 29
18 30
18 32
18 34
18 36
18 42
18 45
18 58
18 60
18 61
18 62
18 64
18 66
18 69
18 73
18 75
18 84
18 85
18 88
18 91
19 1
19 9
19 12
19 13
19 14
19 21
19 28
19 33
19 38
19 50
19 65
19 67
19 70
19 71
19 72
19 76
19 78
19 80
19 87
19 90
19 93
19 95
19 96
19 97
19 98
19 100
20 3
20 7
20 8
20 40
20 41
20 43
20 46
20 48
20 49
20 53
20 55
20 57
20 59
20 61
20 63
20 68
20 70
20 74
20 79
20 81
20 83
20 86
20 89
20 90
20 92
20 99
21 1
21 11
21 12
21 14
21 15
21 19
21 28
21 35
21 37
21 38
21 40
21 50
21 52
21 67
21 71
21 72
21 76
21 78
21 80
21 87
21 93
21 95
21 96
21 97
21 98
21 100
22 1
22 9
22 12
22 14
22 15
22 28
22 33
22 35
22 37
22 40
22 49
22 50
22 52
22 54
22 67
22 70
22 71
22 76
22 80
22 87
22 93
22 95
22 96
22 97
22 98
22 100
23 3
23 7
23 8
23 10
23 43
23 44
23 46
23 47
23 51
23 55
23 57
23 59
23 61
23 62
23 68
23 74
23 77
23 79
23 81
23 83
23 86
23 89
23 90
23 92
23 97
23 99
24 1
24 13
24 14
24 15
24 28
24 35
24 37
24 38
24 40
24 47
24 50
24 52
24 54
24 67
24 70
24 71
24 72
24 76
24 78
24 87
24 93
24 95
24 96
24 97
24 98
24 100
25 5
25 6
25 11
25 16
25 17
25 26
25 27
25 28
25 30
25 31
25 42
25 45
25 56
25 58
25 60
25 62
25 64
25 66
25 69
25 73
25 75
25 82
25 84
25 85
25 88
25 91
25 94
26 2
26 17
26 25
26 27
26 29
26 30
26 31
26 32
26 34
26 42
26 45
26 56
26 58
26 59
26 60
26 62
26 64
26 66
26 69
26 73
26 75
26 82
26 84
26 85
26 88
26 91
26 94
27 2
27 5
27 6
27 11
27 25
27 26
27 29
27 32
27 34
27 36
27 42
27 45
27 58
27 60
27 62
27 64
27 66
27 69
27 73
27 75
27 82
27 84
27 85
27 87
27 88
27 91
27 94
28 1
28 15
28 19
28 21
28 22
28 24
28 25
28 37
28 40
28 50
28 52
28 65
28 67
28 70
28 71
28 72
28 76
28 78
28 80
28 87
28 93
28 95
28 96
28 97
28 98
28 99
28 100
29 2
29 5
29 6
29 16
29 17
29 18
29 26
29 27
29 30
29 31
29 32
29 36
29 45
29 56
29 58
29 60
29 64
29 66
29 73
29 75
29 82
29 83
29 84
29 85
29 88
29 91
29 94
30 2
30 5
30 6
30 11
30 18
30 25
30 26
30 29
30 31
30 32
30 36
30 42
30 45
30 46
30 56
30 58
30 62
30 66
30 69
30 73
30 75
30 82
30 84
30 85
30 88
30 91
30 94
31 2
31 5
31 6
31 11
31 16
31 25
31 26
31 29
31 30
31 32
31 34
31 42
31 56
31 58
31 62
31 63
31 64
31 66
31 69
31 73
31 75
31 82
31 84
31 85
31 88
31 91
31 94
32 5
32 17
32 18
32 26
32 27
32 29
32 30
32 31
32 34
32 36
32 42
32 45
32 56
32 58
32 60
32 62
32 64
32 67
32 69
32 73
32 75
32 82
32 84
32 85
32 88
32 91
32 94
33 9
33 12
33 14
33 15
33 19
33 22
33 35
33 38
33 40
33 50
33 52
33 54
33 65
33 67
33 68
33 72
33 74
33 76
33 78
33 80
33 87
33 93
33 95
33 96
33 97
33 98
33 100
34 2
34 3
34 5
34 11
34 17
34 18
34 26
34 27
34 31
34 32
34 36
34 42
34 56
34 58
34 60
34 62
34 64
34 69
34 75
34 78
34 82
34 84
34 85
34 86
34 88
34 91
34 94
35 13
35 15
35 21
35 22
35 24
35 33
35 37
35 38
35 40
35 52
35 54
35 58
35 65
35 70
35 71
35 72
35 76
35 78
35 80
35 84
35 87
35 93
35 95
35 96
35 97
35 98
35 100
36 5
36 6
36 16
36 17
36 18
36 27
36 29
36 30
36 32
36 34
36 42
36 43
36 45
36 56
36 58
36 60
36 62
36 64
36 66
36 69
36 73
36 82
36 84
36 85
36 88
36 91
36 94
37 12
37 13
37 14
37 15
37 16
37 21
37 22
37 24
37 28
37 35
37 50
37 52
37 54
37 65
37 70
37 71
37 76
37 78
37 80
37 87
37 89
37 93
37 95
37 96
37 97
37 98
37 100
38 1
38 9
38 13
38 15
38 19
38 21
38 24
38 33
38 35
38 40
38 50
38 52
38 54
38 58
38 65
38 67
38 70
38 71
38 72
38 73
38 80
38 93
38 95
38 96
38 97
38 98
38 100
39 3
39 4
39 7
39 8
39 41
39 43
39 46
39 47
39 48
39 49
39 52
39 53
39 57
39 59
39 61
39 63
39 68
39 74
39 77
39 79
39 81
39 83
39 84
39 86
39 89
39 90
39 92
39 99
40 9
40 13
40 15
40 20
40 21
40 22
40 24
40 28
40 33
40 35
40 38
40 50
40 52
40 54
40 70
40 71
40 72
40 76
40 78
40 80
40 87
40 91
40 93
40 95
40 96
40 97
40 98
40 100
41 4
41 7
41 8
41 20
41 39
41 43
41 44
41 46
41 47
41 49
41 51
41 53
41 55
41 57
41 61
41 62
41 63
41 68
41 74
41 77
41 79
41 81
41 83
41 86
41 89
41 90
41 92
41 99
42 2
42 5
42 11
42 16
42 18
42 25
42 26
42 27
42 30
42 31
42 32
42 34
42 36
42 54
42 56
42 60
42 62
42 64
42 66
42 69
42 73
42 75
42 82
42 84
42 85
42 88
42 91
42 94
43 4
43 10
43 20
43 23
43 36
43 39
43 41
43 44
43 47
43 48
43 49
43 51
43 53
43 55
43 59
43 63
43 66
43 68
43 74
43 77
43 79
43 81
43 83
43 86
43 89
43 90
43 92
43 99
44 4
44 7
44 8
44 10
44 23
44 41
44 43
44 47
44 48
44 50
44 51
44 53
44 55
44 57
44 59
44 61
44 63
44 68
44 74
44 77
44 79
44 81
44 83
44 86
44 89
44 90
44 92
44 99
45 5
45 7
45 11
45 17
45 18
45 25
45 26
45 27
45 29
45 30
45 32
45 36
45 47
45 56
45 58
45 60
45 62
45 64
45 66
45 69
45 73
45 75
45 82
45 84
45 85
45 88
45 91
45 94
46 4
46 7
46 8
46 10
46 20
46 23
46 30
46 39
46 41
46 47
46 48
46 49
46 51
46 53
46 55
46 57
46 61
46 63
46 68
46 74
46 77
46 79
46 81
46 83
46 86
46 89
46 90
46 92
46 99
47 3
47 7
47 10
47 23
47 24
47 39
47 41
47 43
47 44
47 45
47 46
47 48
47 51
47 53
47 55
47 57
47 61
47 63
47 68
47 74
47 77
47 79
47 81
47 83
47 86
47 89
47 90
47 92
47 99
48 3
48 4
48 7
48 8
48 16
48 20
48 39
48 43
48 44
48 46
48 47
48 49
48 51
48 53
48 57
48 59
48 61
48 63
48 68
48 74
48 77
48 79
48 81
48 83
48 86
48 89
48 90
48 92
48 99
49 3
49 4
49 7
49 8
49 10
49 20
49 22
49 39
49 41
49 43
49 46
49 48
49 51
49 53
49 55
49 59
49 61
49 63
49 68
49 74
49 77
49 79
49 81
49 83
49 86
49 89
49 90
49 92
49 99
50 9
50 12
50 13
50 15
50 19
50 21
50 22
50 24
50 28
50 33
50 37
50 38
50 40
50 44
50 52
50 54
50 65
50 67
50 70
50 71
50 72
50 76
50 78
50 87
50 95
50 96
50 97
50 98
50 100
51 3
51 4
51 8
51 10
51 23
51 41
51 43
51 44
51 46
51 47
51 48
51 49
51 53
51 55
51 57
51 59
51 63
51 68
51 74
51 77
51 79
51 81
51 83
51 85
51 86
51 89
51 90
51 92
51 99
52 9
52 21
52 22
52 24
52 28
52 33
52 35
52 37
52 38
52 39
52 40
52 50
52 54
52 56
52 65
52 67
52 70
52 71
52 72
52 76
52 78
52 80
52 87
52 93
52 95
52 96
52 97
52 98
52 100
53 3
53 4
53 8
53 10
53 20
53 39
53 41
53 43
53 44
53 46
53 47
53 48
53 49
53 51
53 55
53 57
53 59
53 61
53 68
53 74
53 76
53 77
53 79
53 81
53 83
53 86
53 89
53 90
53 99
54 1
54 9
54 12
54 14
54 15
54 22
54 24
54 33
54 35
54 37
54 38
54 40
54 42
54 50
54 52
54 65
54 67
54 70
54 72
54 76
54 78
54 80
54 87
54 93
54 95
54 96
54 97
54 98
54 100
55 7
55 8
55 20
55 23
55 41
55 43
55 44
55 46
55 47
55 49
55 51
55 53
55 57
55 59
55 61
55 63
55 66
55 68
55 74
55 77
55 79
55 81
55 83
55 86
55 87
55 89
55 90
55 92
55 99
56 2
56 6
56 11
56 12
56 16
56 17
56 25
56 26
56 29
56 30
56 31
56 32
56 34
56 36
56 42
56 45
56 52
56 58
56 60
56 64
56 66
56 69
56 73
56 75
56 82
56 84
56 85
56 88
56 91
56 94
57 3
57 4
57 7
57 8
57 10
57 20
57 23
57 39
57 41
57 44
57 46
57 47
57 48
57 51
57 53
57 55
57 59
57 61
57 63
57 71
57 74
57 77
57 79
57 81
57 83
57 86
57 89
57 90
57 92
57 99
58 2
58 6
58 11
58 16
58 18
58 25
58 26
58 27
58 29
58 30
58 31
58 32
58 34
58 35
58 36
58 38
58 45
58 56
58 60
58 62
58 64
58 66
58 69
58 73
58 75
58 84
58 85
58 88
58 91
58 94
59 3
59 4
59 8
59 10
59 14
59 20
59 23
59 26
59 39
59 43
59 44
59 48
59 49
59 51
59 53
59 55
59 57
59 61
59 63
59 68
59 74
59 77
59 79
59 81
59 83
59 86
59 89
59 90
59 92
59 99
60 2
60 5
60 6
60 16
60 17
60 18
60 25
60 26
60 27
60 29
60 32
60 34
60 36
60 42
60 45
60 56
60 58
60 62
60 64
60 66
60 69
60 73
60 75
60 77
60 82
60 84
60 85
60 88
60 91
60 94
61 3
61 4
61 10
61 18
61 20
61 23
61 39
61 41
61 44
61 46
61 47
61 48
61 49
61 53
61 55
61 57
61 59
61 63
61 67
61 68
61 74
61 77
61 79
61 81
61 83
61 86
61 89
61 90
61 92
61 99
62 2
62 6
62 11
62 17
62 18
62 23
62 25
62 26
62 27
62 30
62 31
62 32
62 34
62 36
62 41
62 42
62 45
62 58
62 60
62 64
62 66
62 69
62 73
62 75
62 82
62 84
62 85
62 88
62 91
62 94
63 3
63 7
63 8
63 10
63 13
63 20
63 31
63 39
63 41
63 43
63 44
63 46
63 47
63 48
63 49
63 51
63 55
63 57
63 59
63 61
63 74
63 77
63 79
63 81
63 83
63 86
63 89
63 90
63 92
63 99
64 4
64 5
64 6
64 11
64 16
64 17
64 18
64 25
64 26
64 27
64 29
64 31
64 32
64 34
64 36
64 42
64 45
64 56
64 58
64 60
64 62
64 66
64 73
64 75
64 82
64 84
64 85
64 88
64 91
64 94
65 1
65 9
65 12
65 13
65 14
65 15
65 19
65 28
65 33
65 35
65 37
65 38
65 50
65 52
65 54
65 67
65 68
65 70
65 71
65 72
65 76
65 80
65 87
65 88
65 93
65 95
65 96
65 97
65 98
65 100
66 2
66 6
66 16
66 17
66 18
66 25
66 26
66 27
66 29
66 30
66 31
66 36
66 42
66 43
66 45
66 55
66 56
66 58
66 60
66 62
66 64
66 69
66 73
66 75
66 82
66 84
66 85
66 88
66 91
66 94
67 1
67 9
67 12
67 13
67 14
67 19
67 21
67 22
67 24
67 28
67 32
67 33
67 38
67 50
67 52
67 54
67 61
67 65
67 70
67 71
67 72
67 76
67 78
67 80
67 87
67 93
67 95
67 96
67 97
67 98
67 100
68 3
68 4
68 7
68 10
68 20
68 23
68 33
68 39
68 41
68 43
68 44
68 46
68 47
68 48
68 49
68 51
68 53
68 55
68 59
68 61
68 65
68 74
68 77
68 79
68 81
68 83
68 86
68 89
68 90
68 92
68 99
69 2
69 5
69 6
69 11
69 16
69 17
69 18
69 25
69 26
69 27
69 30
69 31
69 32
69 34
69 36
69 42
69 45
69 56
69 58
69 60
69 62
69 66
69 73
69 75
69 82
69 84
69 85
69 88
69 91
69 93
69 94
70 1
70 9
70 12
70 13
70 14
70 19
70 20
70 22
70 24
70 28
70 35
70 37
70 38
70 40
70 50
70 52
70 54
70 65
70 67
70 71
70 72
70 75
70 76
70 78
70 80
70 87
70 95
70 96
70 97
70 98
70 100
71 1
71 9
71 12
71 13
71 14
71 19
71 21
71 22
71 24
71 28
71 35
71 37
71 38
71 40
71 50
71 52
71 57
71 65
71 67
71 70
71 72
71 76
71 78
71 80
71 87
71 93
71 95
71 96
71 97
71 98
71 100
72 1
72 9
72 13
72 14
72 15
72 19
72 21
72 24
72 28
72 33
72 35
72 38
72 40
72 50
72 52
72 54
72 65
72 67
72 70
72 71
72 76
72 78
72 80
72 86
72 87
72 93
72 95
72 96
72 97
72 98
72 100
73 2
73 5
73 11
73 16
73 17
73 18
73 25
73 26
73 27
73 29
73 30
73 31
73 32
73 36
73 38
73 42
73 45
73 56
73 58
73 60
73 62
73 64
73 66
73 69
73 75
73 82
73 84
73 85
73 88
73 91
73 94
74 3
74 4
74 6
74 8
74 10
74 20
74 23
74 33
74 39
74 41
74 43
74 44
74 46
74 47
74 48
74 49
74 51
74 53
74 55
74 57
74 59
74 61
74 63
74 68
74 77
74 83
74 86
74 89
74 90
74 92
74 99
75 2
75 5
75 11
75 16
75 17
75 18
75 25
75 26
75 27
75 29
75 30
75 31
75 32
75 34
75 42
75 45
75 56
75 58
75 60
75 62
75 64
75 66
75 69
75 70
75 73
75 82
75 84
75 85
75 88
75 91
75 94
76 9
76 12
76 13
76 14
76 15
76 19
76 21
76 22
76 24
76 28
76 33
76 35
76 37
76 40
76 50
76 52
76 53
76 54
76 65
76 67
76 70
76 71
76 72
76 78
76 80
76 87
76 93
76 95
76 96
76 97
76 98
76 100
77 3
77 4
77 7
77 8
77 10
77 23
77 39
77 41
77 43
77 44
77 46
77 47
77 48
77 49
77 51
77 53
77 55
77 57
77 59
77 60
77 61
77 63
77 68
77 74
77 79
77 81
77 83
77 86
77 89
77 90
77 92
77 99
78 1
78 9
78 12
78 13
78 14
78 15
78 19
78 21
78 24
78 28
78 33
78 34
78 35
78 37
78 40
78 50
78 52
78 54
78 67
78 70
78 71
78 72
78 76
78 79
78 80
78 87
78 93
78 95
78 96
78 97
78 98
78 100
79 4
79 7
79 8
79 10
79 20
79 23
79 39
79 41
79 43
79 44
79 46
79 47
79 48
79 49
79 51
79 53
79 55
79 57
79 59
79 61
79 63
79 68
79 77
79 78
79 81
79 83
79 86
79 89
79 90
79 92
79 96
79 99
80 1
80 9
80 12
80 13
80 14
80 15
80 17
80 19
80 21
80 22
80 28
80 33
80 35
80 37
80 38
80 40
80 52
80 54
80 65
80 67
80 70
80 71
80 72
80 76
80 78
80 87
80 93
80 95
80 96
80 97
80 98
80 100
81 2
81 3
81 7
81 8
81 10
81 20
81 23
81 39
81 41
81 43
81 44
81 46
81 47
81 48
81 49
81 51
81 53
81 55
81 57
81 59
81 61
81 63
81 68
81 77
81 79
81 83
81 86
81 88
81 89
81 90
81 92
81 99
82 2
82 5
82 6
82 11
82 16
82 17
82 25
82 26
82 27
82 29
82 30
82 31
82 32
82 34
82 36
82 42
82 45
82 56
82 60
82 62
82 64
82 66
82 69
82 73
82 75
82 84
82 85
82 88
82 91
82 93
82 94
82 95
83 3
83 4
83 7
83 8
83 10
83 20
83 23
83 29
83 39
83 41
83 43
83 44
83 46
83 47
83 48
83 49
83 51
83 53
83 55
83 57
83 59
83 61
83 63
83 68
83 74
83 77
83 79
83 81
83 86
83 89
83 90
83 92
83 99
84 2
84 5
84 6
84 11
84 16
84 17
84 18
84 25
84 26
84 27
84 29
84 30
84 31
84 32
84 34
84 35
84 36
84 39
84 42
84 45
84 56
84 58
84 60
84 62
84 64
84 66
84 69
84 73
84 75
84 82
84 85
84 91
84 94
85 2
85 5
85 6
85 11
85 16
85 17
85 18
85 25
85 26
85 27
85 29
85 30
85 31
85 32
85 34
85 36
85 42
85 45
85 51
85 56
85 58
85 60
85 62
85 64
85 66
85 69
85 73
85 75
85 82
85 84
85 88
85 91
85 94
86 4
86 7
86 8
86 10
86 20
86 23
86 34
86 39
86 41
86 43
86 44
86 46
86 47
86 48
86 49
86 51
86 53
86 55
86 57
86 59
86 61
86 63
86 68
86 72
86 74
86 77
86 79
86 81
86 83
86 89
86 90
86 92
86 99
87 1
87 12
87 13
87 14
87 15
87 19
87 21
87 22
87 24
87 27
87 28
87 33
87 35
87 37
87 40
87 50
87 52
87 54
87 55
87 65
87 67
87 70
87 71
87 72
87 76
87 78
87 80
87 93
87 95
87 96
87 97
87 98
87 100
88 2
88 5
88 6
88 11
88 16
88 17
88 18
88 25
88 26
88 27
88 29
88 30
88 31
88 32
88 34
88 36
88 42
88 45
88 56
88 58
88 60
88 62
88 64
88 65
88 66
88 69
88 73
88 75
88 81
88 82
88 85
88 91
88 94
89 3
89 4
89 7
89 8
89 10
89 20
89 23
89 37
89 39
89 41
89 43
89 44
89 46
89 47
89 48
89 49
89 51
89 53
89 55
89 57
89 59
89 61
89 63
89 68
89 74
89 77
89 79
89 81
89 83
89 86
89 90
89 92
89 99
90 3
90 4
90 7
90 10
90 15
90 19
90 20
90 23
90 39
90 41
90 43
90 44
90 46
90 47
90 48
90 49
90 51
90 53
90 55
90 57
90 59
90 61
90 63
90 68
90 74
90 77
90 79
90 81
90 83
90 86
90 89
90 92
90 99
91 2
91 5
91 6
91 11
91 16
91 17
91 18
91 25
91 26
91 27
91 29
91 30
91 31
91 32
91 34
91 36
91 40
91 42
91 45
91 56
91 58
91 60
91 62
91 64
91 66
91 69
91 73
91 75
91 82
91 84
91 85
91 88
91 94
92 3
92 4
92 7
92 8
92 9
92 10
92 20
92 23
92 39
92 41
92 43
92 44
92 46
92 47
92 48
92 49
92 51
92 55
92 57
92 59
92 61
92 63
92 68
92 74
92 77
92 79
92 81
92 83
92 86
92 89
92 90
92 94
92 99
93 1
93 9
93 12
93 13
93 14
93 15
93 19
93 21
93 22
93 24
93 28
93 33
93 35
93 37
93 38
93 40
93 52
93 54
93 65
93 67
93 69
93 71
93 72
93 76
93 78
93 80
93 82
93 87
93 95
93 96
93 97
93 98
93 100
94 2
94 5
94 6
94 11
94 16
94 17
94 25
94 26
94 27
94 29
94 30
94 31
94 32
94 34
94 36
94 42
94 45
94 56
94 58
94 60
94 62
94 64
94 66
94 69
94 73
94 75
94 82
94 84
94 85
94 88
94 91
94 92
94 98
95 1
95 9
95 12
95 13
95 14
95 15
95 19
95 21
95 22
95 24
95 28
95 33
95 35
95 37
95 38
95 40
95 50
95 52
95 54
95 65
95 67
95 70
95 71
95 72
95 76
95 78
95 80
95 82
95 87
95 93
95 96
95 97
95 98
95 100
96 1
96 5
96 9
96 12
96 13
96 14
96 19
96 21
96 22
96 24
96 28
96 33
96 35
96 37
96 38
96 40
96 50
96 52
96 54
96 65
96 67
96 70
96 71
96 72
96 76
96 78
96 79
96 80
96 87
96 93
96 95
96 97
96 98
96 100
97 1
97 9
97 12
97 13
97 14
97 15
97 19
97 21
97 22
97 23
97 24
97 28
97 33
97 35
97 37
97 38
97 40
97 50
97 52
97 54
97 65
97 67
97 70
97 71
97 72
97 76
97 78
97 80
97 87
97 93
97 95
97 96
97 98
97 100
98 1
98 9
98 12
98 13
98 14
98 15
98 19
98 21
98 22
98 24
98 28
98 33
98 35
98 37
98 38
98 40
98 50
98 52
98 54
98 65
98 67
98 70
98 71
98 72
98 76
98 78
98 80
98 87
98 93
98 94
98 95
98 96
98 97
98 100
99 3
99 4
99 7
99 8
99 10
99 20
99 23
99 28
99 39
99 41
99 43
99 44
99 46
99 47
99 48
99 49
99 51
99 53
99 55
99 57
99 59
99 61
99 63
99 68
99 74
99 77
99 79
99 81
99 83
99 86
99 89
99 90
99 92
99 100
100 1
100 9
100 12
100 13
100 14
100 15
100 19
100 21
100 22
100 24
100 28
100 33
100 35
100 37
100 38
100 40
100 50
100 52
100 54
100 65
100 67
100 70
100 71
100 72
100 76
100 78
100 80
100 87
100 93
100 95
100 96
100 97
100 98
100 99
101.0 102.0 103.0 104.0 105.0 106.0 107.0 108.0 109.0 110.0 111.0 112.0 113.0 114.0 115.0 116.0 117.0 118.0 119.0 120.0 121.0 122.0 123.0 124.0 125.0 126.0 127.0 128.0 129.0 130.0 131.0 132.0 133.0 134.0 135.0 136.0 137.0 138.0 139.0 140.0 141.0 142.0 143.0 144.0 145.0 146.0 147.0 148.0 149.0 150.0 151.0 152.0 153.0 154.0 155.0 156.0 157.0 158.0 159.0 160.0 161.0 162.0 163.0 164.0 165.0 166.0 167.0 168.0 169.0 170.0 171.0 172.0 173.0 174.0 175.0 176.0 177.0 178.0 179.0 180.0 181.0 182.0 183.0 184.0 185.0 186.0 187.0 188.0 189.0 190.0 191.0 192.0 193.0 194.0 195.0 196.0 197.0 198.0 199.0 200.0
2912
101.0 105.0
101.0 109.0
101.0 112.0
101.0 114.0
101.0 119.0
101.0 121.0
101.0 122.0
101.0 124.0
101.0 128.0
101.0 138.0
101.0 154.0
101.0 165.0
101.0 167.0
101.0 170.0
101.0 171.0
101.0 172.0
101.0 178.0
101.0 180.0
101.0 187.0
101.0 193.0
101.0 195.0
101.0 196.0
101.0 197.0
101.0 198.0
101.0 200.0
102.0 111.0
102.0 117.0
102.0 118.0
102.0 126.0
102.0 127.0
102.0 129.0
102.0 130.0
102.0 131.0
102.0 134.0
102.0 142.0
102.0 156.0
102.0 158.0
102.0 160.0
102.0 162.0
102.0 166.0
102.0 169.0
102.0 173.0
102.0 175.0
102.0 181.0
102.0 182.0
102.0 184.0
102.0 185.0
102.0 188.0
102.0 191.0
102.0 194.0
103.0 104.0
103.0 107.0
103.0 108.0
103.0 120.0
103.0 123.0
103.0 134.0
103.0 139.0
103.0 147.0
103.0 148.0
103.0 149.0
103.0 151.0
103.0 153.0
103.0 157.0
103.0 159.0
103.0 161.0
103.0 163.0
103.0 168.0
103.0 174.0
103.0 177.0
103.0 181.0
103.0 183.0
103.0 189.0
103.0 190.0
103.0 192.0
103.0 199.0
104.0 103.0
104.0 110.0
104.0 139.0
104.0 141.0
104.0 143.0
104.0 144.0
104.0 146.0
104.0 148.0
104.0 149.0
104.0 151.0
104.0 153.0
104.0 157.0
104.0 159.0
104.0 161.0
104.0 164.0
104.0 168.0
104.0 174.0
104.0 177.0
104.0 179.0
104.0 183.0
104.0 186.0
104.0 189.0
104.0 190.0
104.0 192.0
104.0 199.0
105.0 101.0
105.0 116.0
105.0 118.0
105.0 125.0
105.0 127.0
105.0 129.0
105.0 130.0
105.0 131.0
105.0 132.0
105.0 134.0
105.0 136.0
105.0 142.0
105.0 145.0
105.0 160.0
105.0 164.0
105.0 169.0
105.0 173.0
105.0 175.0
105.0 182.0
105.0 184.0
105.0 185.0
105.0 188.0
105.0 191.0
105.0 194.0
105.0 196.0
106.0 108.0
106.0 111.0
106.0 116.0
106.0 117.0
106.0 118.0
106.0 125.0
106.0 127.0
106.0 129.0
106.0 130.0
106.0 131.0
106.0 136.0
106.0 156.0
106.0 158.0
106.0 160.0
106.0 162.0
106.0 164.0
106.0 166.0
106.0 169.0
106.0 174.0
106.0 182.0
106.0 184.0
106.0 185.0
106.0 188.0
106.0 191.0
106.0 194.0
107.0 103.0
107.0 110.0
107.0 120.0
107.0 123.0
107.0 139.0
107.0 141.0
107.0 144.0
107.0 145.0
107.0 146.0
107.0 147.0
107.0 148.0
107.0 149.0
107.0 155.0
107.0 157.0
107.0 163.0
107.0 168.0
107.0 177.0
107.0 179.0
107.0 181.0
107.0 183.0
107.0 186.0
107.0 189.0
107.0 190.0
107.0 192.0
107.0 199.0
108.0 103.0
108.0 106.0
108.0 120.0
108.0 123.0
108.0 139.0
108.0 141.0
108.0 144.0
108.0 146.0
108.0 148.0
108.0 149.0
108.0 151.0
108.0 153.0
108.0 155.0
108.0 157.0
108.0 159.0
108.0 163.0
108.0 174.0
108.0 177.0
108.0 179.0
108.0 181.0
108.0 183.0
108.0 186.0
108.0 189.0
108.0 192.0
108.0 199.0
109.0 101.0
109.0 115.0
109.0 119.0
109.0 122.0
109.0 133.0
109.0 138.0
109.0 140.0
109.0 150.0
109.0 152.0
109.0 154.0
109.0 165.0
109.0 167.0
109.0 170.0
109.0 171.0
109.0 172.0
109.0 176.0
109.0 178.0
109.0 180.0
109.0 192.0
109.0 193.0
109.0 195.0
109.0 196.0
109.0 197.0
109.0 198.0
109.0 200.0
110.0 104.0
110.0 107.0
110.0 118.0
110.0 123.0
110.0 143.0
110.0 144.0
110.0 146.0
110.0 147.0
110.0 149.0
110.0 151.0
110.0 153.0
110.0 157.0
110.0 159.0
110.0 161.0
110.0 163.0
110.0 168.0
110.0 174.0
110.0 177.0
110.0 179.0
110.0 181.0
110.0 183.0
110.0 186.0
110.0 189.0
110.0 190.0
110.0 192.0
110.0 199.0
111.0 102.0
111.0 106.0
111.0 116.0
111.0 117.0
111.0 118.0
111.0 121.0
111.0 125.0
111.0 127.0
111.0 130.0
111.0 131.0
111.0 134.0
111.0 142.0
111.0 145.0
111.0 156.0
111.0 158.0
111.0 162.0
111.0 164.0
111.0 169.0
111.0 173.0
111.0 175.0
111.0 182.0
111.0 184.0
111.0 185.0
111.0 188.0
111.0 191.0
111.0 194.0
112.0 101.0
112.0 113.0
112.0 114.0
112.0 115.0
112.0 119.0
112.0 121.0
112.0 122.0
112.0 133.0
112.0 137.0
112.0 150.0
112.0 154.0
112.0 156.0
112.0 165.0
112.0 167.0
112.0 170.0
112.0 171.0
112.0 176.0
112.0 178.0
112.0 180.0
112.0 187.0
112.0 193.0
112.0 195.0
112.0 196.0
112.0 197.0
112.0 198.0
112.0 200.0
113.0 112.0
113.0 114.0
113.0 115.0
113.0 119.0
113.0 124.0
113.0 135.0
113.0 137.0
113.0 138.0
113.0 140.0
113.0 150.0
113.0 163.0
113.0 165.0
113.0 167.0
113.0 170.0
113.0 171.0
113.0 172.0
113.0 176.0
113.0 178.0
113.0 180.0
113.0 187.0
113.0 193.0
113.0 195.0
113.0 196.0
113.0 197.0
113.0 198.0
113.0 200.0
114.0 101.0
114.0 112.0
114.0 113.0
114.0 119.0
114.0 121.0
114.0 122.0
114.0 124.0
114.0 133.0
114.0 137.0
114.0 154.0
114.0 159.0
114.0 165.0
114.0 167.0
114.0 170.0
114.0 171.0
114.0 172.0
114.0 176.0
114.0 178.0
114.0 180.0
114.0 187.0
114.0 193.0
114.0 195.0
114.0 196.0
114.0 197.0
114.0 198.0
114.0 200.0
115.0 109.0
115.0 112.0
115.0 113.0
115.0 121.0
115.0 122.0
115.0 124.0
115.0 128.0
115.0 133.0
115.0 135.0
115.0 137.0
115.0 138.0
115.0 140.0
115.0 150.0
115.0 154.0
115.0 165.0
115.0 172.0
115.0 176.0
115.0 178.0
115.0 180.0
115.0 187.0
115.0 190.0
115.0 193.0
115.0 195.0
115.0 197.0
115.0 198.0
115.0 200.0
116.0 105.0
116.0 106.0
116.0 111.0
116.0 117.0
116.0 118.0
116.0 125.0
116.0 129.0
116.0 131.0
116.0 136.0
116.0 137.0
116.0 142.0
116.0 148.0
116.0 156.0
116.0 158.0
116.0 160.0
116.0 164.0
116.0 166.0
116.0 169.0
116.0 173.0
116.0 175.0
116.0 182.0
116.0 184.0
116.0 185.0
116.0 188.0
116.0 191.0
116.0 194.0
117.0 102.0
117.0 106.0
117.0 111.0
117.0 116.0
117.0 125.0
117.0 126.0
117.0 129.0
117.0 132.0
117.0 134.0
117.0 136.0
117.0 145.0
117.0 156.0
117.0 160.0
117.0 162.0
117.0 164.0
117.0 166.0
117.0 169.0
117.0 173.0
117.0 175.0
117.0 180.0
117.0 182.0
117.0 184.0
117.0 185.0
117.0 188.0
117.0 191.0
117.0 194.0
118.0 102.0
118.0 105.0
118.0 106.0
118.0 110.0
118.0 111.0
118.0 116.0
118.0 129.0
118.0 130.0
118.0 132.0
118.0 134.0
118.0 136.0
118.0 142.0
118.0 145.0
118.0 158.0
118.0 160.0
118.0 161.0
118.0 162.0
118.0 164.0
118.0 166.0
118.0 169.0
118.0 173.0
118.0 175.0
118.0 184.0
118.0 185.0
118.0 188.0
118.0 191.0
119.0 101.0
119.0 109.0
119.0 112.0
119.0 113.0
119.0 114.0
119.0 121.0
119.0 128.0
119.0 133.0
119.0 138.0
119.0 150.0
119.0 165.0
119.0 167.0
119.0 170.0
119.0 171.0
119.0 172.0
119.0 176.0
119.0 178.0
119.0 180.0
119.0 187.0
119.0 190.0
119.0 193.0
119.0 195.0
119.0 196.0
119.0 197.0
119.0 198.0
119.0 200.0
120.0 103.0
120.0 107.0
120.0 108.0
120.0 140.0
120.0 141.0
120.0 143.0
120.0 146.0
120.0 148.0
120.0 149.0
120.0 153.0
120.0 155.0
120.0 157.0
120.0 159.0
120.0 161.0
120.0 163.0
120.0 168.0
120.0 170.0
120.0 174.0
120.0 179.0
120.0 181.0
120.0 183.0
120.0 186.0
120.0 189.0
120.0 190.0
120.0 192.0
120.0 199.0
121.0 101.0
121.0 111.0
121.0 112.0
121.0 114.0
121.0 115.0
121.0 119.0
121.0 128.0
121.0 135.0
121.0 137.0
121.0 138.0
121.0 140.0
121.0 150.0
121.0 152.0
121.0 167.0
121.0 171.0
121.0 172.0
121.0 176.0
121.0 178.0
121.0 180.0
121.0 187.0
121.0 193.0
121.0 195.0
121.0 196.0
121.0 197.0
121.0 198.0
121.0 200.0
122.0 101.0
122.0 109.0
122.0 112.0
122.0 114.0
122.0 115.0
122.0 128.0
122.0 133.0
122.0 135.0
122.0 137.0
122.0 140.0
122.0 149.0
122.0 150.0
122.0 152.0
122.0 154.0
122.0 167.0
122.0 170.0
122.0 171.0
122.0 176.0
122.0 180.0
122.0 187.0
122.0 193.0
122.0 195.0
122.0 196.0
122.0 197.0
122.0 198.0
122.0 200.0
123.0 103.0
123.0 107.0
123.0 108.0
123.0 110.0
123.0 143.0
123.0 144.0
123.0 146.0
123.0 147.0
123.0 151.0
123.0 155.0
123.0 157.0
123.0 159.0
123.0 161.0
123.0 162.0
123.0 168.0
123.0 174.0
123.0 177.0
123.0 179.0
123.0 181.0
123.0 183.0
123.0 186.0
123.0 189.0
123.0 190.0
123.0 192.0
123.0 197.0
123.0 199.0
124.0 101.0
124.0 113.0
124.0 114.0
124.0 115.0
124.0 128.0
124.0 135.0
124.0 137.0
124.0 138.0
124.0 140.0
124.0 147.0
124.0 150.0
124.0 152.0
124.0 154.0
124.0 167.0
124.0 170.0
124.0 171.0
124.0 172.0
124.0 176.0
124.0 178.0
124.0 187.0
124.0 193.0
124.0 195.0
124.0 196.0
124.0 197.0
124.0 198.0
124.0 200.0
125.0 105.0
125.0 106.0
125.0 111.0
125.0 116.0
125.0 117.0
125.0 126.0
125.0 127.0
125.0 128.0
125.0 130.0
125.0 131.0
125.0 142.0
125.0 145.0
125.0 156.0
125.0 158.0
125.0 160.0
125.0 162.0
125.0 164.0
125.0 166.0
125.0 169.0
125.0 173.0
125.0 175.0
125.0 182.0
125.0 184.0
125.0 185.0
125.0 188.0
125.0 191.0
125.0 194.0
126.0 102.0
126.0 117.0
126.0 125.0
126.0 127.0
126.0 129.0
126.0 130.0
126.0 131.0
126.0 132.0
126.0 134.0
126.0 142.0
126.0 145.0
126.0 156.0
126.0 158.0
126.0 159.0
126.0 160.0
126.0 162.0
126.0 164.0
126.0 166.0
126.0 169.0
126.0 173.0
126.0 175.0
126.0 182.0
126.0 184.0
126.0 185.0
126.0 188.0
126.0 191.0
126.0 194.0
127.0 102.0
127.0 105.0
127.0 106.0
127.0 111.0
127.0 125.0
127.0 126.0
127.0 129.0
127.0 132.0
127.0 134.0
127.0 136.0
127.0 142.0
127.0 145.0
127.0 158.0
127.0 160.0
127.0 162.0
127.0 164.0
127.0 166.0
127.0 169.0
127.0 173.0
127.0 175.0
127.0 182.0
127.0 184.0
127.0 185.0
127.0 187.0
127.0 188.0
127.0 191.0
127.0 194.0
128.0 101.0
128.0 115.0
128.0 119.0
128.0 121.0
128.0 122.0
128.0 124.0
128.0 125.0
128.0 137.0
128.0 140.0
128.0 150.0
128.0 152.0
128.0 165.0
128.0 167.0
128.0 170.0
128.0 171.0
128.0 172.0
128.0 176.0
128.0 178.0
128.0 180.0
128.0 187.0
128.0 193.0
128.0 195.0
128.0 196.0
128.0 197.0
128.0 198.0
128.0 199.0
128.0 200.0
129.0 102.0
129.0 105.0
129.0 106.0
129.0 116.0
129.0 117.0
129.0 118.0
129.0 126.0
129.0 127.0
129.0 130.0
129.0 131.0
129.0 132.0
129.0 136.0
129.0 145.0
129.0 156.0
129.0 158.0
129.0 160.0
129.0 164.0
129.0 166.0
129.0 173.0
129.0 175.0
129.0 182.0
129.0 183.0
129.0 184.0
129.0 185.0
129.0 188.0
129.0 191.0
129.0 194.0
130.0 102.0
130.0 105.0
130.0 106.0
130.0 111.0
130.0 118.0
130.0 125.0
130.0 126.0
130.0 129.0
130.0 131.0
130.0 132.0
130.0 136.0
130.0 142.0
130.0 145.0
130.0 146.0
130.0 156.0
130.0 158.0
130.0 162.0
130.0 166.0
130.0 169.0
130.0 173.0
130.0 175.0
130.0 182.0
130.0 184.0
130.0 185.0
130.0 188.0
130.0 191.0
130.0 194.0
131.0 102.0
131.0 105.0
131.0 106.0
131.0 111.0
131.0 116.0
131.0 125.0
131.0 126.0
131.0 129.0
131.0 130.0
131.0 132.0
131.0 134.0
131.0 142.0
131.0 156.0
131.0 158.0
131.0 162.0
131.0 163.0
131.0 164.0
131.0 166.0
131.0 169.0
131.0 173.0
131.0 175.0
131.0 182.0
131.0 184.0
131.0 185.0
131.0 188.0
131.0 191.0
131.0 194.0
132.0 105.0
132.0 117.0
132.0 118.0
132.0 126.0
132.0 127.0
132.0 129.0
132.0 130.0
132.0 131.0
132.0 134.0
132.0 136.0
132.0 142.0
132.0 145.0
132.0 156.0
132.0 158.0
132.0 160.0
132.0 162.0
132.0 164.0
132.0 167.0
132.0 169.0
132.0 173.0
132.0 175.0
132.0 182.0
132.0 184.0
132.0 185.0
132.0 188.0
132.0 191.0
132.0 194.0
133.0 109.0
133.0 112.0
133.0 114.0
133.0 115.0
133.0 119.0
133.0 122.0
133.0 135.0
133.0 138.0
133.0 140.0
133.0 150.0
133.0 152.0
133.0 154.0
133.0 165.0
133.0 167.0
133.0 168.0
133.0 172.0
133.0 174.0
133.0 176.0
133.0 178.0
133.0 180.0
133.0 187.0
133.0 193.0
133.0 195.0
133.0 196.0
133.0 197.0
133.0 198.0
133.0 200.0
134.0 102.0
134.0 103.0
134.0 105.0
134.0 111.0
134.0 117.0
134.0 118.0
134.0 126.0
134.0 127.0
134.0 131.0
134.0 132.0
134.0 136.0
134.0 142.0
134.0 156.0
134.0 158.0
134.0 160.0
134.0 162.0
134.0 164.0
134.0 169.0
134.0 175.0
134.0 178.0
134.0 182.0
134.0 184.0
134.0 185.0
134.0 186.0
134.0 188.0
134.0 191.0
134.0 194.0
135.0 113.0
135.0 115.0
135.0 121.0
135.0 122.0
135.0 124.0
135.0 133.0
135.0 137.0
135.0 138.0
135.0 140.0
135.0 152.0
135.0 154.0
135.0 158.0
135.0 165.0
135.0 170.0
135.0 171.0
135.0 172.0
135.0 176.0
135.0 178.0
135.0 180.0
135.0 184.0
135.0 187.0
135.0 193.0
135.0 195.0
135.0 196.0
135.0 197.0
135.0 198.0
135.0 200.0
136.0 105.0
136.0 106.0
136.0 116.0
136.0 117.0
136.0 118.0
136.0 127.0
136.0 129.0
136.0 130.0
136.0 132.0
136.0 134.0
136.0 142.0
136.0 143.0
136.0 145.0
136.0 156.0
136.0 158.0
136.0 160.0
136.0 162.0
136.0 164.0
136.0 166.0
136.0 169.0
136.0 173.0
136.0 182.0
136.0 184.0
136.0 185.0
136.0 188.0
136.0 191.0
136.0 194.0
137.0 112.0
137.0 113.0
137.0 114.0
137.0 115.0
137.0 116.0
137.0 121.0
137.0 122.0
137.0 124.0
137.0 128.0
137.0 135.0
137.0 150.0
137.0 152.0
137.0 154.0
137.0 165.0
137.0 170.0
137.0 171.0
137.0 176.0
137.0 178.0
137.0 180.0
137.0 187.0
137.0 189.0
137.0 193.0
137.0 195.0
137.0 196.0
137.0 197.0
137.0 198.0
137.0 200.0
138.0 101.0
138.0 109.0
138.0 113.0
138.0 115.0
138.0 119.0
138.0 121.0
138.0 124.0
138.0 133.0
138.0 135.0
138.0 140.0
138.0 150.0
138.0 152.0
138.0 154.0
138.0 158.0
138.0 165.0
138.0 167.0
138.0 170.0
138.0 171.0
138.0 172.0
138.0 173.0
138.0 180.0
138.0 193.0
138.0 195.0
138.0 196.0
138.0 197.0
138.0 198.0
138.0 200.0
139.0 103.0
139.0 104.0
139.0 107.0
139.0 108.0
139.0 141.0
139.0 143.0
139.0 146.0
139.0 147.0
139.0 148.0
139.0 149.0
139.0 152.0
139.0 153.0
139.0 157.0
139.0 159.0
139.0 161.0
139.0 163.0
139.0 168.0
139.0 174.0
139.0 177.0
139.0 179.0
139.0 181.0
139.0 183.0
139.0 184.0
139.0 186.0
139.0 189.0
139.0 190.0
139.0 192.0
139.0 199.0
140.0 109.0
140.0 113.0
140.0 115.0
140.0 120.0
140.0 121.0
140.0 122.0
140.0 124.0
140.0 128.0
140.0 133.0
140.0 135.0
140.0 138.0
140.0 150.0
140.0 152.0
140.0 154.0
140.0 170.0
140.0 171.0
140.0 172.0
140.0 176.0
140.0 178.0
140.0 180.0
140.0 187.0
140.0 191.0
140.0 193.0
140.0 195.0
140.0 196.0
140.0 197.0
140.0 198.0
140.0 200.0
141.0 104.0
141.0 107.0
141.0 108.0
141.0 120.0
141.0 139.0
141.0 143.0
141.0 144.0
141.0 146.0
141.0 147.0
141.0 149.0
141.0 151.0
141.0 153.0
141.0 155.0
141.0 157.0
141.0 161.0
141.0 162.0
141.0 163.0
141.0 168.0
141.0 174.0
141.0 177.0
141.0 179.0
141.0 181.0
141.0 183.0
141.0 186.0
141.0 189.0
141.0 190.0
141.0 192.0
141.0 199.0
142.0 102.0
142.0 105.0
142.0 111.0
142.0 116.0
142.0 118.0
142.0 125.0
142.0 126.0
142.0 127.0
142.0 130.0
142.0 131.0
142.0 132.0
142.0 134.0
142.0 136.0
142.0 154.0
142.0 156.0
142.0 160.0
142.0 162.0
142.0 164.0
142.0 166.0
142.0 169.0
142.0 173.0
142.0 175.0
142.0 182.0
142.0 184.0
142.0 185.0
142.0 188.0
142.0 191.0
142.0 194.0
143.0 104.0
143.0 110.0
143.0 120.0
143.0 123.0
143.0 136.0
143.0 139.0
143.0 141.0
143.0 144.0
143.0 147.0
143.0 148.0
143.0 149.0
143.0 151.0
143.0 153.0
143.0 155.0
143.0 159.0
143.0 163.0
143.0 166.0
143.0 168.0
143.0 174.0
143.0 177.0
143.0 179.0
143.0 181.0
143.0 183.0
143.0 186.0
143.0 189.0
143.0 190.0
143.0 192.0
143.0 199.0
144.0 104.0
144.0 107.0
144.0 108.0
144.0 110.0
144.0 123.0
144.0 141.0
144.0 143.0
144.0 147.0
144.0 148.0
144.0 150.0
144.0 151.0
144.0 153.0
144.0 155.0
144.0 157.0
144.0 159.0
144.0 161.0
144.0 163.0
144.0 168.0
144.0 174.0
144.0 177.0
144.0 179.0
144.0 181.0
144.0 183.0
144.0 186.0
144.0 189.0
144.0 190.0
144.0 192.0
144.0 199.0
145.0 105.0
145.0 107.0
145.0 111.0
145.0 117.0
145.0 118.0
145.0 125.0
145.0 126.0
145.0 127.0
145.0 129.0
145.0 130.0
145.0 132.0
145.0 136.0
145.0 147.0
145.0 156.0
145.0 158.0
145.0 160.0
145.0 162.0
145.0 164.0
145.0 166.0
145.0 169.0
145.0 173.0
145.0 175.0
145.0 182.0
145.0 184.0
145.0 185.0
145.0 188.0
145.0 191.0
145.0 194.0
146.0 104.0
146.0 107.0
146.0 108.0
146.0 110.0
146.0 120.0
146.0 123.0
146.0 130.0
146.0 139.0
146.0 141.0
146.0 147.0
146.0 148.0
146.0 149.0
146.0 151.0
146.0 153.0
146.0 155.0
146.0 157.0
146.0 161.0
146.0 163.0
146.0 168.0
146.0 174.0
146.0 177.0
146.0 179.0
146.0 181.0
146.0 183.0
146.0 186.0
146.0 189.0
146.0 190.0
146.0 192.0
146.0 199.0
147.0 103.0
147.0 107.0
147.0 110.0
147.0 123.0
147.0 124.0
147.0 139.0
147.0 141.0
147.0 143.0
147.0 144.0
147.0 145.0
147.0 146.0
147.0 148.0
147.0 151.0
147.0 153.0
147.0 155.0
147.0 157.0
147.0 161.0
147.0 163.0
147.0 168.0
147.0 174.0
147.0 177.0
147.0 179.0
147.0 181.0
147.0 183.0
147.0 186.0
147.0 189.0
147.0 190.0
147.0 192.0
147.0 199.0
148.0 103.0
148.0 104.0
148.0 107.0
148.0 108.0
148.0 116.0
148.0 120.0
148.0 139.0
148.0 143.0
148.0 144.0
148.0 146.0
148.0 147.0
148.0 149.0
148.0 151.0
148.0 153.0
148.0 157.0
148.0 159.0
148.0 161.0
148.0 163.0
148.0 168.0
148.0 174.0
148.0 177.0
148.0 179.0
148.0 181.0
148.0 183.0
148.0 186.0
148.0 189.0
148.0 190.0
148.0 192.0
148.0 199.0
149.0 103.0
149.0 104.0
149.0 107.0
149.0 108.0
149.0 110.0
149.0 120.0
149.0 122.0
149.0 139.0
149.0 141.0
149.0 143.0
149.0 146.0
149.0 148.0
149.0 151.0
149.0 153.0
149.0 155.0
149.0 159.0
149.0 161.0
149.0 163.0
149.0 168.0
149.0 174.0
149.0 177.0
149.0 179.0
149.0 181.0
149.0 183.0
149.0 186.0
149.0 189.0
149.0 190.0
149.0 192.0
149.0 199.0
150.0 109.0
150.0 112.0
150.0 113.0
150.0 115.0
150.0 119.0
150.0 121.0
150.0 122.0
150.0 124.0
150.0 128.0
150.0 133.0
150.0 137.0
150.0 138.0
150.0 140.0
150.0 144.0
150.0 152.0
150.0 154.0
150.0 165.0
150.0 167.0
150.0 170.0
150.0 171.0
150.0 172.0
150.0 176.0
150.0 178.0
150.0 187.0
150.0 195.0
150.0 196.0
150.0 197.0
150.0 198.0
150.0 200.0
151.0 103.0
151.0 104.0
151.0 108.0
151.0 110.0
151.0 123.0
151.0 141.0
151.0 143.0
151.0 144.0
151.0 146.0
151.0 147.0
151.0 148.0
151.0 149.0
151.0 153.0
151.0 155.0
151.0 157.0
151.0 159.0
151.0 163.0
151.0 168.0
151.0 174.0
151.0 177.0
151.0 179.0
151.0 181.0
151.0 183.0
151.0 185.0
151.0 186.0
151.0 189.0
151.0 190.0
151.0 192.0
151.0 199.0
152.0 109.0
152.0 121.0
152.0 122.0
152.0 124.0
152.0 128.0
152.0 133.0
152.0 135.0
152.0 137.0
152.0 138.0
152.0 139.0
152.0 140.0
152.0 150.0
152.0 154.0
152.0 156.0
152.0 165.0
152.0 167.0
152.0 170.0
152.0 171.0
152.0 172.0
152.0 176.0
152.0 178.0
152.0 180.0
152.0 187.0
152.0 193.0
152.0 195.0
152.0 196.0
152.0 197.0
152.0 198.0
152.0 200.0
153.0 103.0
153.0 104.0
153.0 108.0
153.0 110.0
153.0 120.0
153.0 139.0
153.0 141.0
153.0 143.0
153.0 144.0
153.0 146.0
153.0 147.0
153.0 148.0
153.0 149.0
153.0 151.0
153.0 155.0
153.0 157.0
153.0 159.0
153.0 161.0
153.0 168.0
153.0 174.0
153.0 176.0
153.0 177.0
153.0 179.0
153.0 181.0
153.0 183.0
153.0 186.0
153.0 189.0
153.0 190.0
153.0 199.0
154.0 101.0
154.0 109.0
154.0 112.0
154.0 114.0
154.0 115.0
154.0 122.0
154.0 124.0
154.0 133.0
154.0 135.0
154.0 137.0
154.0 138.0
154.0 140.0
154.0 142.0
154.0 150.0
154.0 152.0
154.0 165.0
154.0 167.0
154.0 170.0
154.0 172.0
154.0 176.0
154.0 178.0
154.0 180.0
154.0 187.0
154.0 193.0
154.0 195.0
154.0 196.0
154.0 197.0
154.0 198.0
154.0 200.0
155.0 107.0
155.0 108.0
155.0 120.0
155.0 123.0
155.0 141.0
155.0 143.0
155.0 144.0
155.0 146.0
155.0 147.0
155.0 149.0
155.0 151.0
155.0 153.0
155.0 157.0
155.0 159.0
155.0 161.0
155.0 163.0
155.0 166.0
155.0 168.0
155.0 174.0
155.0 177.0
155.0 179.0
155.0 181.0
155.0 183.0
155.0 186.0
155.0 187.0
155.0 189.0
155.0 190.0
155.0 192.0
155.0 199.0
156.0 102.0
156.0 106.0
156.0 111.0
156.0 112.0
156.0 116.0
156.0 117.0
156.0 125.0
156.0 126.0
156.0 129.0
156.0 130.0
156.0 131.0
156.0 132.0
156.0 134.0
156.0 136.0
156.0 142.0
156.0 145.0
156.0 152.0
156.0 158.0
156.0 160.0
156.0 164.0
156.0 166.0
156.0 169.0
156.0 173.0
156.0 175.0
156.0 182.0
156.0 184.0
156.0 185.0
156.0 188.0
156.0 191.0
156.0 194.0
157.0 103.0
157.0 104.0
157.0 107.0
157.0 108.0
157.0 110.0
157.0 120.0
157.0 123.0
157.0 139.0
157.0 141.0
157.0 144.0
157.0 146.0
157.0 147.0
157.0 148.0
157.0 151.0
157.0 153.0
157.0 155.0
157.0 159.0
157.0 161.0
157.0 163.0
157.0 171.0
157.0 174.0
157.0 177.0
157.0 179.0
157.0 181.0
157.0 183.0
157.0 186.0
157.0 189.0
157.0 190.0
157.0 192.0
157.0 199.0
158.0 102.0
158.0 106.0
158.0 111.0
158.0 116.0
158.0 118.0
158.0 125.0
158.0 126.0
158.0 127.0
158.0 129.0
158.0 130.0
158.0 131.0
158.0 132.0
158.0 134.0
158.0 135.0
158.0 136.0
158.0 138.0
158.0 145.0
158.0 156.0
158.0 160.0
158.0 162.0
158.0 164.0
158.0 166.0
158.0 169.0
158.0 173.0
158.0 175.0
158.0 184.0
158.0 185.0
158.0 188.0
158.0 191.0
158.0 194.0
159.0 103.0
159.0 104.0
159.0 108.0
159.0 110.0
159.0 114.0
159.0 120.0
159.0 123.0
159.0 126.0
159.0 139.0
159.0 143.0
159.0 144.0
159.0 148.0
159.0 149.0
159.0 151.0
159.0 153.0
159.0 155.0
159.0 157.0
159.0 161.0
159.0 163.0
159.0 168.0
159.0 174.0
159.0 177.0
159.0 179.0
159.0 181.0
159.0 183.0
159.0 186.0
159.0 189.0
159.0 190.0
159.0 192.0
159.0 199.0
160.0 102.0
160.0 105.0
160.0 106.0
160.0 116.0
160.0 117.0
160.0 118.0
160.0 125.0
160.0 126.0
160.0 127.0
160.0 129.0
160.0 132.0
160.0 134.0
160.0 136.0
160.0 142.0
160.0 145.0
160.0 156.0
160.0 158.0
160.0 162.0
160.0 164.0
160.0 166.0
160.0 169.0
160.0 173.0
160.0 175.0
160.0 177.0
160.0 182.0
160.0 184.0
160.0 185.0
160.0 188.0
160.0 191.0
160.0 194.0
161.0 103.0
161.0 104.0
161.0 110.0
161.0 118.0
161.0 120.0
161.0 123.0
161.0 139.0
161.0 141.0
161.0 144.0
161.0 146.0
161.0 147.0
161.0 148.0
161.0 149.0
161.0 153.0
161.0 155.0
161.0 157.0
161.0 159.0
161.0 163.0
161.0 167.0
161.0 168.0
161.0 174.0
161.0 177.0
161.0 179.0
161.0 181.0
161.0 183.0
161.0 186.0
161.0 189.0
161.0 190.0
161.0 192.0
161.0 199.0
162.0 102.0
162.0 106.0
162.0 111.0
162.0 117.0
162.0 118.0
162.0 123.0
162.0 125.0
162.0 126.0
162.0 127.0
162.0 130.0
162.0 131.0
162.0 132.0
162.0 134.0
162.0 136.0
162.0 141.0
162.0 142.0
162.0 145.0
162.0 158.0
162.0 160.0
162.0 164.0
162.0 166.0
162.0 169.0
162.0 173.0
162.0 175.0
162.0 182.0
162.0 184.0
162.0 185.0
162.0 188.0
162.0 191.0
162.0 194.0
163.0 103.0
163.0 107.0
163.0 108.0
163.0 110.0
163.0 113.0
163.0 120.0
163.0 131.0
163.0 139.0
163.0 141.0
163.0 143.0
163.0 144.0
163.0 146.0
163.0 147.0
163.0 148.0
163.0 149.0
163.0 151.0
163.0 155.0
163.0 157.0
163.0 159.0
163.0 161.0
163.0 174.0
163.0 177.0
163.0 179.0
163.0 181.0
163.0 183.0
163.0 186.0
163.0 189.0
163.0 190.0
163.0 192.0
163.0 199.0
164.0 104.0
164.0 105.0
164.0 106.0
164.0 111.0
164.0 116.0
164.0 117.0
164.0 118.0
164.0 125.0
164.0 126.0
164.0 127.0
164.0 129.0
164.0 131.0
164.0 132.0
164.0 134.0
164.0 136.0
164.0 142.0
164.0 145.0
164.0 156.0
164.0 158.0
164.0 160.0
164.0 162.0
164.0 166.0
164.0 173.0
164.0 175.0
164.0 182.0
164.0 184.0
164.0 185.0
164.0 188.0
164.0 191.0
164.0 194.0
165.0 101.0
165.0 109.0
165.0 112.0
165.0 113.0
165.0 114.0
165.0 115.0
165.0 119.0
165.0 128.0
165.0 133.0
165.0 135.0
165.0 137.0
165.0 138.0
165.0 150.0
165.0 152.0
165.0 154.0
165.0 167.0
165.0 168.0
165.0 170.0
165.0 171.0
165.0 172.0
165.0 176.0
165.0 180.0
165.0 187.0
165.0 188.0
165.0 193.0
165.0 195.0
165.0 196.0
165.0 197.0
165.0 198.0
165.0 200.0
166.0 102.0
166.0 106.0
166.0 116.0
166.0 117.0
166.0 118.0
166.0 125.0
166.0 126.0
166.0 127.0
166.0 129.0
166.0 130.0
166.0 131.0
166.0 136.0
166.0 142.0
166.0 143.0
166.0 145.0
166.0 155.0
166.0 156.0
166.0 158.0
166.0 160.0
166.0 162.0
166.0 164.0
166.0 169.0
166.0 173.0
166.0 175.0
166.0 182.0
166.0 184.0
166.0 185.0
166.0 188.0
166.0 191.0
166.0 194.0
167.0 101.0
167.0 109.0
167.0 112.0
167.0 113.0
167.0 114.0
167.0 119.0
167.0 121.0
167.0 122.0
167.0 124.0
167.0 128.0
167.0 132.0
167.0 133.0
167.0 138.0
167.0 150.0
167.0 152.0
167.0 154.0
167.0 161.0
167.0 165.0
167.0 170.0
167.0 171.0
167.0 172.0
167.0 176.0
167.0 178.0
167.0 180.0
167.0 187.0
167.0 193.0
167.0 195.0
167.0 196.0
167.0 197.0
167.0 198.0
167.0 200.0
168.0 103.0
168.0 104.0
168.0 107.0
168.0 110.0
168.0 120.0
168.0 123.0
168.0 133.0
168.0 139.0
168.0 141.0
168.0 143.0
168.0 144.0
168.0 146.0
168.0 147.0
168.0 148.0
168.0 149.0
168.0 151.0
168.0 153.0
168.0 155.0
168.0 159.0
168.0 161.0
168.0 165.0
168.0 174.0
168.0 177.0
168.0 179.0
168.0 181.0
168.0 183.0
168.0 186.0
168.0 189.0
168.0 190.0
168.0 192.0
168.0 199.0
169.0 102.0
169.0 105.0
169.0 106.0
169.0 111.0
169.0 116.0
169.0 117.0
169.0 118.0
169.0 125.0
169.0 126.0
169.0 127.0
169.0 130.0
169.0 131.0
169.0 132.0
169.0 134.0
169.0 136.0
169.0 142.0
169.0 145.0
169.0 156.0
169.0 158.0
169.0 160.0
169.0 162.0
169.0 166.0
169.0 173.0
169.0 175.0
169.0 182.0
169.0 184.0
169.0 185.0
169.0 188.0
169.0 191.0
169.0 193.0
169.0 194.0
170.0 101.0
170.0 109.0
170.0 112.0
170.0 113.0
170.0 114.0
170.0 119.0
170.0 120.0
170.0 122.0
170.0 124.0
170.0 128.0
170.0 135.0
170.0 137.0
170.0 138.0
170.0 140.0
170.0 150.0
170.0 152.0
170.0 154.0
170.0 165.0
170.0 167.0
170.0 171.0
170.0 172.0
170.0 175.0
170.0 176.0
170.0 178.0
170.0 180.0
170.0 187.0
170.0 195.0
170.0 196.0
170.0 197.0
170.0 198.0
170.0 200.0
171.0 101.0
171.0 109.0
171.0 112.0
171.0 113.0
171.0 114.0
171.0 119.0
171.0 121.0
171.0 122.0
171.0 124.0
171.0 128.0
171.0 135.0
171.0 137.0
171.0 138.0
171.0 140.0
171.0 150.0
171.0 152.0
171.0 157.0
171.0 165.0
171.0 167.0
171.0 170.0
171.0 172.0
171.0 176.0
171.0 178.0
171.0 180.0
171.0 187.0
171.0 193.0
171.0 195.0
171.0 196.0
171.0 197.0
171.0 198.0
171.0 200.0
172.0 101.0
172.0 109.0
172.0 113.0
172.0 114.0
172.0 115.0
172.0 119.0
172.0 121.0
172.0 124.0
172.0 128.0
172.0 133.0
172.0 135.0
172.0 138.0
172.0 140.0
172.0 150.0
172.0 152.0
172.0 154.0
172.0 165.0
172.0 167.0
172.0 170.0
172.0 171.0
172.0 176.0
172.0 178.0
172.0 180.0
172.0 186.0
172.0 187.0
172.0 193.0
172.0 195.0
172.0 196.0
172.0 197.0
172.0 198.0
172.0 200.0
173.0 102.0
173.0 105.0
173.0 111.0
173.0 116.0
173.0 117.0
173.0 118.0
173.0 125.0
173.0 126.0
173.0 127.0
173.0 129.0
173.0 130.0
173.0 131.0
173.0 132.0
173.0 136.0
173.0 138.0
173.0 142.0
173.0 145.0
173.0 156.0
173.0 158.0
173.0 160.0
173.0 162.0
173.0 164.0
173.0 166.0
173.0 169.0
173.0 175.0
173.0 182.0
173.0 184.0
173.0 185.0
173.0 188.0
173.0 191.0
173.0 194.0
174.0 103.0
174.0 104.0
174.0 106.0
174.0 108.0
174.0 110.0
174.0 120.0
174.0 123.0
174.0 133.0
174.0 139.0
174.0 141.0
174.0 143.0
174.0 144.0
174.0 146.0
174.0 147.0
174.0 148.0
174.0 149.0
174.0 151.0
174.0 153.0
174.0 155.0
174.0 157.0
174.0 159.0
174.0 161.0
174.0 163.0
174.0 168.0
174.0 177.0
174.0 183.0
174.0 186.0
174.0 189.0
174.0 190.0
174.0 192.0
174.0 199.0
175.0 102.0
175.0 105.0
175.0 111.0
175.0 116.0
175.0 117.0
175.0 118.0
175.0 125.0
175.0 126.0
175.0 127.0
175.0 129.0
175.0 130.0
175.0 131.0
175.0 132.0
175.0 134.0
175.0 142.0
175.0 145.0
175.0 156.0
175.0 158.0
175.0 160.0
175.0 162.0
175.0 164.0
175.0 166.0
175.0 169.0
175.0 170.0
175.0 173.0
175.0 182.0
175.0 184.0
175.0 185.0
175.0 188.0
175.0 191.0
175.0 194.0
176.0 109.0
176.0 112.0
176.0 113.0
176.0 114.0
176.0 115.0
176.0 119.0
176.0 121.0
176.0 122.0
176.0 124.0
176.0 128.0
176.0 133.0
176.0 135.0
176.0 137.0
176.0 140.0
176.0 150.0
176.0 152.0
176.0 153.0
176.0 154.0
176.0 165.0
176.0 167.0
176.0 170.0
176.0 171.0
176.0 172.0
176.0 178.0
176.0 180.0
176.0 187.0
176.0 193.0
176.0 195.0
176.0 196.0
176.0 197.0
176.0 198.0
176.0 200.0
177.0 103.0
177.0 104.0
177.0 107.0
177.0 108.0
177.0 110.0
177.0 123.0
177.0 139.0
177.0 141.0
177.0 143.0
177.0 144.0
177.0 146.0
177.0 147.0
177.0 148.0
177.0 149.0
177.0 151.0
177.0 153.0
177.0 155.0
177.0 157.0
177.0 159.0
177.0 160.0
177.0 161.0
177.0 163.0
177.0 168.0
177.0 174.0
177.0 179.0
177.0 181.0
177.0 183.0
177.0 186.0
177.0 189.0
177.0 190.0
177.0 192.0
177.0 199.0
178.0 101.0
178.0 109.0
178.0 112.0
178.0 113.0
178.0 114.0
178.0 115.0
178.0 119.0
178.0 121.0
178.0 124.0
178.0 128.0
178.0 133.0
178.0 134.0
178.0 135.0
178.0 137.0
178.0 140.0
178.0 150.0
178.0 152.0
178.0 154.0
178.0 167.0
178.0 170.0
178.0 171.0
178.0 172.0
178.0 176.0
178.0 179.0
178.0 180.0
178.0 187.0
178.0 193.0
178.0 195.0
178.0 196.0
178.0 197.0
178.0 198.0
178.0 200.0
179.0 104.0
179.0 107.0
179.0 108.0
179.0 110.0
179.0 120.0
179.0 123.0
179.0 139.0
179.0 141.0
179.0 143.0
179.0 144.0
179.0 146.0
179.0 147.0
179.0 148.0
179.0 149.0
179.0 151.0
179.0 153.0
179.0 155.0
179.0 157.0
179.0 159.0
179.0 161.0
179.0 163.0
179.0 168.0
179.0 177.0
179.0 178.0
179.0 181.0
179.0 183.0
179.0 186.0
179.0 189.0
179.0 190.0
179.0 192.0
179.0 196.0
179.0 199.0
180.0 101.0
180.0 109.0
180.0 112.0
180.0 113.0
180.0 114.0
180.0 115.0
180.0 117.0
180.0 119.0
180.0 121.0
180.0 122.0
180.0 128.0
180.0 133.0
180.0 135.0
180.0 137.0
180.0 138.0
180.0 140.0
180.0 152.0
180.0 154.0
180.0 165.0
180.0 167.0
180.0 170.0
180.0 171.0
180.0 172.0
180.0 176.0
180.0 178.0
180.0 187.0
180.0 193.0
180.0 195.0
180.0 196.0
180.0 197.0
180.0 198.0
180.0 200.0
181.0 102.0
181.0 103.0
181.0 107.0
181.0 108.0
181.0 110.0
181.0 120.0
181.0 123.0
181.0 139.0
181.0 141.0
181.0 143.0
181.0 144.0
181.0 146.0
181.0 147.0
181.0 148.0
181.0 149.0
181.0 151.0
181.0 153.0
181.0 155.0
181.0 157.0
181.0 159.0
181.0 161.0
181.0 163.0
181.0 168.0
181.0 177.0
181.0 179.0
181.0 183.0
181.0 186.0
181.0 188.0
181.0 189.0
181.0 190.0
181.0 192.0
181.0 199.0
182.0 102.0
182.0 105.0
182.0 106.0
182.0 111.0
182.0 116.0
182.0 117.0
182.0 125.0
182.0 126.0
182.0 127.0
182.0 129.0
182.0 130.0
182.0 131.0
182.0 132.0
182.0 134.0
182.0 136.0
182.0 142.0
182.0 145.0
182.0 156.0
182.0 160.0
182.0 162.0
182.0 164.0
182.0 166.0
182.0 169.0
182.0 173.0
182.0 175.0
182.0 184.0
182.0 185.0
182.0 188.0
182.0 191.0
182.0 193.0
182.0 194.0
182.0 195.0
183.0 103.0
183.0 104.0
183.0 107.0
183.0 108.0
183.0 110.0
183.0 120.0
183.0 123.0
183.0 129.0
183.0 139.0
183.0 141.0
183.0 143.0
183.0 144.0
183.0 146.0
183.0 147.0
183.0 148.0
183.0 149.0
183.0 151.0
183.0 153.0
183.0 155.0
183.0 157.0
183.0 159.0
183.0 161.0
183.0 163.0
183.0 168.0
183.0 174.0
183.0 177.0
183.0 179.0
183.0 181.0
183.0 186.0
183.0 189.0
183.0 190.0
183.0 192.0
183.0 199.0
184.0 102.0
184.0 105.0
184.0 106.0
184.0 111.0
184.0 116.0
184.0 117.0
184.0 118.0
184.0 125.0
184.0 126.0
184.0 127.0
184.0 129.0
184.0 130.0
184.0 131.0
184.0 132.0
184.0 134.0
184.0 135.0
184.0 136.0
184.0 139.0
184.0 142.0
184.0 145.0
184.0 156.0
184.0 158.0
184.0 160.0
184.0 162.0
184.0 164.0
184.0 166.0
184.0 169.0
184.0 173.0
184.0 175.0
184.0 182.0
184.0 185.0
184.0 191.0
184.0 194.0
185.0 102.0
185.0 105.0
185.0 106.0
185.0 111.0
185.0 116.0
185.0 117.0
185.0 118.0
185.0 125.0
185.0 126.0
185.0 127.0
185.0 129.0
185.0 130.0
185.0 131.0
185.0 132.0
185.0 134.0
185.0 136.0
185.0 142.0
185.0 145.0
185.0 151.0
185.0 156.0
185.0 158.0
185.0 160.0
185.0 162.0
185.0 164.0
185.0 166.0
185.0 169.0
185.0 173.0
185.0 175.0
185.0 182.0
185.0 184.0
185.0 188.0
185.0 191.0
185.0 194.0
186.0 104.0
186.0 107.0
186.0 108.0
186.0 110.0
186.0 120.0
186.0 123.0
186.0 134.0
186.0 139.0
186.0 141.0
186.0 143.0
186.0 144.0
186.0 146.0
186.0 147.0
186.0 148.0
186.0 149.0
186.0 151.0
186.0 153.0
186.0 155.0
186.0 157.0
186.0 159.0
186.0 161.0
186.0 163.0
186.0 168.0
186.0 172.0
186.0 174.0
186.0 177.0
186.0 179.0
186.0 181.0
186.0 183.0
186.0 189.0
186.0 190.0
186.0 192.0
186.0 199.0
187.0 101.0
187.0 112.0
187.0 113.0
187.0 114.0
187.0 115.0
187.0 119.0
187.0 121.0
187.0 122.0
187.0 124.0
187.0 127.0
187.0 128.0
187.0 133.0
187.0 135.0
187.0 137.0
187.0 140.0
187.0 150.0
187.0 152.0
187.0 154.0
187.0 155.0
187.0 165.0
187.0 167.0
187.0 170.0
187.0 171.0
187.0 172.0
187.0 176.0
187.0 178.0
187.0 180.0
187.0 193.0
187.0 195.0
187.0 196.0
187.0 197.0
187.0 198.0
187.0 200.0
188.0 102.0
188.0 105.0
188.0 106.0
188.0 111.0
188.0 116.0
188.0 117.0
188.0 118.0
188.0 125.0
188.0 126.0
188.0 127.0
188.0 129.0
188.0 130.0
188.0 131.0
188.0 132.0
188.0 134.0
188.0 136.0
188.0 142.0
188.0 145.0
188.0 156.0
188.0 158.0
188.0 160.0
188.0 162.0
188.0 164.0
188.0 165.0
188.0 166.0
188.0 169.0
188.0 173.0
188.0 175.0
188.0 181.0
188.0 182.0
188.0 185.0
188.0 191.0
188.0 194.0
189.0 103.0
189.0 104.0
189.0 107.0
189.0 108.0
189.0 110.0
189.0 120.0
189.0 123.0
189.0 137.0
189.0 139.0
189.0 141.0
189.0 143.0
189.0 144.0
189.0 146.0
189.0 147.0
189.0 148.0
189.0 149.0
189.0 151.0
189.0 153.0
189.0 155.0
189.0 157.0
189.0 159.0
189.0 161.0
189.0 163.0
189.0 168.0
189.0 174.0
189.0 177.0
189.0 179.0
189.0 181.0
189.0 183.0
189.0 186.0
189.0 190.0
189.0 192.0
189.0 199.0
190.0 103.0
190.0 104.0
190.0 107.0
190.0 110.0
190.0 115.0
190.0 119.0
190.0 120.0
190.0 123.0
190.0 139.0
190.0 141.0
190.0 143.0
190.0 144.0
190.0 146.0
190.0 147.0
190.0 148.0
190.0 149.0
190.0 151.0
190.0 153.0
190.0 155.0
190.0 157.0
190.0 159.0
190.0 161.0
190.0 163.0
190.0 168.0
190.0 174.0
190.0 177.0
190.0 179.0
190.0 181.0
190.0 183.0
190.0 186.0
190.0 189.0
190.0 192.0
190.0 199.0
191.0 102.0
191.0 105.0
191.0 106.0
191.0 111.0
191.0 116.0
191.0 117.0
191.0 118.0
191.0 125.0
191.0 126.0
191.0 127.0
191.0 129.0
191.0 130.0
191.0 131.0
191.0 132.0
191.0 134.0
191.0 136.0
191.0 140.0
191.0 142.0
191.0 145.0
191.0 156.0
191.0 158.0
191.0 160.0
191.0 162.0
191.0 164.0
191.0 166.0
191.0 169.0
191.0 173.0
191.0 175.0
191.0 182.0
191.0 184.0
191.0 185.0
191.0 188.0
191.0 194.0
192.0 103.0
192.0 104.0
192.0 107.0
192.0 108.0
192.0 109.0
192.0 110.0
192.0 120.0
192.0 123.0
192.0 139.0
192.0 141.0
192.0 143.0
192.0 144.0
192.0 146.0
192.0 147.0
192.0 148.0
192.0 149.0
192.0 151.0
192.0 155.0
192.0 157.0
192.0 159.0
192.0 161.0
192.0 163.0
192.0 168.0
192.0 174.0
192.0 177.0
192.0 179.0
192.0 181.0
192.0 183.0
192.0 186.0
192.0 189.0
192.0 190.0
192.0 194.0
192.0 199.0
193.0 101.0
193.0 109.0
193.0 112.0
193.0 113.0
193.0 114.0
193.0 115.0
193.0 119.0
193.0 121.0
193.0 122.0
193.0 124.0
193.0 128.0
193.0 133.0
193.0 135.0
193.0 137.0
193.0 138.0
193.0 140.0
193.0 152.0
193.0 154.0
193.0 165.0
193.0 167.0
193.0 169.0
193.0 171.0
193.0 172.0
193.0 176.0
193.0 178.0
193.0 180.0
193.0 182.0
193.0 187.0
193.0 195.0
193.0 196.0
193.0 197.0
193.0 198.0
193.0 200.0
194.0 102.0
194.0 105.0
194.0 106.0
194.0 111.0
194.0 116.0
194.0 117.0
194.0 125.0
194.0 126.0
194.0 127.0
194.0 129.0
194.0 130.0
194.0 131.0
194.0 132.0
194.0 134.0
194.0 136.0
194.0 142.0
194.0 145.0
194.0 156.0
194.0 158.0
194.0 160.0
194.0 162.0
194.0 164.0
194.0 166.0
194.0 169.0
194.0 173.0
194.0 175.0
194.0 182.0
194.0 184.0
194.0 185.0
194.0 188.0
194.0 191.0
194.0 192.0
194.0 198.0
195.0 101.0
195.0 109.0
195.0 112.0
195.0 113.0
195.0 114.0
195.0 115.0
195.0 119.0
195.0 121.0
195.0 122.0
195.0 124.0
195.0 128.0
195.0 133.0
195.0 135.0
195.0 137.0
195.0 138.0
195.0 140.0
195.0 150.0
195.0 152.0
195.0 154.0
195.0 165.0
195.0 167.0
195.0 170.0
195.0 171.0
195.0 172.0
195.0 176.0
195.0 178.0
195.0 180.0
195.0 182.0
195.0 187.0
195.0 193.0
195.0 196.0
195.0 197.0
195.0 198.0
195.0 200.0
196.0 101.0
196.0 105.0
196.0 109.0
196.0 112.0
196.0 113.0
196.0 114.0
196.0 119.0
196.0 121.0
196.0 122.0
196.0 124.0
196.0 128.0
196.0 133.0
196.0 135.0
196.0 137.0
196.0 138.0
196.0 140.0
196.0 150.0
196.0 152.0
196.0 154.0
196.0 165.0
196.0 167.0
196.0 170.0
196.0 171.0
196.0 172.0
196.0 176.0
196.0 178.0
196.0 179.0
196.0 180.0
196.0 187.0
196.0 193.0
196.0 195.0
196.0 197.0
196.0 198.0
196.0 200.0
197.0 101.0
197.0 109.0
197.0 112.0
197.0 113.0
197.0 114.0
197.0 115.0
197.0 119.0
197.0 121.0
197.0 122.0
197.0 123.0
197.0 124.0
197.0 128.0
197.0 133.0
197.0 135.0
197.0 137.0
197.0 138.0
197.0 140.0
197.0 150.0
197.0 152.0
197.0 154.0
197.0 165.0
197.0 167.0
197.0 170.0
197.0 171.0
197.0 172.0
197.0 176.0
197.0 178.0
197.0 180.0
197.0 187.0
197.0 193.0
197.0 195.0
197.0 196.0
197.0 198.0
197.0 200.0
198.0 101.0
198.0 109.0
198.0 112.0
198.0 113.0
198.0 114.0
198.0 115.0
198.0 119.0
198.0 121.0
198.0 122.0
198.0 124.0
198.0 128.0
198.0 133.0
198.0 135.0
198.0 137.0
198.0 138.0
198.0 140.0
198.0 150.0
198.0 152.0
198.0 154.0
198.0 165.0
198.0 167.0
198.0 170.0
198.0 171.0
198.0 172.0
198.0 176.0
198.0 178.0
198.0 180.0
198.0 187.0
198.0 193.0
198.0 194.0
198.0 195.0
198.0 196.0
198.0 197.0
198.0 200.0
199.0 103.0
199.0 104.0
199.0 107.0
199.0 108.0
199.0 110.0
199.0 120.0
199.0 123.0
199.0 128.0
199.0 139.0
199.0 141.0
199.0 143.0
199.0 144.0
199.0 146.0
199.0 147.0
199.0 148.0
199.0 149.0
199.0 151.0
199.0 153.0
199.0 155.0
199.0 157.0
199.0 159.0
199.0 161.0
199.0 163.0
199.0 168.0
199.0 174.0
199.0 177.0
199.0 179.0
199.0 181.0
199.0 183.0
199.0 186.0
199.0 189.0
199.0 190.0
199.0 192.0
199.0 200.0
200.0 101.0
200.0 109.0
200.0 112.0
200.0 113.0
200.0 114.0
200.0 115.0
200.0 119.0
200.0 121.0
200.0 122.0
200.0 124.0
200.0 128.0
200.0 133.0
200.0 135.0
200.0 137.0
200.0 138.0
200.0 140.0
200.0 150.0
200.0 152.0
200.0 154.0
200.0 165.0
200.0 167.0
200.0 170.0
200.0 171.0
200.0 172.0
200.0 176.0
200.0 178.0
200.0 180.0
200.0 187.0
200.0 193.0
200.0 195.0
200.0 196.0
200.0 197.0
200.0 198.0
200.0 199.0
1
1 2
43
95 173.0
1 102.0
14 130.0
33 126.0
15 125.0
24 166.0
28 164.0
19 182.0
37 145.0
21 175.0
73 177.0
66 141.0
94 189.0
27 107.0
85 181.0
31 159.0
82 183.0
32 146.0
2 192.0
5 168.0
74 165.0
81 137.0
39 122.0
41 187.0
49 121.0
61 115.0
4 193.0
89 195.0
46 200.0
47 196.0
82 121.0
94 115.0
89 175.0
33 187.0
15 177.0
19 195.0
37 200.0
21 168.0
82 182.0
94 195.0
4 141.0
2 164.0
21 141.0
3
1 9 12 13 14 15 19 21 22 24 28 33 35 37 38 40 50 52 54 65 67 70 71 72 76 78 80 87 93 95 96 97 98 100 102.0 105.0 106.0 111.0 116.0 117.0 118.0 125.0 126.0 127.0 129.0 130.0 131.0 132.0 134.0 136.0 142.0 145.0 156.0 158.0 160.0 162.0 164.0 166.0 169.0 173.0 175.0 182.0 184.0 185.0 188.0 191.0 194.0 
2 5 6 11 16 17 18 25 26 27 29 30 31 32 34 36 42 45 56 58 60 62 64 66 69 73 75 82 84 85 88 91 94 103.0 104.0 107.0 108.0 110.0 120.0 123.0 139.0 141.0 143.0 144.0 146.0 147.0 148.0 149.0 151.0 153.0 155.0 157.0 159.0 161.0 163.0 168.0 174.0 177.0 179.0 181.0 183.0 186.0 189.0 190.0 192.0 199.0 
3 4 7 8 10 20 23 39 41 43 44 46 47 48 49 51 53 55 57 59 61 63 68 74 77 79 81 83 86 89 90 92 99 101.0 109.0 112.0 113.0 114.0 115.0 119.0 121.0 122.0 124.0 128.0 133.0 135.0 137.0 138.0 140.0 150.0 152.0 154.0 165.0 167.0 170.0 171.0 172.0 176.0 178.0 180.0 187.0 193.0 195.0 196.0 197.0 198.0 200.0 
