2
1 2 3 4 5 6 7 8 9 10 11 12 13 14 15 16 17 18 19 20 21 22 23 24 25 26 27 28 29 30 31 32 33 34 35 36 37 38 39 40 41 42 43 44 45 46 47 48 49 50 51 52 53 54 55 56 57 58 59 60 61 62 63 64 65 66 67 68 69 70 71 72 73 74 75 76 77 78 79 80 81 82 83 84 85 86 87 88 89 90 91 92 93 94 95 96 97 98 99 100
876
1 11
1 19
1 20
1 28
1 32
1 35
2 4
2 25
2 43
2 45
2 49
2 64
3 9
3 17
3 21
3 31
3 34
3 52
4 2
4 14
4 43
4 45
4 49
4 64
5 88
5 91
5 92
5 95
5 99
5 100
6 59
6 83
6 89
6 90
6 93
6 98
7 47
7 55
7 71
7 81
7 87
7 95
8 32
8 54
8 72
8 76
8 78
8 84
9 3
9 13
9 21
9 31
9 34
9 52
10 37
10 60
10 67
10 79
10 81
10 87
11 1
11 20
11 22
11 28
11 32
11 35
12 55
12 67
12 71
12 79
12 81
12 87
13 9
13 17
13 21
13 31
13 34
13 52
14 4
14 25
14 43
14 45
14 49
14 64
15 60
15 65
15 71
15 79
15 81
15 87
16 38
16 39
16 40
16 46
16 48
16 53
17 3
17 13
17 31
17 34
17 52
17 77
18 50
18 56
18 57
18 58
18 63
18 65
19 1
19 20
19 22
19 28
19 32
19 35
20 1
20 11
20 19
20 22
20 28
20 35
21 3
21 9
21 13
21 31
21 34
21 52
22 11
22 19
22 20
22 28
22 32
22 35
23 25
23 43
23 45
23 49
23 64
23 76
24 42
24 68
24 83
24 93
24 94
24 97
24 98
25 2
25 14
25 23
25 43
25 45
25 49
25 64
26 44
26 50
26 51
26 56
26 58
26 63
26 65
27 39
27 82
27 86
27 91
27 95
27 96
27 100
28 1
28 11
28 19
28 20
28 22
28 32
28 35
29 54
29 62
29 69
29 74
29 76
29 78
29 84
30 77
30 85
30 88
30 92
30 95
30 99
30 100
31 3
31 9
31 13
31 17
31 21
31 34
31 52
32 1
32 8
32 11
32 19
32 22
32 28
32 35
33 37
33 38
33 39
33 46
33 48
33 53
33 96
34 3
34 9
34 13
34 17
34 21
34 31
34 52
35 1
35 11
35 19
35 20
35 22
35 28
35 32
36 61
36 62
36 69
36 72
36 74
36 78
36 84
37 10
37 33
37 38
37 40
37 46
37 48
37 53
38 16
38 33
38 37
38 40
38 46
38 48
38 53
39 16
39 27
39 33
39 40
39 46
39 48
39 53
40 16
40 37
40 38
40 39
40 46
40 48
40 53
41 70
41 89
41 90
41 93
41 94
41 97
41 98
42 24
42 66
42 82
42 85
42 88
42 91
42 92
42 99
43 2
43 4
43 14
43 23
43 25
43 45
43 49
43 64
44 26
44 50
44 51
44 56
44 57
44 58
44 63
44 65
45 2
45 4
45 14
45 23
45 25
45 43
45 49
45 64
46 16
46 33
46 37
46 38
46 39
46 40
46 48
46 53
47 7
47 55
47 60
47 67
47 71
47 79
47 81
47 87
48 16
48 33
48 37
48 38
48 39
48 40
48 46
48 53
49 2
49 4
49 14
49 23
49 25
49 43
49 45
49 64
50 18
50 26
50 44
50 51
50 56
50 57
50 58
50 63
51 26
51 44
51 50
51 56
51 57
51 58
51 63
51 65
52 3
52 9
52 13
52 17
52 21
52 31
52 34
52 64
53 16
53 33
53 37
53 38
53 39
53 40
53 46
53 48
54 8
54 29
54 62
54 69
54 72
54 74
54 76
54 78
54 84
55 7
55 12
55 47
55 60
55 67
55 71
55 79
55 81
55 87
56 18
56 26
56 44
56 50
56 51
56 57
56 58
56 63
56 65
57 18
57 44
57 50
57 51
57 56
57 58
57 63
57 65
57 84
58 18
58 26
58 44
58 50
58 51
58 56
58 57
58 63
58 65
59 6
59 68
59 75
59 80
59 83
59 89
59 90
59 94
59 97
60 10
60 15
60 47
60 55
60 67
60 71
60 79
60 81
60 87
61 36
61 62
61 69
61 72
61 73
61 74
61 76
61 78
61 84
62 29
62 36
62 54
62 61
62 69
62 72
62 76
62 78
62 84
63 18
63 26
63 44
63 50
63 51
63 56
63 57
63 58
63 65
64 2
64 4
64 14
64 23
64 25
64 43
64 45
64 49
64 52
65 15
65 18
65 26
65 44
65 51
65 56
65 57
65 58
65 63
66 42
66 82
66 85
66 88
66 91
66 92
66 95
66 96
66 99
67 10
67 12
67 47
67 55
67 60
67 71
67 75
67 79
67 81
67 87
68 24
68 59
68 75
68 88
68 89
68 90
68 93
68 94
68 97
68 98
69 29
69 36
69 54
69 61
69 62
69 72
69 74
69 76
69 78
69 84
70 41
70 75
70 80
70 83
70 89
70 90
70 93
70 94
70 97
70 98
71 7
71 12
71 15
71 47
71 55
71 60
71 67
71 79
71 81
71 87
72 8
72 36
72 54
72 61
72 62
72 69
72 74
72 76
72 78
72 84
73 61
73 77
73 85
73 86
73 91
73 92
73 95
73 96
73 99
73 100
74 29
74 36
74 54
74 61
74 69
74 72
74 76
74 78
74 84
74 87
75 59
75 67
75 68
75 70
75 80
75 89
75 90
75 93
75 94
75 98
76 8
76 23
76 29
76 54
76 61
76 62
76 69
76 72
76 74
76 78
76 84
77 17
77 30
77 73
77 82
77 86
77 88
77 92
77 95
77 96
77 99
77 100
78 8
78 29
78 36
78 54
78 61
78 62
78 69
78 72
78 74
78 76
78 84
79 10
79 12
79 15
79 47
79 55
79 60
79 67
79 71
79 81
79 87
79 98
80 59
80 70
80 75
80 83
80 89
80 90
80 93
80 94
80 97
80 98
80 100
81 7
81 10
81 12
81 15
81 47
81 55
81 60
81 67
81 71
81 79
81 87
82 27
82 42
82 66
82 77
82 85
82 86
82 88
82 92
82 96
82 99
82 100
83 6
83 24
83 59
83 70
83 80
83 89
83 90
83 93
83 94
83 97
83 98
83 99
84 8
84 29
84 36
84 54
84 57
84 61
84 62
84 69
84 72
84 74
84 76
84 78
85 30
85 42
85 66
85 73
85 82
85 86
85 88
85 91
85 95
85 96
85 99
85 100
86 27
86 73
86 77
86 82
86 85
86 88
86 91
86 92
86 95
86 96
86 97
86 100
87 7
87 10
87 12
87 15
87 47
87 55
87 60
87 67
87 71
87 74
87 79
87 81
88 5
88 30
88 42
88 66
88 68
88 77
88 82
88 85
88 86
88 91
88 92
88 96
88 99
89 6
89 41
89 59
89 68
89 70
89 75
89 80
89 83
89 90
89 93
89 94
89 97
89 98
90 6
90 41
90 59
90 68
90 70
90 75
90 80
90 83
90 89
90 93
90 94
90 97
90 98
91 5
91 27
91 42
91 66
91 73
91 85
91 86
91 88
91 92
91 95
91 96
91 99
91 100
92 5
92 30
92 42
92 66
92 73
92 77
92 82
92 86
92 88
92 91
92 95
92 99
92 100
93 6
93 24
93 41
93 68
93 70
93 75
93 80
93 83
93 89
93 90
93 94
93 97
93 98
94 24
94 41
94 59
94 68
94 70
94 75
94 80
94 83
94 89
94 90
94 93
94 97
94 98
95 5
95 7
95 27
95 30
95 66
95 73
95 77
95 85
95 86
95 91
95 92
95 96
95 100
96 27
96 33
96 66
96 73
96 77
96 82
96 85
96 86
96 88
96 91
96 95
96 99
96 100
97 24
97 41
97 59
97 68
97 70
97 80
97 83
97 86
97 89
97 90
97 93
97 94
97 98
98 6
98 24
98 41
98 68
98 70
98 75
98 79
98 80
98 83
98 89
98 90
98 93
98 94
98 97
99 5
99 30
99 42
99 66
99 73
99 77
99 82
99 83
99 85
99 88
99 91
99 92
99 96
99 100
100 5
100 27
100 30
100 73
100 77
100 80
100 82
100 85
100 86
100 91
100 92
100 95
100 96
100 99
101.0 102.0 103.0 104.0 105.0 106.0 107.0 108.0 109.0 110.0 111.0 112.0 113.0 114.0 115.0 116.0 117.0 118.0 119.0 120.0 121.0 122.0 123.0 124.0 125.0 126.0 127.0 128.0 129.0 130.0 131.0 132.0 133.0 134.0 135.0 136.0 137.0 138.0 139.0 140.0 141.0 142.0 143.0 144.0 145.0 146.0 147.0 148.0 149.0 150.0 151.0 152.0 153.0 154.0 155.0 156.0 157.0 158.0 159.0 160.0 161.0 162.0 163.0 164.0 165.0 166.0 167.0 168.0 169.0 170.0 171.0 172.0 173.0 174.0 175.0 176.0 177.0 178.0 179.0 180.0 181.0 182.0 183.0 184.0 185.0 186.0 187.0 188.0 189.0 190.0 191.0 192.0 193.0 194.0 195.0 196.0 197.0 198.0 199.0 200.0
876
101.0 111.0
101.0 119.0
101.0 120.0
101.0 128.0
101.0 132.0
101.0 135.0
102.0 104.0
102.0 125.0
102.0 143.0
102.0 145.0
102.0 149.0
102.0 164.0
103.0 109.0
103.0 117.0
103.0 121.0
103.0 131.0
103.0 134.0
103.0 152.0
104.0 102.0
104.0 114.0
104.0 143.0
104.0 145.0
104.0 149.0
104.0 164.0
105.0 188.0
105.0 191.0
105.0 192.0
105.0 195.0
105.0 199.0
105.0 200.0
106.0 159.0
106.0 183.0
106.0 189.0
106.0 190.0
106.0 193.0
106.0 198.0
107.0 147.0
107.0 155.0
107.0 171.0
107.0 181.0
107.0 187.0
107.0 195.0
108.0 132.0
108.0 154.0
108.0 172.0
108.0 176.0
108.0 178.0
108.0 184.0
109.0 103.0
109.0 113.0
109.0 121.0
109.0 131.0
109.0 134.0
109.0 152.0
110.0 137.0
110.0 160.0
110.0 167.0
110.0 179.0
110.0 181.0
110.0 187.0
111.0 101.0
111.0 120.0
111.0 122.0
111.0 128.0
111.0 132.0
111.0 135.0
112.0 155.0
112.0 167.0
112.0 171.0
112.0 179.0
112.0 181.0
112.0 187.0
113.0 109.0
113.0 117.0
113.0 121.0
113.0 131.0
113.0 134.0
113.0 152.0
114.0 104.0
114.0 125.0
114.0 143.0
114.0 145.0
114.0 149.0
114.0 164.0
115.0 160.0
115.0 165.0
115.0 171.0
115.0 179.0
115.0 181.0
115.0 187.0
116.0 138.0
116.0 139.0
116.0 140.0
116.0 146.0
116.0 148.0
116.0 153.0
117.0 103.0
117.0 113.0
117.0 131.0
117.0 134.0
117.0 152.0
117.0 177.0
118.0 150.0
118.0 156.0
118.0 157.0
118.0 158.0
118.0 163.0
118.0 165.0
119.0 101.0
119.0 120.0
119.0 122.0
119.0 128.0
119.0 132.0
119.0 135.0
120.0 101.0
120.0 111.0
120.0 119.0
120.0 122.0
120.0 128.0
120.0 135.0
121.0 103.0
121.0 109.0
121.0 113.0
121.0 131.0
121.0 134.0
121.0 152.0
122.0 111.0
122.0 119.0
122.0 120.0
122.0 128.0
122.0 132.0
122.0 135.0
123.0 125.0
123.0 143.0
123.0 145.0
123.0 149.0
123.0 164.0
123.0 176.0
124.0 142.0
124.0 168.0
124.0 183.0
124.0 193.0
124.0 194.0
124.0 197.0
124.0 198.0
125.0 102.0
125.0 114.0
125.0 123.0
125.0 143.0
125.0 145.0
125.0 149.0
125.0 164.0
126.0 144.0
126.0 150.0
126.0 151.0
126.0 156.0
126.0 158.0
126.0 163.0
126.0 165.0
127.0 139.0
127.0 182.0
127.0 186.0
127.0 191.0
127.0 195.0
127.0 196.0
127.0 200.0
128.0 101.0
128.0 111.0
128.0 119.0
128.0 120.0
128.0 122.0
128.0 132.0
128.0 135.0
129.0 154.0
129.0 162.0
129.0 169.0
129.0 174.0
129.0 176.0
129.0 178.0
129.0 184.0
130.0 177.0
130.0 185.0
130.0 188.0
130.0 192.0
130.0 195.0
130.0 199.0
130.0 200.0
131.0 103.0
131.0 109.0
131.0 113.0
131.0 117.0
131.0 121.0
131.0 134.0
131.0 152.0
132.0 101.0
132.0 108.0
132.0 111.0
132.0 119.0
132.0 122.0
132.0 128.0
132.0 135.0
133.0 137.0
133.0 138.0
133.0 139.0
133.0 146.0
133.0 148.0
133.0 153.0
133.0 196.0
134.0 103.0
134.0 109.0
134.0 113.0
134.0 117.0
134.0 121.0
134.0 131.0
134.0 152.0
135.0 101.0
135.0 111.0
135.0 119.0
135.0 120.0
135.0 122.0
135.0 128.0
135.0 132.0
136.0 161.0
136.0 162.0
136.0 169.0
136.0 172.0
136.0 174.0
136.0 178.0
136.0 184.0
137.0 110.0
137.0 133.0
137.0 138.0
137.0 140.0
137.0 146.0
137.0 148.0
137.0 153.0
138.0 116.0
138.0 133.0
138.0 137.0
138.0 140.0
138.0 146.0
138.0 148.0
138.0 153.0
139.0 116.0
139.0 127.0
139.0 133.0
139.0 140.0
139.0 146.0
139.0 148.0
139.0 153.0
140.0 116.0
140.0 137.0
140.0 138.0
140.0 139.0
140.0 146.0
140.0 148.0
140.0 153.0
141.0 170.0
141.0 189.0
141.0 190.0
141.0 193.0
141.0 194.0
141.0 197.0
141.0 198.0
142.0 124.0
142.0 166.0
142.0 182.0
142.0 185.0
142.0 188.0
142.0 191.0
142.0 192.0
142.0 199.0
143.0 102.0
143.0 104.0
143.0 114.0
143.0 123.0
143.0 125.0
143.0 145.0
143.0 149.0
143.0 164.0
144.0 126.0
144.0 150.0
144.0 151.0
144.0 156.0
144.0 157.0
144.0 158.0
144.0 163.0
144.0 165.0
145.0 102.0
145.0 104.0
145.0 114.0
145.0 123.0
145.0 125.0
145.0 143.0
145.0 149.0
145.0 164.0
146.0 116.0
146.0 133.0
146.0 137.0
146.0 138.0
146.0 139.0
146.0 140.0
146.0 148.0
146.0 153.0
147.0 107.0
147.0 155.0
147.0 160.0
147.0 167.0
147.0 171.0
147.0 179.0
147.0 181.0
147.0 187.0
148.0 116.0
148.0 133.0
148.0 137.0
148.0 138.0
148.0 139.0
148.0 140.0
148.0 146.0
148.0 153.0
149.0 102.0
149.0 104.0
149.0 114.0
149.0 123.0
149.0 125.0
149.0 143.0
149.0 145.0
149.0 164.0
150.0 118.0
150.0 126.0
150.0 144.0
150.0 151.0
150.0 156.0
150.0 157.0
150.0 158.0
150.0 163.0
151.0 126.0
151.0 144.0
151.0 150.0
151.0 156.0
151.0 157.0
151.0 158.0
151.0 163.0
151.0 165.0
152.0 103.0
152.0 109.0
152.0 113.0
152.0 117.0
152.0 121.0
152.0 131.0
152.0 134.0
152.0 164.0
153.0 116.0
153.0 133.0
153.0 137.0
153.0 138.0
153.0 139.0
153.0 140.0
153.0 146.0
153.0 148.0
154.0 108.0
154.0 129.0
154.0 162.0
154.0 169.0
154.0 172.0
154.0 174.0
154.0 176.0
154.0 178.0
154.0 184.0
155.0 107.0
155.0 112.0
155.0 147.0
155.0 160.0
155.0 167.0
155.0 171.0
155.0 179.0
155.0 181.0
155.0 187.0
156.0 118.0
156.0 126.0
156.0 144.0
156.0 150.0
156.0 151.0
156.0 157.0
156.0 158.0
156.0 163.0
156.0 165.0
157.0 118.0
157.0 144.0
157.0 150.0
157.0 151.0
157.0 156.0
157.0 158.0
157.0 163.0
157.0 165.0
157.0 184.0
158.0 118.0
158.0 126.0
158.0 144.0
158.0 150.0
158.0 151.0
158.0 156.0
158.0 157.0
158.0 163.0
158.0 165.0
159.0 106.0
159.0 168.0
159.0 175.0
159.0 180.0
159.0 183.0
159.0 189.0
159.0 190.0
159.0 194.0
159.0 197.0
160.0 110.0
160.0 115.0
160.0 147.0
160.0 155.0
160.0 167.0
160.0 171.0
160.0 179.0
160.0 181.0
160.0 187.0
161.0 136.0
161.0 162.0
161.0 169.0
161.0 172.0
161.0 173.0
161.0 174.0
161.0 176.0
161.0 178.0
161.0 184.0
162.0 129.0
162.0 136.0
162.0 154.0
162.0 161.0
162.0 169.0
162.0 172.0
162.0 176.0
162.0 178.0
162.0 184.0
163.0 118.0
163.0 126.0
163.0 144.0
163.0 150.0
163.0 151.0
163.0 156.0
163.0 157.0
163.0 158.0
163.0 165.0
164.0 102.0
164.0 104.0
164.0 114.0
164.0 123.0
164.0 125.0
164.0 143.0
164.0 145.0
164.0 149.0
164.0 152.0
165.0 115.0
165.0 118.0
165.0 126.0
165.0 144.0
165.0 151.0
165.0 156.0
165.0 157.0
165.0 158.0
165.0 163.0
166.0 142.0
166.0 182.0
166.0 185.0
166.0 188.0
166.0 191.0
166.0 192.0
166.0 195.0
166.0 196.0
166.0 199.0
167.0 110.0
167.0 112.0
167.0 147.0
167.0 155.0
167.0 160.0
167.0 171.0
167.0 175.0
167.0 179.0
167.0 181.0
167.0 187.0
168.0 124.0
168.0 159.0
168.0 175.0
168.0 188.0
168.0 189.0
168.0 190.0
168.0 193.0
168.0 194.0
168.0 197.0
168.0 198.0
169.0 129.0
169.0 136.0
169.0 154.0
169.0 161.0
169.0 162.0
169.0 172.0
169.0 174.0
169.0 176.0
169.0 178.0
169.0 184.0
170.0 141.0
170.0 175.0
170.0 180.0
170.0 183.0
170.0 189.0
170.0 190.0
170.0 193.0
170.0 194.0
170.0 197.0
170.0 198.0
171.0 107.0
171.0 112.0
171.0 115.0
171.0 147.0
171.0 155.0
171.0 160.0
171.0 167.0
171.0 179.0
171.0 181.0
171.0 187.0
172.0 108.0
172.0 136.0
172.0 154.0
172.0 161.0
172.0 162.0
172.0 169.0
172.0 174.0
172.0 176.0
172.0 178.0
172.0 184.0
173.0 161.0
173.0 177.0
173.0 185.0
173.0 186.0
173.0 191.0
173.0 192.0
173.0 195.0
173.0 196.0
173.0 199.0
173.0 200.0
174.0 129.0
174.0 136.0
174.0 154.0
174.0 161.0
174.0 169.0
174.0 172.0
174.0 176.0
174.0 178.0
174.0 184.0
174.0 187.0
175.0 159.0
175.0 167.0
175.0 168.0
175.0 170.0
175.0 180.0
175.0 189.0
175.0 190.0
175.0 193.0
175.0 194.0
175.0 198.0
176.0 108.0
176.0 123.0
176.0 129.0
176.0 154.0
176.0 161.0
176.0 162.0
176.0 169.0
176.0 172.0
176.0 174.0
176.0 178.0
176.0 184.0
177.0 117.0
177.0 130.0
177.0 173.0
177.0 182.0
177.0 186.0
177.0 188.0
177.0 192.0
177.0 195.0
177.0 196.0
177.0 199.0
177.0 200.0
178.0 108.0
178.0 129.0
178.0 136.0
178.0 154.0
178.0 161.0
178.0 162.0
178.0 169.0
178.0 172.0
178.0 174.0
178.0 176.0
178.0 184.0
179.0 110.0
179.0 112.0
179.0 115.0
179.0 147.0
179.0 155.0
179.0 160.0
179.0 167.0
179.0 171.0
179.0 181.0
179.0 187.0
179.0 198.0
180.0 159.0
180.0 170.0
180.0 175.0
180.0 183.0
180.0 189.0
180.0 190.0
180.0 193.0
180.0 194.0
180.0 197.0
180.0 198.0
180.0 200.0
181.0 107.0
181.0 110.0
181.0 112.0
181.0 115.0
181.0 147.0
181.0 155.0
181.0 160.0
181.0 167.0
181.0 171.0
181.0 179.0
181.0 187.0
182.0 127.0
182.0 142.0
182.0 166.0
182.0 177.0
182.0 185.0
182.0 186.0
182.0 188.0
182.0 192.0
182.0 196.0
182.0 199.0
182.0 200.0
183.0 106.0
183.0 124.0
183.0 159.0
183.0 170.0
183.0 180.0
183.0 189.0
183.0 190.0
183.0 193.0
183.0 194.0
183.0 197.0
183.0 198.0
183.0 199.0
184.0 108.0
184.0 129.0
184.0 136.0
184.0 154.0
184.0 157.0
184.0 161.0
184.0 162.0
184.0 169.0
184.0 172.0
184.0 174.0
184.0 176.0
184.0 178.0
185.0 130.0
185.0 142.0
185.0 166.0
185.0 173.0
185.0 182.0
185.0 186.0
185.0 188.0
185.0 191.0
185.0 195.0
185.0 196.0
185.0 199.0
185.0 200.0
186.0 127.0
186.0 173.0
186.0 177.0
186.0 182.0
186.0 185.0
186.0 188.0
186.0 191.0
186.0 192.0
186.0 195.0
186.0 196.0
186.0 197.0
186.0 200.0
187.0 107.0
187.0 110.0
187.0 112.0
187.0 115.0
187.0 147.0
187.0 155.0
187.0 160.0
187.0 167.0
187.0 171.0
187.0 174.0
187.0 179.0
187.0 181.0
188.0 105.0
188.0 130.0
188.0 142.0
188.0 166.0
188.0 168.0
188.0 177.0
188.0 182.0
188.0 185.0
188.0 186.0
188.0 191.0
188.0 192.0
188.0 196.0
188.0 199.0
189.0 106.0
189.0 141.0
189.0 159.0
189.0 168.0
189.0 170.0
189.0 175.0
189.0 180.0
189.0 183.0
189.0 190.0
189.0 193.0
189.0 194.0
189.0 197.0
189.0 198.0
190.0 106.0
190.0 141.0
190.0 159.0
190.0 168.0
190.0 170.0
190.0 175.0
190.0 180.0
190.0 183.0
190.0 189.0
190.0 193.0
190.0 194.0
190.0 197.0
190.0 198.0
191.0 105.0
191.0 127.0
191.0 142.0
191.0 166.0
191.0 173.0
191.0 185.0
191.0 186.0
191.0 188.0
191.0 192.0
191.0 195.0
191.0 196.0
191.0 199.0
191.0 200.0
192.0 105.0
192.0 130.0
192.0 142.0
192.0 166.0
192.0 173.0
192.0 177.0
192.0 182.0
192.0 186.0
192.0 188.0
192.0 191.0
192.0 195.0
192.0 199.0
192.0 200.0
193.0 106.0
193.0 124.0
193.0 141.0
193.0 168.0
193.0 170.0
193.0 175.0
193.0 180.0
193.0 183.0
193.0 189.0
193.0 190.0
193.0 194.0
193.0 197.0
193.0 198.0
194.0 124.0
194.0 141.0
194.0 159.0
194.0 168.0
194.0 170.0
194.0 175.0
194.0 180.0
194.0 183.0
194.0 189.0
194.0 190.0
194.0 193.0
194.0 197.0
194.0 198.0
195.0 105.0
195.0 107.0
195.0 127.0
195.0 130.0
195.0 166.0
195.0 173.0
195.0 177.0
195.0 185.0
195.0 186.0
195.0 191.0
195.0 192.0
195.0 196.0
195.0 200.0
196.0 127.0
196.0 133.0
196.0 166.0
196.0 173.0
196.0 177.0
196.0 182.0
196.0 185.0
196.0 186.0
196.0 188.0
196.0 191.0
196.0 195.0
196.0 199.0
196.0 200.0
197.0 124.0
197.0 141.0
197.0 159.0
197.0 168.0
197.0 170.0
197.0 180.0
197.0 183.0
197.0 186.0
197.0 189.0
197.0 190.0
197.0 193.0
197.0 194.0
197.0 198.0
198.0 106.0
198.0 124.0
198.0 141.0
198.0 168.0
198.0 170.0
198.0 175.0
198.0 179.0
198.0 180.0
198.0 183.0
198.0 189.0
198.0 190.0
198.0 193.0
198.0 194.0
198.0 197.0
199.0 105.0
199.0 130.0
199.0 142.0
199.0 166.0
199.0 173.0
199.0 177.0
199.0 182.0
199.0 183.0
199.0 185.0
199.0 188.0
199.0 191.0
199.0 192.0
199.0 196.0
199.0 200.0
200.0 105.0
200.0 127.0
200.0 130.0
200.0 173.0
200.0 177.0
200.0 180.0
200.0 182.0
200.0 185.0
200.0 186.0
200.0 191.0
200.0 192.0
200.0 195.0
200.0 196.0
200.0 199.0
1
1 2
39
81 134.0
47 117.0
79 134.0
10 117.0
45 104.0
14 143.0
25 114.0
56 127.0
63 142.0
18 186.0
63 177.0
18 200.0
40 144.0
48 118.0
39 156.0
29 108.0
78 172.0
61 162.0
62 178.0
9 116.0
52 146.0
9 138.0
99 120.0
66 119.0
30 119.0
92 120.0
88 120.0
48 114.0
14 138.0
48 143.0
47 200.0
39 162.0
39 200.0
29 118.0
45 177.0
9 156.0
25 138.0
63 144.0
56 143.0
11
7 10 12 15 47 55 60 67 71 79 81 87 103.0 109.0 113.0 117.0 121.0 131.0 134.0 152.0 
2 4 14 23 25 43 45 49 64 102.0 104.0 114.0 123.0 125.0 143.0 145.0 149.0 164.0 
18 26 44 50 51 56 57 58 63 65 105.0 127.0 130.0 142.0 166.0 173.0 177.0 182.0 185.0 186.0 188.0 191.0 192.0 195.0 196.0 199.0 200.0 
16 33 37 38 39 40 46 48 53 118.0 126.0 144.0 150.0 151.0 156.0 157.0 158.0 163.0 165.0 
8 29 36 54 61 62 69 72 74 76 78 84 108.0 129.0 136.0 154.0 161.0 162.0 169.0 172.0 174.0 176.0 178.0 184.0 
3 9 13 17 21 31 34 52 116.0 133.0 137.0 138.0 139.0 140.0 146.0 148.0 153.0 
5 27 30 42 66 73 77 82 85 86 88 91 92 95 96 99 100 101.0 111.0 119.0 120.0 122.0 128.0 132.0 135.0 
1 11 19 20 22 28 32 35
6 24 41 59 68 70 75 80 83 89 90 93 94 97 98
107.0 110.0 112.0 115.0 147.0 155.0 160.0 167.0 171.0 179.0 181.0 187.0
106.0 124.0 141.0 159.0 168.0 170.0 175.0 180.0 183.0 189.0 190.0 193.0 194.0 197.0 198.0
