2
1 2 3 4 5 6 7 8 9 10 11 12 13 14 15 16 17 18 19 20 21 22 23 24 25 26 27 28 29 30 31 32 33 34 35 36 37 38 39 40 41 42 43 44 45 46 47 48 49 50 51 52 53 54 55 56 57 58 59 60 61 62 63 64 65 66 67 68 69 70 71 72 73 74 75 76 77 78 79 80 81 82 83 84 85 86 87 88 89 90 91 92 93 94 95 96 97 98 99 100
4320
1 3
1 4
1 6
1 8
1 11
1 13
1 14
1 16
1 18
1 23
1 24
1 31
1 40
1 41
1 42
1 46
1 48
1 49
1 51
1 52
1 55
1 56
1 58
1 61
1 66
1 72
1 76
1 77
1 78
1 80
1 83
1 85
1 87
1 88
1 93
1 95
1 96
1 99
1 100
2 3
2 4
2 6
2 8
2 11
2 12
2 13
2 14
2 16
2 18
2 21
2 22
2 31
2 35
2 41
2 48
2 49
2 51
2 52
2 58
2 63
2 66
2 67
2 71
2 72
2 76
2 78
2 80
2 83
2 87
2 88
2 89
2 91
2 93
2 95
2 96
2 98
2 99
2 100
3 1
3 2
3 4
3 5
3 6
3 7
3 8
3 15
3 16
3 23
3 24
3 31
3 35
3 40
3 41
3 46
3 49
3 50
3 51
3 55
3 56
3 58
3 61
3 63
3 67
3 71
3 74
3 76
3 78
3 80
3 85
3 87
3 89
3 90
3 93
3 95
3 96
3 99
3 100
4 1
4 2
4 3
4 6
4 11
4 12
4 13
4 18
4 21
4 23
4 31
4 35
4 40
4 42
4 46
4 48
4 49
4 50
4 52
4 56
4 61
4 63
4 66
4 67
4 68
4 72
4 74
4 78
4 80
4 83
4 85
4 89
4 93
4 95
4 97
4 98
4 99
4 100
5 3
5 6
5 7
5 8
5 11
5 13
5 14
5 23
5 40
5 41
5 42
5 44
5 46
5 48
5 49
5 50
5 52
5 53
5 55
5 56
5 58
5 61
5 63
5 66
5 67
5 68
5 71
5 74
5 76
5 83
5 85
5 87
5 89
5 93
5 95
5 96
5 98
5 99
5 100
6 1
6 2
6 3
6 4
6 5
6 7
6 8
6 13
6 16
6 22
6 24
6 31
6 33
6 39
6 41
6 42
6 46
6 49
6 51
6 56
6 58
6 61
6 66
6 67
6 68
6 71
6 72
6 74
6 76
6 78
6 80
6 83
6 85
6 87
6 89
6 96
6 98
6 99
6 100
7 3
7 5
7 6
7 8
7 12
7 14
7 16
7 18
7 21
7 22
7 23
7 24
7 35
7 40
7 41
7 42
7 49
7 50
7 51
7 52
7 58
7 61
7 63
7 65
7 66
7 68
7 71
7 72
7 74
7 78
7 83
7 85
7 87
7 93
7 95
7 96
7 98
7 99
7 100
8 1
8 2
8 3
8 5
8 6
8 7
8 12
8 13
8 18
8 21
8 23
8 31
8 35
8 40
8 41
8 47
8 48
8 49
8 50
8 51
8 52
8 55
8 56
8 58
8 61
8 63
8 64
8 68
8 71
8 74
8 76
8 78
8 80
8 83
8 85
8 87
8 89
8 93
8 95
8 98
9 10
9 15
9 19
9 20
9 25
9 26
9 27
9 28
9 30
9 32
9 33
9 36
9 43
9 45
9 47
9 52
9 53
9 54
9 57
9 59
9 62
9 64
9 65
9 69
9 70
9 73
9 75
9 77
9 79
9 81
9 82
9 84
9 86
9 87
9 88
9 90
9 91
9 92
9 94
9 97
10 9
10 17
10 18
10 19
10 20
10 25
10 26
10 27
10 28
10 29
10 30
10 32
10 33
10 37
10 38
10 39
10 44
10 45
10 53
10 54
10 57
10 60
10 62
10 64
10 65
10 68
10 69
10 70
10 73
10 75
10 77
10 79
10 81
10 84
10 86
10 88
10 90
10 91
10 92
10 97
11 1
11 2
11 4
11 5
11 12
11 13
11 14
11 16
11 21
11 22
11 24
11 31
11 35
11 40
11 46
11 47
11 48
11 50
11 52
11 55
11 56
11 61
11 63
11 66
11 67
11 68
11 71
11 72
11 76
11 78
11 80
11 83
11 85
11 89
11 93
11 95
11 98
11 99
11 100
12 2
12 4
12 7
12 8
12 11
12 13
12 14
12 16
12 18
12 21
12 24
12 40
12 42
12 48
12 49
12 50
12 51
12 52
12 55
12 56
12 58
12 63
12 67
12 68
12 71
12 72
12 74
12 76
12 78
12 80
12 81
12 85
12 87
12 89
12 95
12 96
12 98
12 99
12 100
13 1
13 2
13 4
13 5
13 6
13 8
13 11
13 12
13 16
13 18
13 21
13 22
13 23
13 31
13 32
13 37
13 40
13 41
13 42
13 46
13 48
13 49
13 51
13 61
13 63
13 66
13 67
13 71
13 74
13 76
13 78
13 80
13 83
13 85
13 87
13 89
13 95
13 98
13 99
13 100
14 1
14 2
14 5
14 7
14 11
14 12
14 16
14 18
14 22
14 31
14 35
14 40
14 42
14 46
14 48
14 49
14 50
14 52
14 55
14 56
14 58
14 63
14 66
14 67
14 68
14 72
14 76
14 78
14 83
14 84
14 85
14 87
14 89
14 90
14 93
14 95
14 96
14 98
14 99
14 100
15 3
15 9
15 19
15 25
15 26
15 27
15 29
15 32
15 33
15 34
15 36
15 38
15 39
15 44
15 45
15 47
15 53
15 54
15 59
15 60
15 62
15 64
15 65
15 69
15 70
15 73
15 74
15 75
15 77
15 79
15 81
15 82
15 84
15 86
15 88
15 90
15 91
15 92
15 94
15 97
16 1
16 2
16 3
16 6
16 7
16 11
16 12
16 13
16 14
16 18
16 21
16 23
16 24
16 31
16 39
16 41
16 46
16 50
16 51
16 52
16 55
16 58
16 61
16 63
16 66
16 67
16 68
16 72
16 74
16 78
16 80
16 82
16 83
16 85
16 87
16 93
16 95
16 96
16 98
16 100
17 10
17 19
17 20
17 25
17 26
17 27
17 28
17 29
17 32
17 33
17 34
17 36
17 37
17 38
17 43
17 44
17 45
17 47
17 54
17 57
17 59
17 60
17 62
17 64
17 69
17 70
17 73
17 75
17 77
17 79
17 82
17 84
17 86
17 88
17 90
17 91
17 92
17 93
17 97
17 98
18 1
18 2
18 4
18 7
18 8
18 10
18 12
18 13
18 14
18 16
18 22
18 23
18 35
18 40
18 41
18 46
18 48
18 50
18 51
18 52
18 55
18 61
18 63
18 66
18 68
18 71
18 72
18 74
18 76
18 80
18 83
18 85
18 89
18 90
18 93
18 95
18 96
18 98
18 99
18 100
19 9
19 10
19 15
19 17
19 24
19 25
19 26
19 30
19 33
19 34
19 36
19 37
19 38
19 39
19 43
19 44
19 45
19 47
19 52
19 53
19 57
19 59
19 60
19 62
19 64
19 65
19 69
19 70
19 73
19 77
19 79
19 81
19 82
19 84
19 86
19 88
19 91
19 92
19 94
19 97
20 9
20 10
20 17
20 21
20 25
20 26
20 27
20 28
20 32
20 33
20 34
20 35
20 36
20 37
20 38
20 44
20 45
20 53
20 57
20 59
20 60
20 62
20 64
20 65
20 69
20 70
20 73
20 75
20 77
20 79
20 81
20 82
20 84
20 86
20 88
20 90
20 91
20 92
20 94
20 97
21 2
21 4
21 7
21 8
21 11
21 12
21 13
21 16
21 20
21 22
21 24
21 35
21 41
21 42
21 46
21 48
21 50
21 52
21 55
21 56
21 58
21 61
21 63
21 66
21 67
21 68
21 71
21 72
21 74
21 80
21 83
21 85
21 87
21 89
21 93
21 96
21 98
21 99
21 100
22 2
22 6
22 7
22 11
22 13
22 14
22 18
22 21
22 23
22 24
22 31
22 39
22 40
22 41
22 42
22 48
22 49
22 50
22 51
22 52
22 55
22 57
22 58
22 61
22 66
22 68
22 71
22 74
22 78
22 80
22 83
22 85
22 87
22 89
22 93
22 95
22 96
22 98
22 99
22 100
23 1
23 3
23 4
23 5
23 7
23 8
23 13
23 16
23 18
23 22
23 24
23 26
23 31
23 35
23 48
23 50
23 51
23 52
23 55
23 56
23 58
23 61
23 63
23 67
23 68
23 69
23 72
23 74
23 76
23 78
23 80
23 83
23 85
23 87
23 89
23 93
23 95
23 96
23 98
23 100
24 1
24 3
24 6
24 7
24 11
24 12
24 16
24 19
24 21
24 22
24 23
24 31
24 35
24 41
24 46
24 49
24 50
24 51
24 52
24 55
24 56
24 58
24 61
24 63
24 66
24 67
24 68
24 71
24 73
24 74
24 76
24 78
24 83
24 85
24 87
24 89
24 93
24 95
24 98
24 99
24 100
25 9
25 10
25 15
25 17
25 19
25 20
25 26
25 27
25 28
25 29
25 32
25 34
25 37
25 39
25 43
25 45
25 47
25 52
25 53
25 54
25 57
25 59
25 60
25 62
25 64
25 65
25 66
25 69
25 70
25 73
25 75
25 77
25 79
25 81
25 82
25 84
25 88
25 91
25 92
25 94
25 97
26 9
26 10
26 15
26 17
26 19
26 20
26 23
26 25
26 28
26 30
26 32
26 34
26 36
26 38
26 43
26 44
26 45
26 47
26 53
26 54
26 55
26 57
26 59
26 60
26 62
26 64
26 65
26 70
26 73
26 75
26 77
26 79
26 81
26 82
26 84
26 86
26 88
26 90
26 91
26 94
26 97
27 9
27 10
27 15
27 17
27 20
27 25
27 28
27 29
27 30
27 32
27 36
27 38
27 43
27 44
27 45
27 47
27 53
27 54
27 57
27 58
27 59
27 60
27 62
27 63
27 64
27 65
27 69
27 70
27 75
27 77
27 79
27 81
27 82
27 84
27 86
27 88
27 90
27 91
27 92
27 94
27 97
28 9
28 10
28 17
28 20
28 25
28 26
28 27
28 30
28 32
28 33
28 34
28 36
28 37
28 38
28 39
28 41
28 43
28 47
28 57
28 59
28 60
28 62
28 64
28 65
28 69
28 70
28 73
28 75
28 77
28 79
28 81
28 82
28 84
28 86
28 87
28 88
28 90
28 91
28 92
28 94
28 97
29 10
29 15
29 17
29 25
29 27
29 30
29 32
29 33
29 34
29 36
29 37
29 38
29 43
29 44
29 45
29 47
29 53
29 54
29 57
29 59
29 60
29 62
29 64
29 69
29 70
29 73
29 75
29 77
29 79
29 80
29 81
29 82
29 84
29 86
29 87
29 88
29 90
29 91
29 92
29 94
29 97
30 9
30 10
30 19
30 26
30 27
30 28
30 29
30 32
30 33
30 34
30 36
30 37
30 38
30 39
30 43
30 44
30 47
30 53
30 54
30 57
30 60
30 61
30 62
30 64
30 65
30 69
30 70
30 71
30 75
30 77
30 79
30 81
30 82
30 84
30 86
30 88
30 90
30 91
30 92
30 94
30 97
31 1
31 2
31 3
31 4
31 6
31 8
31 11
31 13
31 14
31 16
31 22
31 23
31 24
31 35
31 40
31 41
31 42
31 48
31 49
31 51
31 52
31 56
31 59
31 61
31 63
31 67
31 68
31 72
31 74
31 76
31 78
31 79
31 80
31 83
31 89
31 93
31 95
31 96
31 98
31 99
31 100
32 9
32 10
32 13
32 15
32 17
32 20
32 25
32 26
32 27
32 28
32 29
32 30
32 34
32 36
32 39
32 43
32 44
32 45
32 54
32 57
32 59
32 60
32 62
32 65
32 69
32 70
32 73
32 75
32 77
32 79
32 80
32 81
32 82
32 84
32 86
32 88
32 90
32 91
32 92
32 94
32 97
33 6
33 9
33 10
33 15
33 17
33 19
33 20
33 28
33 29
33 30
33 34
33 36
33 37
33 39
33 44
33 45
33 47
33 53
33 54
33 57
33 59
33 62
33 64
33 65
33 69
33 70
33 73
33 75
33 77
33 78
33 79
33 81
33 82
33 84
33 86
33 88
33 90
33 91
33 92
33 94
33 97
34 15
34 17
34 19
34 20
34 25
34 26
34 28
34 29
34 30
34 32
34 33
34 36
34 37
34 38
34 39
34 42
34 44
34 53
34 57
34 59
34 60
34 62
34 64
34 65
34 69
34 70
34 73
34 75
34 76
34 77
34 79
34 81
34 82
34 84
34 86
34 88
34 90
34 91
34 92
34 94
34 97
35 2
35 3
35 4
35 7
35 8
35 11
35 14
35 18
35 20
35 21
35 23
35 24
35 31
35 40
35 41
35 42
35 45
35 48
35 49
35 51
35 52
35 54
35 55
35 56
35 58
35 61
35 63
35 67
35 68
35 71
35 72
35 74
35 76
35 83
35 85
35 87
35 95
35 96
35 98
35 99
35 100
36 9
36 15
36 17
36 19
36 20
36 26
36 27
36 28
36 29
36 30
36 32
36 33
36 34
36 38
36 39
36 43
36 44
36 45
36 47
36 53
36 54
36 57
36 59
36 60
36 62
36 64
36 65
36 69
36 70
36 73
36 75
36 76
36 77
36 78
36 79
36 81
36 86
36 88
36 90
36 92
36 94
36 97
37 10
37 13
37 17
37 19
37 20
37 25
37 28
37 29
37 30
37 33
37 34
37 38
37 39
37 43
37 44
37 45
37 47
37 48
37 53
37 54
37 57
37 59
37 60
37 62
37 64
37 65
37 69
37 70
37 73
37 74
37 75
37 77
37 79
37 82
37 84
37 86
37 88
37 90
37 91
37 92
37 94
37 97
38 10
38 15
38 17
38 19
38 20
38 26
38 27
38 28
38 29
38 30
38 34
38 36
38 37
38 39
38 44
38 45
38 46
38 51
38 53
38 54
38 57
38 59
38 60
38 62
38 64
38 65
38 70
38 73
38 75
38 77
38 79
38 81
38 82
38 84
38 86
38 88
38 89
38 90
38 91
38 92
38 94
38 97
39 6
39 10
39 15
39 16
39 19
39 22
39 25
39 28
39 30
39 32
39 33
39 34
39 36
39 37
39 38
39 43
39 44
39 45
39 47
39 54
39 57
39 59
39 60
39 62
39 64
39 65
39 69
39 70
39 73
39 75
39 77
39 79
39 81
39 82
39 84
39 86
39 88
39 90
39 91
39 92
39 94
39 97
40 1
40 3
40 4
40 5
40 7
40 8
40 11
40 12
40 13
40 14
40 18
40 22
40 31
40 35
40 41
40 42
40 46
40 48
40 49
40 50
40 52
40 55
40 60
40 61
40 63
40 66
40 67
40 71
40 72
40 74
40 78
40 81
40 83
40 85
40 87
40 89
40 93
40 94
40 95
40 96
40 98
40 99
41 1
41 2
41 3
41 5
41 6
41 7
41 8
41 13
41 16
41 18
41 21
41 22
41 24
41 28
41 31
41 35
41 40
41 46
41 50
41 51
41 52
41 56
41 58
41 61
41 62
41 66
41 67
41 68
41 71
41 72
41 74
41 76
41 78
41 80
41 83
41 85
41 87
41 89
41 93
41 96
41 98
41 100
42 1
42 4
42 5
42 6
42 7
42 12
42 13
42 14
42 21
42 22
42 31
42 34
42 35
42 40
42 46
42 50
42 51
42 52
42 55
42 56
42 58
42 61
42 63
42 66
42 67
42 71
42 72
42 74
42 76
42 78
42 80
42 83
42 85
42 87
42 89
42 93
42 95
42 96
42 98
42 99
42 100
43 9
43 17
43 19
43 25
43 26
43 27
43 28
43 29
43 30
43 32
43 36
43 37
43 39
43 44
43 45
43 47
43 48
43 53
43 54
43 57
43 59
43 60
43 62
43 64
43 65
43 67
43 69
43 70
43 74
43 75
43 77
43 79
43 81
43 82
43 84
43 86
43 88
43 90
43 91
43 92
43 94
43 97
44 5
44 10
44 15
44 17
44 19
44 20
44 26
44 27
44 29
44 30
44 32
44 33
44 34
44 36
44 37
44 38
44 39
44 43
44 45
44 47
44 53
44 54
44 58
44 59
44 60
44 64
44 65
44 69
44 70
44 73
44 75
44 77
44 79
44 81
44 82
44 84
44 86
44 90
44 91
44 92
44 94
44 97
45 9
45 10
45 15
45 17
45 19
45 20
45 25
45 26
45 27
45 29
45 32
45 33
45 35
45 36
45 37
45 38
45 39
45 43
45 44
45 47
45 53
45 54
45 57
45 59
45 60
45 62
45 64
45 69
45 73
45 75
45 77
45 78
45 79
45 81
45 82
45 86
45 88
45 90
45 91
45 92
45 94
45 96
45 97
46 1
46 3
46 4
46 5
46 6
46 11
46 13
46 14
46 16
46 18
46 21
46 24
46 38
46 40
46 41
46 42
46 48
46 49
46 50
46 52
46 54
46 55
46 56
46 58
46 61
46 63
46 66
46 67
46 68
46 71
46 72
46 74
46 76
46 78
46 80
46 83
46 85
46 87
46 89
46 95
46 96
46 99
46 100
47 8
47 9
47 11
47 15
47 17
47 19
47 25
47 26
47 27
47 28
47 29
47 30
47 33
47 36
47 37
47 39
47 43
47 44
47 45
47 53
47 54
47 57
47 59
47 60
47 62
47 64
47 65
47 69
47 70
47 73
47 75
47 77
47 81
47 82
47 84
47 85
47 86
47 88
47 90
47 91
47 92
47 94
47 97
48 1
48 2
48 4
48 5
48 8
48 11
48 12
48 13
48 14
48 18
48 21
48 22
48 23
48 31
48 35
48 37
48 40
48 43
48 46
48 49
48 50
48 51
48 55
48 56
48 58
48 61
48 66
48 67
48 71
48 72
48 76
48 78
48 80
48 83
48 85
48 87
48 89
48 93
48 95
48 96
48 98
48 99
48 100
49 1
49 2
49 3
49 4
49 5
49 6
49 7
49 8
49 12
49 13
49 14
49 22
49 24
49 31
49 35
49 40
49 46
49 48
49 50
49 51
49 52
49 55
49 56
49 61
49 63
49 66
49 67
49 68
49 71
49 72
49 74
49 76
49 78
49 80
49 82
49 89
49 93
49 95
49 96
49 98
49 99
49 100
50 3
50 4
50 5
50 7
50 8
50 11
50 12
50 14
50 16
50 18
50 21
50 22
50 23
50 24
50 40
50 41
50 42
50 46
50 48
50 49
50 55
50 56
50 58
50 63
50 64
50 66
50 67
50 68
50 71
50 72
50 74
50 76
50 78
50 80
50 83
50 84
50 85
50 89
50 93
50 95
50 96
50 99
50 100
51 1
51 2
51 3
51 6
51 7
51 8
51 12
51 13
51 16
51 18
51 22
51 23
51 24
51 31
51 35
51 38
51 41
51 42
51 48
51 49
51 52
51 55
51 56
51 58
51 63
51 66
51 67
51 68
51 71
51 74
51 76
51 78
51 80
51 83
51 87
51 89
51 93
51 95
51 96
51 98
51 99
51 100
52 1
52 2
52 4
52 5
52 7
52 8
52 9
52 11
52 12
52 14
52 16
52 18
52 19
52 21
52 22
52 23
52 24
52 25
52 31
52 35
52 40
52 41
52 42
52 46
52 49
52 51
52 55
52 56
52 66
52 67
52 71
52 72
52 74
52 80
52 83
52 85
52 87
52 89
52 93
52 95
52 96
52 98
52 99
53 5
53 9
53 10
53 15
53 19
53 20
53 25
53 26
53 27
53 29
53 30
53 33
53 34
53 36
53 37
53 38
53 43
53 44
53 45
53 47
53 54
53 57
53 59
53 60
53 62
53 64
53 65
53 70
53 73
53 75
53 77
53 79
53 81
53 82
53 84
53 86
53 88
53 90
53 91
53 92
53 94
53 97
53 99
54 9
54 10
54 15
54 17
54 25
54 26
54 27
54 29
54 30
54 32
54 33
54 35
54 36
54 37
54 38
54 39
54 43
54 44
54 45
54 46
54 47
54 53
54 57
54 59
54 60
54 62
54 64
54 65
54 69
54 70
54 73
54 75
54 77
54 79
54 81
54 82
54 84
54 86
54 88
54 90
54 91
54 92
54 94
54 97
55 1
55 3
55 5
55 8
55 11
55 12
55 14
55 16
55 18
55 21
55 22
55 23
55 24
55 26
55 35
55 40
55 42
55 46
55 48
55 49
55 50
55 51
55 52
55 56
55 57
55 61
55 66
55 67
55 68
55 71
55 72
55 76
55 78
55 80
55 83
55 85
55 87
55 89
55 93
55 95
55 96
55 98
55 99
55 100
56 1
56 3
56 4
56 5
56 6
56 8
56 11
56 12
56 14
56 21
56 23
56 24
56 31
56 35
56 41
56 42
56 46
56 48
56 49
56 50
56 51
56 52
56 55
56 58
56 62
56 63
56 66
56 67
56 68
56 71
56 72
56 73
56 74
56 76
56 78
56 80
56 83
56 85
56 87
56 89
56 93
56 96
56 98
56 100
57 9
57 10
57 17
57 19
57 20
57 22
57 25
57 26
57 27
57 28
57 29
57 30
57 32
57 33
57 34
57 36
57 37
57 38
57 39
57 43
57 45
57 47
57 53
57 54
57 55
57 60
57 64
57 65
57 69
57 70
57 73
57 75
57 77
57 79
57 81
57 82
57 84
57 86
57 88
57 90
57 91
57 92
57 94
57 97
58 1
58 2
58 3
58 5
58 6
58 7
58 8
58 12
58 14
58 16
58 21
58 22
58 23
58 24
58 27
58 35
58 41
58 42
58 44
58 46
58 48
58 50
58 51
58 56
58 59
58 61
58 63
58 66
58 67
58 68
58 74
58 76
58 78
58 80
58 83
58 85
58 87
58 89
58 93
58 95
58 96
58 98
58 99
58 100
59 9
59 15
59 17
59 19
59 20
59 25
59 26
59 27
59 28
59 29
59 31
59 32
59 33
59 34
59 36
59 37
59 38
59 39
59 43
59 44
59 45
59 47
59 53
59 54
59 58
59 60
59 62
59 64
59 65
59 69
59 73
59 75
59 77
59 79
59 81
59 82
59 84
59 86
59 88
59 90
59 91
59 92
59 94
59 97
60 10
60 15
60 17
60 19
60 20
60 25
60 26
60 27
60 28
60 29
60 30
60 32
60 34
60 36
60 37
60 38
60 39
60 40
60 43
60 44
60 45
60 47
60 53
60 54
60 57
60 59
60 62
60 65
60 69
60 70
60 73
60 75
60 77
60 79
60 81
60 82
60 84
60 86
60 89
60 90
60 91
60 92
60 94
60 97
61 1
61 3
61 4
61 5
61 6
61 7
61 8
61 11
61 13
61 16
61 18
61 21
61 22
61 23
61 24
61 30
61 31
61 35
61 40
61 41
61 42
61 46
61 48
61 49
61 55
61 58
61 63
61 67
61 68
61 71
61 74
61 76
61 80
61 83
61 85
61 86
61 87
61 89
61 93
61 94
61 95
61 98
61 99
61 100
62 9
62 10
62 15
62 17
62 19
62 20
62 25
62 26
62 27
62 28
62 29
62 30
62 32
62 33
62 34
62 36
62 37
62 38
62 39
62 41
62 43
62 45
62 47
62 53
62 54
62 56
62 59
62 60
62 63
62 64
62 65
62 69
62 73
62 75
62 79
62 81
62 82
62 84
62 86
62 88
62 90
62 91
62 92
62 94
62 97
63 2
63 3
63 4
63 5
63 7
63 8
63 11
63 12
63 13
63 14
63 16
63 18
63 21
63 23
63 24
63 27
63 31
63 35
63 40
63 42
63 46
63 49
63 50
63 51
63 56
63 58
63 61
63 62
63 66
63 67
63 68
63 71
63 72
63 76
63 78
63 83
63 85
63 87
63 89
63 93
63 95
63 98
63 99
63 100
64 8
64 9
64 10
64 15
64 17
64 19
64 20
64 25
64 26
64 27
64 28
64 29
64 30
64 33
64 34
64 36
64 37
64 38
64 39
64 43
64 44
64 45
64 47
64 50
64 53
64 54
64 57
64 59
64 62
64 65
64 69
64 70
64 73
64 77
64 79
64 81
64 82
64 84
64 86
64 88
64 90
64 91
64 92
64 94
64 97
65 7
65 9
65 10
65 15
65 19
65 20
65 25
65 26
65 27
65 28
65 30
65 32
65 33
65 34
65 36
65 37
65 38
65 39
65 43
65 44
65 47
65 53
65 54
65 57
65 59
65 60
65 62
65 64
65 69
65 70
65 73
65 75
65 77
65 79
65 81
65 82
65 84
65 86
65 88
65 90
65 91
65 92
65 94
65 97
65 98
66 1
66 2
66 4
66 5
66 6
66 7
66 11
66 13
66 14
66 16
66 18
66 21
66 22
66 24
66 25
66 40
66 41
66 42
66 46
66 48
66 49
66 50
66 51
66 52
66 55
66 56
66 58
66 63
66 67
66 68
66 71
66 72
66 74
66 76
66 78
66 80
66 83
66 85
66 87
66 89
66 93
66 95
66 96
66 99
67 2
67 3
67 4
67 5
67 6
67 11
67 12
67 13
67 14
67 16
67 21
67 23
67 24
67 31
67 35
67 40
67 41
67 42
67 43
67 46
67 48
67 49
67 50
67 51
67 52
67 55
67 56
67 58
67 61
67 63
67 66
67 68
67 70
67 71
67 72
67 76
67 80
67 83
67 85
67 87
67 93
67 96
67 98
67 99
67 100
68 4
68 5
68 6
68 7
68 8
68 10
68 11
68 12
68 14
68 16
68 18
68 21
68 22
68 23
68 24
68 31
68 35
68 41
68 46
68 49
68 50
68 51
68 55
68 56
68 58
68 61
68 63
68 66
68 67
68 71
68 72
68 74
68 76
68 77
68 80
68 82
68 83
68 87
68 89
68 93
68 95
68 96
68 98
68 99
68 100
69 9
69 10
69 15
69 17
69 19
69 20
69 23
69 25
69 27
69 28
69 29
69 30
69 32
69 33
69 34
69 36
69 37
69 39
69 43
69 44
69 45
69 47
69 54
69 57
69 59
69 60
69 62
69 64
69 65
69 70
69 73
69 75
69 77
69 79
69 81
69 82
69 83
69 84
69 86
69 88
69 90
69 91
69 92
69 94
69 97
70 9
70 10
70 15
70 17
70 19
70 20
70 25
70 26
70 27
70 28
70 29
70 30
70 32
70 33
70 34
70 36
70 37
70 38
70 39
70 43
70 44
70 47
70 53
70 54
70 57
70 60
70 64
70 65
70 67
70 69
70 73
70 75
70 77
70 79
70 81
70 82
70 84
70 86
70 88
70 90
70 91
70 92
70 94
70 96
70 97
71 2
71 3
71 5
71 6
71 7
71 8
71 11
71 12
71 13
71 18
71 21
71 22
71 24
71 30
71 35
71 40
71 41
71 42
71 46
71 48
71 49
71 50
71 51
71 52
71 55
71 56
71 61
71 63
71 66
71 67
71 68
71 72
71 76
71 78
71 80
71 85
71 87
71 89
71 93
71 95
71 96
71 98
71 99
71 100
72 1
72 2
72 4
72 6
72 7
72 11
72 12
72 14
72 16
72 18
72 21
72 23
72 31
72 35
72 40
72 41
72 42
72 46
72 48
72 49
72 50
72 52
72 55
72 56
72 63
72 66
72 67
72 68
72 71
72 74
72 76
72 78
72 80
72 83
72 85
72 87
72 88
72 89
72 93
72 95
72 96
72 97
72 98
72 99
72 100
73 9
73 10
73 15
73 17
73 19
73 20
73 24
73 25
73 26
73 28
73 29
73 32
73 33
73 34
73 36
73 37
73 38
73 39
73 44
73 45
73 47
73 53
73 54
73 56
73 57
73 59
73 60
73 62
73 64
73 65
73 69
73 70
73 75
73 77
73 79
73 81
73 82
73 84
73 86
73 88
73 90
73 91
73 92
73 94
73 97
74 3
74 4
74 5
74 6
74 7
74 8
74 12
74 13
74 15
74 16
74 18
74 21
74 22
74 23
74 24
74 31
74 35
74 37
74 40
74 41
74 42
74 43
74 46
74 49
74 50
74 51
74 52
74 56
74 58
74 61
74 66
74 68
74 72
74 76
74 78
74 80
74 83
74 85
74 87
74 89
74 93
74 95
74 96
74 98
74 99
74 100
75 9
75 10
75 15
75 17
75 20
75 25
75 26
75 27
75 28
75 29
75 30
75 32
75 33
75 34
75 36
75 37
75 38
75 39
75 43
75 44
75 45
75 47
75 53
75 54
75 57
75 59
75 60
75 62
75 65
75 69
75 70
75 73
75 77
75 79
75 81
75 82
75 83
75 84
75 86
75 88
75 90
75 91
75 92
75 94
75 97
75 100
76 1
76 2
76 3
76 5
76 6
76 8
76 11
76 12
76 13
76 14
76 18
76 23
76 24
76 31
76 34
76 35
76 36
76 41
76 42
76 46
76 48
76 49
76 50
76 51
76 55
76 56
76 58
76 61
76 63
76 66
76 67
76 68
76 71
76 72
76 74
76 78
76 80
76 83
76 85
76 87
76 93
76 95
76 96
76 98
76 99
76 100
77 1
77 9
77 10
77 15
77 17
77 19
77 20
77 25
77 26
77 27
77 28
77 29
77 30
77 32
77 33
77 34
77 36
77 37
77 38
77 39
77 43
77 44
77 45
77 47
77 53
77 54
77 57
77 59
77 60
77 64
77 65
77 68
77 69
77 70
77 73
77 75
77 81
77 82
77 84
77 86
77 88
77 90
77 91
77 92
77 94
77 97
78 1
78 2
78 3
78 4
78 6
78 7
78 8
78 11
78 12
78 13
78 14
78 16
78 22
78 23
78 24
78 31
78 33
78 36
78 40
78 41
78 42
78 45
78 46
78 48
78 49
78 50
78 51
78 55
78 56
78 58
78 63
78 66
78 71
78 72
78 74
78 76
78 80
78 83
78 85
78 87
78 89
78 93
78 95
78 96
78 98
78 99
79 9
79 10
79 15
79 17
79 19
79 20
79 25
79 26
79 27
79 28
79 29
79 30
79 31
79 32
79 33
79 34
79 36
79 37
79 38
79 39
79 43
79 44
79 45
79 53
79 54
79 57
79 59
79 60
79 62
79 64
79 65
79 69
79 70
79 73
79 75
79 81
79 82
79 84
79 86
79 88
79 90
79 91
79 92
79 94
79 96
79 97
80 1
80 2
80 3
80 4
80 6
80 8
80 11
80 12
80 13
80 16
80 18
80 21
80 22
80 23
80 29
80 31
80 32
80 41
80 42
80 46
80 48
80 49
80 50
80 51
80 52
80 55
80 56
80 58
80 61
80 66
80 67
80 68
80 71
80 72
80 74
80 76
80 78
80 83
80 85
80 87
80 89
80 93
80 95
80 96
80 98
80 100
81 9
81 10
81 12
81 15
81 19
81 20
81 25
81 26
81 27
81 28
81 29
81 30
81 32
81 33
81 34
81 36
81 38
81 39
81 40
81 43
81 44
81 45
81 47
81 53
81 54
81 57
81 59
81 60
81 62
81 64
81 65
81 69
81 70
81 73
81 75
81 77
81 79
81 82
81 84
81 86
81 88
81 90
81 91
81 92
81 94
81 95
81 97
82 9
82 15
82 16
82 17
82 19
82 20
82 25
82 26
82 27
82 28
82 29
82 30
82 32
82 33
82 34
82 37
82 38
82 39
82 43
82 44
82 45
82 47
82 49
82 53
82 54
82 57
82 59
82 60
82 62
82 64
82 65
82 68
82 69
82 70
82 73
82 75
82 77
82 79
82 81
82 84
82 86
82 88
82 90
82 91
82 92
82 94
82 97
83 1
83 2
83 4
83 5
83 6
83 7
83 8
83 11
83 13
83 14
83 16
83 18
83 21
83 22
83 23
83 24
83 31
83 35
83 40
83 41
83 42
83 46
83 48
83 50
83 51
83 52
83 55
83 56
83 58
83 61
83 63
83 66
83 67
83 68
83 69
83 72
83 74
83 75
83 76
83 78
83 80
83 85
83 95
83 96
83 98
83 99
83 100
84 9
84 10
84 14
84 15
84 17
84 19
84 20
84 25
84 26
84 27
84 28
84 29
84 30
84 32
84 33
84 34
84 37
84 38
84 39
84 43
84 44
84 47
84 50
84 53
84 54
84 57
84 59
84 60
84 62
84 64
84 65
84 69
84 70
84 73
84 75
84 77
84 79
84 81
84 82
84 86
84 88
84 90
84 91
84 92
84 94
84 97
84 99
85 1
85 3
85 4
85 5
85 6
85 7
85 8
85 11
85 12
85 13
85 14
85 16
85 18
85 21
85 22
85 23
85 24
85 35
85 40
85 41
85 42
85 46
85 47
85 48
85 50
85 52
85 55
85 56
85 58
85 61
85 63
85 66
85 67
85 71
85 72
85 74
85 76
85 78
85 80
85 83
85 87
85 89
85 94
85 95
85 96
85 98
85 99
86 9
86 10
86 15
86 17
86 19
86 20
86 26
86 27
86 28
86 29
86 30
86 32
86 33
86 34
86 36
86 37
86 38
86 39
86 43
86 44
86 45
86 47
86 53
86 54
86 57
86 59
86 60
86 61
86 62
86 64
86 65
86 69
86 70
86 73
86 75
86 77
86 79
86 81
86 82
86 84
86 88
86 90
86 91
86 92
86 94
86 97
86 100
87 1
87 2
87 3
87 5
87 6
87 7
87 8
87 9
87 12
87 13
87 14
87 16
87 21
87 22
87 23
87 24
87 28
87 29
87 35
87 40
87 41
87 42
87 46
87 48
87 51
87 52
87 55
87 56
87 58
87 61
87 63
87 66
87 67
87 68
87 71
87 72
87 74
87 76
87 78
87 80
87 85
87 89
87 93
87 96
87 98
87 99
87 100
88 1
88 2
88 9
88 10
88 15
88 17
88 19
88 20
88 25
88 26
88 27
88 28
88 29
88 30
88 32
88 33
88 34
88 36
88 37
88 38
88 39
88 43
88 45
88 47
88 53
88 54
88 57
88 59
88 62
88 64
88 65
88 69
88 70
88 72
88 73
88 75
88 77
88 79
88 81
88 82
88 84
88 86
88 90
88 91
88 92
88 94
88 97
89 2
89 3
89 4
89 5
89 6
89 8
89 11
89 12
89 13
89 14
89 18
89 21
89 22
89 23
89 24
89 31
89 38
89 40
89 41
89 42
89 46
89 48
89 49
89 50
89 51
89 52
89 55
89 56
89 58
89 60
89 61
89 63
89 66
89 68
89 71
89 72
89 74
89 78
89 80
89 85
89 87
89 93
89 95
89 96
89 98
89 99
89 100
90 3
90 9
90 10
90 14
90 15
90 17
90 18
90 20
90 26
90 27
90 28
90 29
90 30
90 32
90 33
90 34
90 36
90 37
90 38
90 39
90 43
90 44
90 45
90 47
90 53
90 54
90 57
90 59
90 60
90 62
90 64
90 65
90 69
90 70
90 73
90 75
90 77
90 79
90 81
90 82
90 84
90 86
90 88
90 91
90 92
90 94
90 97
91 2
91 9
91 10
91 15
91 17
91 19
91 20
91 25
91 26
91 27
91 28
91 29
91 30
91 32
91 33
91 34
91 37
91 38
91 39
91 43
91 44
91 45
91 47
91 53
91 54
91 57
91 59
91 60
91 62
91 64
91 65
91 69
91 70
91 73
91 75
91 77
91 79
91 81
91 82
91 84
91 86
91 88
91 90
91 92
91 94
91 95
91 97
92 9
92 10
92 15
92 17
92 19
92 20
92 25
92 27
92 28
92 29
92 30
92 32
92 33
92 34
92 36
92 37
92 38
92 39
92 43
92 44
92 45
92 47
92 53
92 54
92 57
92 59
92 60
92 62
92 64
92 65
92 69
92 70
92 73
92 75
92 77
92 79
92 81
92 82
92 84
92 86
92 88
92 90
92 91
92 93
92 94
92 97
92 99
93 1
93 2
93 3
93 4
93 5
93 7
93 8
93 11
93 14
93 16
93 17
93 18
93 21
93 22
93 23
93 24
93 31
93 40
93 41
93 42
93 48
93 49
93 50
93 51
93 52
93 55
93 56
93 58
93 61
93 63
93 66
93 67
93 68
93 71
93 72
93 74
93 76
93 78
93 80
93 87
93 89
93 92
93 95
93 96
93 98
93 99
93 100
94 9
94 15
94 19
94 20
94 25
94 26
94 27
94 28
94 29
94 30
94 32
94 33
94 34
94 36
94 37
94 38
94 39
94 40
94 43
94 44
94 45
94 47
94 53
94 54
94 57
94 59
94 60
94 61
94 62
94 64
94 65
94 69
94 70
94 73
94 75
94 77
94 79
94 81
94 82
94 84
94 85
94 86
94 88
94 90
94 91
94 92
94 97
95 1
95 2
95 3
95 4
95 5
95 7
95 8
95 11
95 12
95 13
95 14
95 16
95 18
95 22
95 23
95 24
95 31
95 35
95 40
95 42
95 46
95 48
95 49
95 50
95 51
95 52
95 55
95 58
95 61
95 63
95 66
95 68
95 71
95 72
95 74
95 76
95 78
95 80
95 81
95 83
95 85
95 89
95 91
95 93
95 96
95 98
95 99
95 100
96 1
96 2
96 3
96 5
96 6
96 7
96 12
96 14
96 16
96 18
96 21
96 22
96 23
96 31
96 35
96 40
96 41
96 42
96 45
96 46
96 48
96 49
96 50
96 51
96 52
96 55
96 56
96 58
96 66
96 67
96 68
96 70
96 71
96 72
96 74
96 76
96 78
96 79
96 80
96 83
96 85
96 87
96 89
96 93
96 95
96 98
96 99
96 100
97 4
97 9
97 10
97 15
97 17
97 19
97 20
97 25
97 26
97 27
97 28
97 29
97 30
97 32
97 33
97 34
97 36
97 37
97 38
97 39
97 43
97 44
97 45
97 47
97 53
97 54
97 57
97 59
97 60
97 62
97 64
97 65
97 69
97 70
97 72
97 73
97 75
97 77
97 79
97 81
97 82
97 84
97 86
97 88
97 90
97 91
97 92
97 94
98 2
98 4
98 5
98 6
98 7
98 8
98 11
98 12
98 13
98 14
98 16
98 17
98 18
98 21
98 22
98 23
98 24
98 31
98 35
98 40
98 41
98 42
98 48
98 49
98 51
98 52
98 55
98 56
98 58
98 61
98 63
98 65
98 67
98 68
98 71
98 72
98 74
98 76
98 78
98 80
98 83
98 85
98 87
98 89
98 93
98 95
98 96
98 100
99 1
99 2
99 3
99 4
99 5
99 6
99 7
99 11
99 12
99 13
99 14
99 18
99 21
99 22
99 24
99 31
99 35
99 40
99 42
99 46
99 48
99 49
99 50
99 51
99 52
99 53
99 55
99 58
99 61
99 63
99 66
99 67
99 68
99 71
99 72
99 74
99 76
99 78
99 83
99 84
99 85
99 87
99 89
99 92
99 93
99 95
99 96
99 100
100 1
100 2
100 3
100 4
100 5
100 6
100 7
100 11
100 12
100 13
100 14
100 16
100 18
100 21
100 22
100 23
100 24
100 31
100 35
100 41
100 42
100 46
100 48
100 49
100 50
100 51
100 55
100 56
100 58
100 61
100 63
100 67
100 68
100 71
100 72
100 74
100 75
100 76
100 80
100 83
100 86
100 87
100 89
100 93
100 95
100 96
100 98
100 99
101.0 102.0 103.0 104.0 105.0 106.0 107.0 108.0 109.0 110.0 111.0 112.0 113.0 114.0 115.0 116.0 117.0 118.0 119.0 120.0 121.0 122.0 123.0 124.0 125.0 126.0 127.0 128.0 129.0 130.0 131.0 132.0 133.0 134.0 135.0 136.0 137.0 138.0 139.0 140.0 141.0 142.0 143.0 144.0 145.0 146.0 147.0 148.0 149.0 150.0 151.0 152.0 153.0 154.0 155.0 156.0 157.0 158.0 159.0 160.0 161.0 162.0 163.0 164.0 165.0 166.0 167.0 168.0 169.0 170.0 171.0 172.0 173.0 174.0 175.0 176.0 177.0 178.0 179.0 180.0 181.0 182.0 183.0 184.0 185.0 186.0 187.0 188.0 189.0 190.0 191.0 192.0 193.0 194.0 195.0 196.0 197.0 198.0 199.0 200.0
4320
101.0 103.0
101.0 104.0
101.0 106.0
101.0 108.0
101.0 111.0
101.0 113.0
101.0 114.0
101.0 116.0
101.0 118.0
101.0 123.0
101.0 124.0
101.0 131.0
101.0 140.0
101.0 141.0
101.0 142.0
101.0 146.0
101.0 148.0
101.0 149.0
101.0 151.0
101.0 152.0
101.0 155.0
101.0 156.0
101.0 158.0
101.0 161.0
101.0 166.0
101.0 172.0
101.0 176.0
101.0 177.0
101.0 178.0
101.0 180.0
101.0 183.0
101.0 185.0
101.0 187.0
101.0 188.0
101.0 193.0
101.0 195.0
101.0 196.0
101.0 199.0
101.0 200.0
102.0 103.0
102.0 104.0
102.0 106.0
102.0 108.0
102.0 111.0
102.0 112.0
102.0 113.0
102.0 114.0
102.0 116.0
102.0 118.0
102.0 121.0
102.0 122.0
102.0 131.0
102.0 135.0
102.0 141.0
102.0 148.0
102.0 149.0
102.0 151.0
102.0 152.0
102.0 158.0
102.0 163.0
102.0 166.0
102.0 167.0
102.0 171.0
102.0 172.0
102.0 176.0
102.0 178.0
102.0 180.0
102.0 183.0
102.0 187.0
102.0 188.0
102.0 189.0
102.0 191.0
102.0 193.0
102.0 195.0
102.0 196.0
102.0 198.0
102.0 199.0
102.0 200.0
103.0 101.0
103.0 102.0
103.0 104.0
103.0 105.0
103.0 106.0
103.0 107.0
103.0 108.0
103.0 115.0
103.0 116.0
103.0 123.0
103.0 124.0
103.0 131.0
103.0 135.0
103.0 140.0
103.0 141.0
103.0 146.0
103.0 149.0
103.0 150.0
103.0 151.0
103.0 155.0
103.0 156.0
103.0 158.0
103.0 161.0
103.0 163.0
103.0 167.0
103.0 171.0
103.0 174.0
103.0 176.0
103.0 178.0
103.0 180.0
103.0 185.0
103.0 187.0
103.0 189.0
103.0 190.0
103.0 193.0
103.0 195.0
103.0 196.0
103.0 199.0
103.0 200.0
104.0 101.0
104.0 102.0
104.0 103.0
104.0 106.0
104.0 111.0
104.0 112.0
104.0 113.0
104.0 118.0
104.0 121.0
104.0 123.0
104.0 131.0
104.0 135.0
104.0 140.0
104.0 142.0
104.0 146.0
104.0 148.0
104.0 149.0
104.0 150.0
104.0 152.0
104.0 156.0
104.0 161.0
104.0 163.0
104.0 166.0
104.0 167.0
104.0 168.0
104.0 172.0
104.0 174.0
104.0 178.0
104.0 180.0
104.0 183.0
104.0 185.0
104.0 189.0
104.0 193.0
104.0 195.0
104.0 197.0
104.0 198.0
104.0 199.0
104.0 200.0
105.0 103.0
105.0 106.0
105.0 107.0
105.0 108.0
105.0 111.0
105.0 113.0
105.0 114.0
105.0 123.0
105.0 140.0
105.0 141.0
105.0 142.0
105.0 144.0
105.0 146.0
105.0 148.0
105.0 149.0
105.0 150.0
105.0 152.0
105.0 153.0
105.0 155.0
105.0 156.0
105.0 158.0
105.0 161.0
105.0 163.0
105.0 166.0
105.0 167.0
105.0 168.0
105.0 171.0
105.0 174.0
105.0 176.0
105.0 183.0
105.0 185.0
105.0 187.0
105.0 189.0
105.0 193.0
105.0 195.0
105.0 196.0
105.0 198.0
105.0 199.0
105.0 200.0
106.0 101.0
106.0 102.0
106.0 103.0
106.0 104.0
106.0 105.0
106.0 107.0
106.0 108.0
106.0 113.0
106.0 116.0
106.0 122.0
106.0 124.0
106.0 131.0
106.0 133.0
106.0 139.0
106.0 141.0
106.0 142.0
106.0 146.0
106.0 149.0
106.0 151.0
106.0 156.0
106.0 158.0
106.0 161.0
106.0 166.0
106.0 167.0
106.0 168.0
106.0 171.0
106.0 172.0
106.0 174.0
106.0 176.0
106.0 178.0
106.0 180.0
106.0 183.0
106.0 185.0
106.0 187.0
106.0 189.0
106.0 196.0
106.0 198.0
106.0 199.0
106.0 200.0
107.0 103.0
107.0 105.0
107.0 106.0
107.0 108.0
107.0 112.0
107.0 114.0
107.0 116.0
107.0 118.0
107.0 121.0
107.0 122.0
107.0 123.0
107.0 124.0
107.0 135.0
107.0 140.0
107.0 141.0
107.0 142.0
107.0 149.0
107.0 150.0
107.0 151.0
107.0 152.0
107.0 158.0
107.0 161.0
107.0 163.0
107.0 165.0
107.0 166.0
107.0 168.0
107.0 171.0
107.0 172.0
107.0 174.0
107.0 178.0
107.0 183.0
107.0 185.0
107.0 187.0
107.0 193.0
107.0 195.0
107.0 196.0
107.0 198.0
107.0 199.0
107.0 200.0
108.0 101.0
108.0 102.0
108.0 103.0
108.0 105.0
108.0 106.0
108.0 107.0
108.0 112.0
108.0 113.0
108.0 118.0
108.0 121.0
108.0 123.0
108.0 131.0
108.0 135.0
108.0 140.0
108.0 141.0
108.0 147.0
108.0 148.0
108.0 149.0
108.0 150.0
108.0 151.0
108.0 152.0
108.0 155.0
108.0 156.0
108.0 158.0
108.0 161.0
108.0 163.0
108.0 164.0
108.0 168.0
108.0 171.0
108.0 174.0
108.0 176.0
108.0 178.0
108.0 180.0
108.0 183.0
108.0 185.0
108.0 187.0
108.0 189.0
108.0 193.0
108.0 195.0
108.0 198.0
109.0 110.0
109.0 115.0
109.0 119.0
109.0 120.0
109.0 125.0
109.0 126.0
109.0 127.0
109.0 128.0
109.0 130.0
109.0 132.0
109.0 133.0
109.0 136.0
109.0 143.0
109.0 145.0
109.0 147.0
109.0 152.0
109.0 153.0
109.0 154.0
109.0 157.0
109.0 159.0
109.0 162.0
109.0 164.0
109.0 165.0
109.0 169.0
109.0 170.0
109.0 173.0
109.0 175.0
109.0 177.0
109.0 179.0
109.0 181.0
109.0 182.0
109.0 184.0
109.0 186.0
109.0 187.0
109.0 188.0
109.0 190.0
109.0 191.0
109.0 192.0
109.0 194.0
109.0 197.0
110.0 109.0
110.0 117.0
110.0 118.0
110.0 119.0
110.0 120.0
110.0 125.0
110.0 126.0
110.0 127.0
110.0 128.0
110.0 129.0
110.0 130.0
110.0 132.0
110.0 133.0
110.0 137.0
110.0 138.0
110.0 139.0
110.0 144.0
110.0 145.0
110.0 153.0
110.0 154.0
110.0 157.0
110.0 160.0
110.0 162.0
110.0 164.0
110.0 165.0
110.0 168.0
110.0 169.0
110.0 170.0
110.0 173.0
110.0 175.0
110.0 177.0
110.0 179.0
110.0 181.0
110.0 184.0
110.0 186.0
110.0 188.0
110.0 190.0
110.0 191.0
110.0 192.0
110.0 197.0
111.0 101.0
111.0 102.0
111.0 104.0
111.0 105.0
111.0 112.0
111.0 113.0
111.0 114.0
111.0 116.0
111.0 121.0
111.0 122.0
111.0 124.0
111.0 131.0
111.0 135.0
111.0 140.0
111.0 146.0
111.0 147.0
111.0 148.0
111.0 150.0
111.0 152.0
111.0 155.0
111.0 156.0
111.0 161.0
111.0 163.0
111.0 166.0
111.0 167.0
111.0 168.0
111.0 171.0
111.0 172.0
111.0 176.0
111.0 178.0
111.0 180.0
111.0 183.0
111.0 185.0
111.0 189.0
111.0 193.0
111.0 195.0
111.0 198.0
111.0 199.0
111.0 200.0
112.0 102.0
112.0 104.0
112.0 107.0
112.0 108.0
112.0 111.0
112.0 113.0
112.0 114.0
112.0 116.0
112.0 118.0
112.0 121.0
112.0 124.0
112.0 140.0
112.0 142.0
112.0 148.0
112.0 149.0
112.0 150.0
112.0 151.0
112.0 152.0
112.0 155.0
112.0 156.0
112.0 158.0
112.0 163.0
112.0 167.0
112.0 168.0
112.0 171.0
112.0 172.0
112.0 174.0
112.0 176.0
112.0 178.0
112.0 180.0
112.0 181.0
112.0 185.0
112.0 187.0
112.0 189.0
112.0 195.0
112.0 196.0
112.0 198.0
112.0 199.0
112.0 200.0
113.0 101.0
113.0 102.0
113.0 104.0
113.0 105.0
113.0 106.0
113.0 108.0
113.0 111.0
113.0 112.0
113.0 116.0
113.0 118.0
113.0 121.0
113.0 122.0
113.0 123.0
113.0 131.0
113.0 132.0
113.0 137.0
113.0 140.0
113.0 141.0
113.0 142.0
113.0 146.0
113.0 148.0
113.0 149.0
113.0 151.0
113.0 161.0
113.0 163.0
113.0 166.0
113.0 167.0
113.0 171.0
113.0 174.0
113.0 176.0
113.0 178.0
113.0 180.0
113.0 183.0
113.0 185.0
113.0 187.0
113.0 189.0
113.0 195.0
113.0 198.0
113.0 199.0
113.0 200.0
114.0 101.0
114.0 102.0
114.0 105.0
114.0 107.0
114.0 111.0
114.0 112.0
114.0 116.0
114.0 118.0
114.0 122.0
114.0 131.0
114.0 135.0
114.0 140.0
114.0 142.0
114.0 146.0
114.0 148.0
114.0 149.0
114.0 150.0
114.0 152.0
114.0 155.0
114.0 156.0
114.0 158.0
114.0 163.0
114.0 166.0
114.0 167.0
114.0 168.0
114.0 172.0
114.0 176.0
114.0 178.0
114.0 183.0
114.0 184.0
114.0 185.0
114.0 187.0
114.0 189.0
114.0 190.0
114.0 193.0
114.0 195.0
114.0 196.0
114.0 198.0
114.0 199.0
114.0 200.0
115.0 103.0
115.0 109.0
115.0 119.0
115.0 125.0
115.0 126.0
115.0 127.0
115.0 129.0
115.0 132.0
115.0 133.0
115.0 134.0
115.0 136.0
115.0 138.0
115.0 139.0
115.0 144.0
115.0 145.0
115.0 147.0
115.0 153.0
115.0 154.0
115.0 159.0
115.0 160.0
115.0 162.0
115.0 164.0
115.0 165.0
115.0 169.0
115.0 170.0
115.0 173.0
115.0 174.0
115.0 175.0
115.0 177.0
115.0 179.0
115.0 181.0
115.0 182.0
115.0 184.0
115.0 186.0
115.0 188.0
115.0 190.0
115.0 191.0
115.0 192.0
115.0 194.0
115.0 197.0
116.0 101.0
116.0 102.0
116.0 103.0
116.0 106.0
116.0 107.0
116.0 111.0
116.0 112.0
116.0 113.0
116.0 114.0
116.0 118.0
116.0 121.0
116.0 123.0
116.0 124.0
116.0 131.0
116.0 139.0
116.0 141.0
116.0 146.0
116.0 150.0
116.0 151.0
116.0 152.0
116.0 155.0
116.0 158.0
116.0 161.0
116.0 163.0
116.0 166.0
116.0 167.0
116.0 168.0
116.0 172.0
116.0 174.0
116.0 178.0
116.0 180.0
116.0 182.0
116.0 183.0
116.0 185.0
116.0 187.0
116.0 193.0
116.0 195.0
116.0 196.0
116.0 198.0
116.0 200.0
117.0 110.0
117.0 119.0
117.0 120.0
117.0 125.0
117.0 126.0
117.0 127.0
117.0 128.0
117.0 129.0
117.0 132.0
117.0 133.0
117.0 134.0
117.0 136.0
117.0 137.0
117.0 138.0
117.0 143.0
117.0 144.0
117.0 145.0
117.0 147.0
117.0 154.0
117.0 157.0
117.0 159.0
117.0 160.0
117.0 162.0
117.0 164.0
117.0 169.0
117.0 170.0
117.0 173.0
117.0 175.0
117.0 177.0
117.0 179.0
117.0 182.0
117.0 184.0
117.0 186.0
117.0 188.0
117.0 190.0
117.0 191.0
117.0 192.0
117.0 193.0
117.0 197.0
117.0 198.0
118.0 101.0
118.0 102.0
118.0 104.0
118.0 107.0
118.0 108.0
118.0 110.0
118.0 112.0
118.0 113.0
118.0 114.0
118.0 116.0
118.0 122.0
118.0 123.0
118.0 135.0
118.0 140.0
118.0 141.0
118.0 146.0
118.0 148.0
118.0 150.0
118.0 151.0
118.0 152.0
118.0 155.0
118.0 161.0
118.0 163.0
118.0 166.0
118.0 168.0
118.0 171.0
118.0 172.0
118.0 174.0
118.0 176.0
118.0 180.0
118.0 183.0
118.0 185.0
118.0 189.0
118.0 190.0
118.0 193.0
118.0 195.0
118.0 196.0
118.0 198.0
118.0 199.0
118.0 200.0
119.0 109.0
119.0 110.0
119.0 115.0
119.0 117.0
119.0 124.0
119.0 125.0
119.0 126.0
119.0 130.0
119.0 133.0
119.0 134.0
119.0 136.0
119.0 137.0
119.0 138.0
119.0 139.0
119.0 143.0
119.0 144.0
119.0 145.0
119.0 147.0
119.0 152.0
119.0 153.0
119.0 157.0
119.0 159.0
119.0 160.0
119.0 162.0
119.0 164.0
119.0 165.0
119.0 169.0
119.0 170.0
119.0 173.0
119.0 177.0
119.0 179.0
119.0 181.0
119.0 182.0
119.0 184.0
119.0 186.0
119.0 188.0
119.0 191.0
119.0 192.0
119.0 194.0
119.0 197.0
120.0 109.0
120.0 110.0
120.0 117.0
120.0 121.0
120.0 125.0
120.0 126.0
120.0 127.0
120.0 128.0
120.0 132.0
120.0 133.0
120.0 134.0
120.0 135.0
120.0 136.0
120.0 137.0
120.0 138.0
120.0 144.0
120.0 145.0
120.0 153.0
120.0 157.0
120.0 159.0
120.0 160.0
120.0 162.0
120.0 164.0
120.0 165.0
120.0 169.0
120.0 170.0
120.0 173.0
120.0 175.0
120.0 177.0
120.0 179.0
120.0 181.0
120.0 182.0
120.0 184.0
120.0 186.0
120.0 188.0
120.0 190.0
120.0 191.0
120.0 192.0
120.0 194.0
120.0 197.0
121.0 102.0
121.0 104.0
121.0 107.0
121.0 108.0
121.0 111.0
121.0 112.0
121.0 113.0
121.0 116.0
121.0 120.0
121.0 122.0
121.0 124.0
121.0 135.0
121.0 141.0
121.0 142.0
121.0 146.0
121.0 148.0
121.0 150.0
121.0 152.0
121.0 155.0
121.0 156.0
121.0 158.0
121.0 161.0
121.0 163.0
121.0 166.0
121.0 167.0
121.0 168.0
121.0 171.0
121.0 172.0
121.0 174.0
121.0 180.0
121.0 183.0
121.0 185.0
121.0 187.0
121.0 189.0
121.0 193.0
121.0 196.0
121.0 198.0
121.0 199.0
121.0 200.0
122.0 102.0
122.0 106.0
122.0 107.0
122.0 111.0
122.0 113.0
122.0 114.0
122.0 118.0
122.0 121.0
122.0 123.0
122.0 124.0
122.0 131.0
122.0 139.0
122.0 140.0
122.0 141.0
122.0 142.0
122.0 148.0
122.0 149.0
122.0 150.0
122.0 151.0
122.0 152.0
122.0 155.0
122.0 157.0
122.0 158.0
122.0 161.0
122.0 166.0
122.0 168.0
122.0 171.0
122.0 174.0
122.0 178.0
122.0 180.0
122.0 183.0
122.0 185.0
122.0 187.0
122.0 189.0
122.0 193.0
122.0 195.0
122.0 196.0
122.0 198.0
122.0 199.0
122.0 200.0
123.0 101.0
123.0 103.0
123.0 104.0
123.0 105.0
123.0 107.0
123.0 108.0
123.0 113.0
123.0 116.0
123.0 118.0
123.0 122.0
123.0 124.0
123.0 126.0
123.0 131.0
123.0 135.0
123.0 148.0
123.0 150.0
123.0 151.0
123.0 152.0
123.0 155.0
123.0 156.0
123.0 158.0
123.0 161.0
123.0 163.0
123.0 167.0
123.0 168.0
123.0 169.0
123.0 172.0
123.0 174.0
123.0 176.0
123.0 178.0
123.0 180.0
123.0 183.0
123.0 185.0
123.0 187.0
123.0 189.0
123.0 193.0
123.0 195.0
123.0 196.0
123.0 198.0
123.0 200.0
124.0 101.0
124.0 103.0
124.0 106.0
124.0 107.0
124.0 111.0
124.0 112.0
124.0 116.0
124.0 119.0
124.0 121.0
124.0 122.0
124.0 123.0
124.0 131.0
124.0 135.0
124.0 141.0
124.0 146.0
124.0 149.0
124.0 150.0
124.0 151.0
124.0 152.0
124.0 155.0
124.0 156.0
124.0 158.0
124.0 161.0
124.0 163.0
124.0 166.0
124.0 167.0
124.0 168.0
124.0 171.0
124.0 173.0
124.0 174.0
124.0 176.0
124.0 178.0
124.0 183.0
124.0 185.0
124.0 187.0
124.0 189.0
124.0 193.0
124.0 195.0
124.0 198.0
124.0 199.0
124.0 200.0
125.0 109.0
125.0 110.0
125.0 115.0
125.0 117.0
125.0 119.0
125.0 120.0
125.0 126.0
125.0 127.0
125.0 128.0
125.0 129.0
125.0 132.0
125.0 134.0
125.0 137.0
125.0 139.0
125.0 143.0
125.0 145.0
125.0 147.0
125.0 152.0
125.0 153.0
125.0 154.0
125.0 157.0
125.0 159.0
125.0 160.0
125.0 162.0
125.0 164.0
125.0 165.0
125.0 166.0
125.0 169.0
125.0 170.0
125.0 173.0
125.0 175.0
125.0 177.0
125.0 179.0
125.0 181.0
125.0 182.0
125.0 184.0
125.0 188.0
125.0 191.0
125.0 192.0
125.0 194.0
125.0 197.0
126.0 109.0
126.0 110.0
126.0 115.0
126.0 117.0
126.0 119.0
126.0 120.0
126.0 123.0
126.0 125.0
126.0 128.0
126.0 130.0
126.0 132.0
126.0 134.0
126.0 136.0
126.0 138.0
126.0 143.0
126.0 144.0
126.0 145.0
126.0 147.0
126.0 153.0
126.0 154.0
126.0 155.0
126.0 157.0
126.0 159.0
126.0 160.0
126.0 162.0
126.0 164.0
126.0 165.0
126.0 170.0
126.0 173.0
126.0 175.0
126.0 177.0
126.0 179.0
126.0 181.0
126.0 182.0
126.0 184.0
126.0 186.0
126.0 188.0
126.0 190.0
126.0 191.0
126.0 194.0
126.0 197.0
127.0 109.0
127.0 110.0
127.0 115.0
127.0 117.0
127.0 120.0
127.0 125.0
127.0 128.0
127.0 129.0
127.0 130.0
127.0 132.0
127.0 136.0
127.0 138.0
127.0 143.0
127.0 144.0
127.0 145.0
127.0 147.0
127.0 153.0
127.0 154.0
127.0 157.0
127.0 158.0
127.0 159.0
127.0 160.0
127.0 162.0
127.0 163.0
127.0 164.0
127.0 165.0
127.0 169.0
127.0 170.0
127.0 175.0
127.0 177.0
127.0 179.0
127.0 181.0
127.0 182.0
127.0 184.0
127.0 186.0
127.0 188.0
127.0 190.0
127.0 191.0
127.0 192.0
127.0 194.0
127.0 197.0
128.0 109.0
128.0 110.0
128.0 117.0
128.0 120.0
128.0 125.0
128.0 126.0
128.0 127.0
128.0 130.0
128.0 132.0
128.0 133.0
128.0 134.0
128.0 136.0
128.0 137.0
128.0 138.0
128.0 139.0
128.0 141.0
128.0 143.0
128.0 147.0
128.0 157.0
128.0 159.0
128.0 160.0
128.0 162.0
128.0 164.0
128.0 165.0
128.0 169.0
128.0 170.0
128.0 173.0
128.0 175.0
128.0 177.0
128.0 179.0
128.0 181.0
128.0 182.0
128.0 184.0
128.0 186.0
128.0 187.0
128.0 188.0
128.0 190.0
128.0 191.0
128.0 192.0
128.0 194.0
128.0 197.0
129.0 110.0
129.0 115.0
129.0 117.0
129.0 125.0
129.0 127.0
129.0 130.0
129.0 132.0
129.0 133.0
129.0 134.0
129.0 136.0
129.0 137.0
129.0 138.0
129.0 143.0
129.0 144.0
129.0 145.0
129.0 147.0
129.0 153.0
129.0 154.0
129.0 157.0
129.0 159.0
129.0 160.0
129.0 162.0
129.0 164.0
129.0 169.0
129.0 170.0
129.0 173.0
129.0 175.0
129.0 177.0
129.0 179.0
129.0 180.0
129.0 181.0
129.0 182.0
129.0 184.0
129.0 186.0
129.0 187.0
129.0 188.0
129.0 190.0
129.0 191.0
129.0 192.0
129.0 194.0
129.0 197.0
130.0 109.0
130.0 110.0
130.0 119.0
130.0 126.0
130.0 127.0
130.0 128.0
130.0 129.0
130.0 132.0
130.0 133.0
130.0 134.0
130.0 136.0
130.0 137.0
130.0 138.0
130.0 139.0
130.0 143.0
130.0 144.0
130.0 147.0
130.0 153.0
130.0 154.0
130.0 157.0
130.0 160.0
130.0 161.0
130.0 162.0
130.0 164.0
130.0 165.0
130.0 169.0
130.0 170.0
130.0 171.0
130.0 175.0
130.0 177.0
130.0 179.0
130.0 181.0
130.0 182.0
130.0 184.0
130.0 186.0
130.0 188.0
130.0 190.0
130.0 191.0
130.0 192.0
130.0 194.0
130.0 197.0
131.0 101.0
131.0 102.0
131.0 103.0
131.0 104.0
131.0 106.0
131.0 108.0
131.0 111.0
131.0 113.0
131.0 114.0
131.0 116.0
131.0 122.0
131.0 123.0
131.0 124.0
131.0 135.0
131.0 140.0
131.0 141.0
131.0 142.0
131.0 148.0
131.0 149.0
131.0 151.0
131.0 152.0
131.0 156.0
131.0 159.0
131.0 161.0
131.0 163.0
131.0 167.0
131.0 168.0
131.0 172.0
131.0 174.0
131.0 176.0
131.0 178.0
131.0 179.0
131.0 180.0
131.0 183.0
131.0 189.0
131.0 193.0
131.0 195.0
131.0 196.0
131.0 198.0
131.0 199.0
131.0 200.0
132.0 109.0
132.0 110.0
132.0 113.0
132.0 115.0
132.0 117.0
132.0 120.0
132.0 125.0
132.0 126.0
132.0 127.0
132.0 128.0
132.0 129.0
132.0 130.0
132.0 134.0
132.0 136.0
132.0 139.0
132.0 143.0
132.0 144.0
132.0 145.0
132.0 154.0
132.0 157.0
132.0 159.0
132.0 160.0
132.0 162.0
132.0 165.0
132.0 169.0
132.0 170.0
132.0 173.0
132.0 175.0
132.0 177.0
132.0 179.0
132.0 180.0
132.0 181.0
132.0 182.0
132.0 184.0
132.0 186.0
132.0 188.0
132.0 190.0
132.0 191.0
132.0 192.0
132.0 194.0
132.0 197.0
133.0 106.0
133.0 109.0
133.0 110.0
133.0 115.0
133.0 117.0
133.0 119.0
133.0 120.0
133.0 128.0
133.0 129.0
133.0 130.0
133.0 134.0
133.0 136.0
133.0 137.0
133.0 139.0
133.0 144.0
133.0 145.0
133.0 147.0
133.0 153.0
133.0 154.0
133.0 157.0
133.0 159.0
133.0 162.0
133.0 164.0
133.0 165.0
133.0 169.0
133.0 170.0
133.0 173.0
133.0 175.0
133.0 177.0
133.0 178.0
133.0 179.0
133.0 181.0
133.0 182.0
133.0 184.0
133.0 186.0
133.0 188.0
133.0 190.0
133.0 191.0
133.0 192.0
133.0 194.0
133.0 197.0
134.0 115.0
134.0 117.0
134.0 119.0
134.0 120.0
134.0 125.0
134.0 126.0
134.0 128.0
134.0 129.0
134.0 130.0
134.0 132.0
134.0 133.0
134.0 136.0
134.0 137.0
134.0 138.0
134.0 139.0
134.0 142.0
134.0 144.0
134.0 153.0
134.0 157.0
134.0 159.0
134.0 160.0
134.0 162.0
134.0 164.0
134.0 165.0
134.0 169.0
134.0 170.0
134.0 173.0
134.0 175.0
134.0 176.0
134.0 177.0
134.0 179.0
134.0 181.0
134.0 182.0
134.0 184.0
134.0 186.0
134.0 188.0
134.0 190.0
134.0 191.0
134.0 192.0
134.0 194.0
134.0 197.0
135.0 102.0
135.0 103.0
135.0 104.0
135.0 107.0
135.0 108.0
135.0 111.0
135.0 114.0
135.0 118.0
135.0 120.0
135.0 121.0
135.0 123.0
135.0 124.0
135.0 131.0
135.0 140.0
135.0 141.0
135.0 142.0
135.0 145.0
135.0 148.0
135.0 149.0
135.0 151.0
135.0 152.0
135.0 154.0
135.0 155.0
135.0 156.0
135.0 158.0
135.0 161.0
135.0 163.0
135.0 167.0
135.0 168.0
135.0 171.0
135.0 172.0
135.0 174.0
135.0 176.0
135.0 183.0
135.0 185.0
135.0 187.0
135.0 195.0
135.0 196.0
135.0 198.0
135.0 199.0
135.0 200.0
136.0 109.0
136.0 115.0
136.0 117.0
136.0 119.0
136.0 120.0
136.0 126.0
136.0 127.0
136.0 128.0
136.0 129.0
136.0 130.0
136.0 132.0
136.0 133.0
136.0 134.0
136.0 138.0
136.0 139.0
136.0 143.0
136.0 144.0
136.0 145.0
136.0 147.0
136.0 153.0
136.0 154.0
136.0 157.0
136.0 159.0
136.0 160.0
136.0 162.0
136.0 164.0
136.0 165.0
136.0 169.0
136.0 170.0
136.0 173.0
136.0 175.0
136.0 176.0
136.0 177.0
136.0 178.0
136.0 179.0
136.0 181.0
136.0 186.0
136.0 188.0
136.0 190.0
136.0 192.0
136.0 194.0
136.0 197.0
137.0 110.0
137.0 113.0
137.0 117.0
137.0 119.0
137.0 120.0
137.0 125.0
137.0 128.0
137.0 129.0
137.0 130.0
137.0 133.0
137.0 134.0
137.0 138.0
137.0 139.0
137.0 143.0
137.0 144.0
137.0 145.0
137.0 147.0
137.0 148.0
137.0 153.0
137.0 154.0
137.0 157.0
137.0 159.0
137.0 160.0
137.0 162.0
137.0 164.0
137.0 165.0
137.0 169.0
137.0 170.0
137.0 173.0
137.0 174.0
137.0 175.0
137.0 177.0
137.0 179.0
137.0 182.0
137.0 184.0
137.0 186.0
137.0 188.0
137.0 190.0
137.0 191.0
137.0 192.0
137.0 194.0
137.0 197.0
138.0 110.0
138.0 115.0
138.0 117.0
138.0 119.0
138.0 120.0
138.0 126.0
138.0 127.0
138.0 128.0
138.0 129.0
138.0 130.0
138.0 134.0
138.0 136.0
138.0 137.0
138.0 139.0
138.0 144.0
138.0 145.0
138.0 146.0
138.0 151.0
138.0 153.0
138.0 154.0
138.0 157.0
138.0 159.0
138.0 160.0
138.0 162.0
138.0 164.0
138.0 165.0
138.0 170.0
138.0 173.0
138.0 175.0
138.0 177.0
138.0 179.0
138.0 181.0
138.0 182.0
138.0 184.0
138.0 186.0
138.0 188.0
138.0 189.0
138.0 190.0
138.0 191.0
138.0 192.0
138.0 194.0
138.0 197.0
139.0 106.0
139.0 110.0
139.0 115.0
139.0 116.0
139.0 119.0
139.0 122.0
139.0 125.0
139.0 128.0
139.0 130.0
139.0 132.0
139.0 133.0
139.0 134.0
139.0 136.0
139.0 137.0
139.0 138.0
139.0 143.0
139.0 144.0
139.0 145.0
139.0 147.0
139.0 154.0
139.0 157.0
139.0 159.0
139.0 160.0
139.0 162.0
139.0 164.0
139.0 165.0
139.0 169.0
139.0 170.0
139.0 173.0
139.0 175.0
139.0 177.0
139.0 179.0
139.0 181.0
139.0 182.0
139.0 184.0
139.0 186.0
139.0 188.0
139.0 190.0
139.0 191.0
139.0 192.0
139.0 194.0
139.0 197.0
140.0 101.0
140.0 103.0
140.0 104.0
140.0 105.0
140.0 107.0
140.0 108.0
140.0 111.0
140.0 112.0
140.0 113.0
140.0 114.0
140.0 118.0
140.0 122.0
140.0 131.0
140.0 135.0
140.0 141.0
140.0 142.0
140.0 146.0
140.0 148.0
140.0 149.0
140.0 150.0
140.0 152.0
140.0 155.0
140.0 160.0
140.0 161.0
140.0 163.0
140.0 166.0
140.0 167.0
140.0 171.0
140.0 172.0
140.0 174.0
140.0 178.0
140.0 181.0
140.0 183.0
140.0 185.0
140.0 187.0
140.0 189.0
140.0 193.0
140.0 194.0
140.0 195.0
140.0 196.0
140.0 198.0
140.0 199.0
141.0 101.0
141.0 102.0
141.0 103.0
141.0 105.0
141.0 106.0
141.0 107.0
141.0 108.0
141.0 113.0
141.0 116.0
141.0 118.0
141.0 121.0
141.0 122.0
141.0 124.0
141.0 128.0
141.0 131.0
141.0 135.0
141.0 140.0
141.0 146.0
141.0 150.0
141.0 151.0
141.0 152.0
141.0 156.0
141.0 158.0
141.0 161.0
141.0 162.0
141.0 166.0
141.0 167.0
141.0 168.0
141.0 171.0
141.0 172.0
141.0 174.0
141.0 176.0
141.0 178.0
141.0 180.0
141.0 183.0
141.0 185.0
141.0 187.0
141.0 189.0
141.0 193.0
141.0 196.0
141.0 198.0
141.0 200.0
142.0 101.0
142.0 104.0
142.0 105.0
142.0 106.0
142.0 107.0
142.0 112.0
142.0 113.0
142.0 114.0
142.0 121.0
142.0 122.0
142.0 131.0
142.0 134.0
142.0 135.0
142.0 140.0
142.0 146.0
142.0 150.0
142.0 151.0
142.0 152.0
142.0 155.0
142.0 156.0
142.0 158.0
142.0 161.0
142.0 163.0
142.0 166.0
142.0 167.0
142.0 171.0
142.0 172.0
142.0 174.0
142.0 176.0
142.0 178.0
142.0 180.0
142.0 183.0
142.0 185.0
142.0 187.0
142.0 189.0
142.0 193.0
142.0 195.0
142.0 196.0
142.0 198.0
142.0 199.0
142.0 200.0
143.0 109.0
143.0 117.0
143.0 119.0
143.0 125.0
143.0 126.0
143.0 127.0
143.0 128.0
143.0 129.0
143.0 130.0
143.0 132.0
143.0 136.0
143.0 137.0
143.0 139.0
143.0 144.0
143.0 145.0
143.0 147.0
143.0 148.0
143.0 153.0
143.0 154.0
143.0 157.0
143.0 159.0
143.0 160.0
143.0 162.0
143.0 164.0
143.0 165.0
143.0 167.0
143.0 169.0
143.0 170.0
143.0 174.0
143.0 175.0
143.0 177.0
143.0 179.0
143.0 181.0
143.0 182.0
143.0 184.0
143.0 186.0
143.0 188.0
143.0 190.0
143.0 191.0
143.0 192.0
143.0 194.0
143.0 197.0
144.0 105.0
144.0 110.0
144.0 115.0
144.0 117.0
144.0 119.0
144.0 120.0
144.0 126.0
144.0 127.0
144.0 129.0
144.0 130.0
144.0 132.0
144.0 133.0
144.0 134.0
144.0 136.0
144.0 137.0
144.0 138.0
144.0 139.0
144.0 143.0
144.0 145.0
144.0 147.0
144.0 153.0
144.0 154.0
144.0 158.0
144.0 159.0
144.0 160.0
144.0 164.0
144.0 165.0
144.0 169.0
144.0 170.0
144.0 173.0
144.0 175.0
144.0 177.0
144.0 179.0
144.0 181.0
144.0 182.0
144.0 184.0
144.0 186.0
144.0 190.0
144.0 191.0
144.0 192.0
144.0 194.0
144.0 197.0
145.0 109.0
145.0 110.0
145.0 115.0
145.0 117.0
145.0 119.0
145.0 120.0
145.0 125.0
145.0 126.0
145.0 127.0
145.0 129.0
145.0 132.0
145.0 133.0
145.0 135.0
145.0 136.0
145.0 137.0
145.0 138.0
145.0 139.0
145.0 143.0
145.0 144.0
145.0 147.0
145.0 153.0
145.0 154.0
145.0 157.0
145.0 159.0
145.0 160.0
145.0 162.0
145.0 164.0
145.0 169.0
145.0 173.0
145.0 175.0
145.0 177.0
145.0 178.0
145.0 179.0
145.0 181.0
145.0 182.0
145.0 186.0
145.0 188.0
145.0 190.0
145.0 191.0
145.0 192.0
145.0 194.0
145.0 196.0
145.0 197.0
146.0 101.0
146.0 103.0
146.0 104.0
146.0 105.0
146.0 106.0
146.0 111.0
146.0 113.0
146.0 114.0
146.0 116.0
146.0 118.0
146.0 121.0
146.0 124.0
146.0 138.0
146.0 140.0
146.0 141.0
146.0 142.0
146.0 148.0
146.0 149.0
146.0 150.0
146.0 152.0
146.0 154.0
146.0 155.0
146.0 156.0
146.0 158.0
146.0 161.0
146.0 163.0
146.0 166.0
146.0 167.0
146.0 168.0
146.0 171.0
146.0 172.0
146.0 174.0
146.0 176.0
146.0 178.0
146.0 180.0
146.0 183.0
146.0 185.0
146.0 187.0
146.0 189.0
146.0 195.0
146.0 196.0
146.0 199.0
146.0 200.0
147.0 108.0
147.0 109.0
147.0 111.0
147.0 115.0
147.0 117.0
147.0 119.0
147.0 125.0
147.0 126.0
147.0 127.0
147.0 128.0
147.0 129.0
147.0 130.0
147.0 133.0
147.0 136.0
147.0 137.0
147.0 139.0
147.0 143.0
147.0 144.0
147.0 145.0
147.0 153.0
147.0 154.0
147.0 157.0
147.0 159.0
147.0 160.0
147.0 162.0
147.0 164.0
147.0 165.0
147.0 169.0
147.0 170.0
147.0 173.0
147.0 175.0
147.0 177.0
147.0 181.0
147.0 182.0
147.0 184.0
147.0 185.0
147.0 186.0
147.0 188.0
147.0 190.0
147.0 191.0
147.0 192.0
147.0 194.0
147.0 197.0
148.0 101.0
148.0 102.0
148.0 104.0
148.0 105.0
148.0 108.0
148.0 111.0
148.0 112.0
148.0 113.0
148.0 114.0
148.0 118.0
148.0 121.0
148.0 122.0
148.0 123.0
148.0 131.0
148.0 135.0
148.0 137.0
148.0 140.0
148.0 143.0
148.0 146.0
148.0 149.0
148.0 150.0
148.0 151.0
148.0 155.0
148.0 156.0
148.0 158.0
148.0 161.0
148.0 166.0
148.0 167.0
148.0 171.0
148.0 172.0
148.0 176.0
148.0 178.0
148.0 180.0
148.0 183.0
148.0 185.0
148.0 187.0
148.0 189.0
148.0 193.0
148.0 195.0
148.0 196.0
148.0 198.0
148.0 199.0
148.0 200.0
149.0 101.0
149.0 102.0
149.0 103.0
149.0 104.0
149.0 105.0
149.0 106.0
149.0 107.0
149.0 108.0
149.0 112.0
149.0 113.0
149.0 114.0
149.0 122.0
149.0 124.0
149.0 131.0
149.0 135.0
149.0 140.0
149.0 146.0
149.0 148.0
149.0 150.0
149.0 151.0
149.0 152.0
149.0 155.0
149.0 156.0
149.0 161.0
149.0 163.0
149.0 166.0
149.0 167.0
149.0 168.0
149.0 171.0
149.0 172.0
149.0 174.0
149.0 176.0
149.0 178.0
149.0 180.0
149.0 182.0
149.0 189.0
149.0 193.0
149.0 195.0
149.0 196.0
149.0 198.0
149.0 199.0
149.0 200.0
150.0 103.0
150.0 104.0
150.0 105.0
150.0 107.0
150.0 108.0
150.0 111.0
150.0 112.0
150.0 114.0
150.0 116.0
150.0 118.0
150.0 121.0
150.0 122.0
150.0 123.0
150.0 124.0
150.0 140.0
150.0 141.0
150.0 142.0
150.0 146.0
150.0 148.0
150.0 149.0
150.0 155.0
150.0 156.0
150.0 158.0
150.0 163.0
150.0 164.0
150.0 166.0
150.0 167.0
150.0 168.0
150.0 171.0
150.0 172.0
150.0 174.0
150.0 176.0
150.0 178.0
150.0 180.0
150.0 183.0
150.0 184.0
150.0 185.0
150.0 189.0
150.0 193.0
150.0 195.0
150.0 196.0
150.0 199.0
150.0 200.0
151.0 101.0
151.0 102.0
151.0 103.0
151.0 106.0
151.0 107.0
151.0 108.0
151.0 112.0
151.0 113.0
151.0 116.0
151.0 118.0
151.0 122.0
151.0 123.0
151.0 124.0
151.0 131.0
151.0 135.0
151.0 138.0
151.0 141.0
151.0 142.0
151.0 148.0
151.0 149.0
151.0 152.0
151.0 155.0
151.0 156.0
151.0 158.0
151.0 163.0
151.0 166.0
151.0 167.0
151.0 168.0
151.0 171.0
151.0 174.0
151.0 176.0
151.0 178.0
151.0 180.0
151.0 183.0
151.0 187.0
151.0 189.0
151.0 193.0
151.0 195.0
151.0 196.0
151.0 198.0
151.0 199.0
151.0 200.0
152.0 101.0
152.0 102.0
152.0 104.0
152.0 105.0
152.0 107.0
152.0 108.0
152.0 109.0
152.0 111.0
152.0 112.0
152.0 114.0
152.0 116.0
152.0 118.0
152.0 119.0
152.0 121.0
152.0 122.0
152.0 123.0
152.0 124.0
152.0 125.0
152.0 131.0
152.0 135.0
152.0 140.0
152.0 141.0
152.0 142.0
152.0 146.0
152.0 149.0
152.0 151.0
152.0 155.0
152.0 156.0
152.0 166.0
152.0 167.0
152.0 171.0
152.0 172.0
152.0 174.0
152.0 180.0
152.0 183.0
152.0 185.0
152.0 187.0
152.0 189.0
152.0 193.0
152.0 195.0
152.0 196.0
152.0 198.0
152.0 199.0
153.0 105.0
153.0 109.0
153.0 110.0
153.0 115.0
153.0 119.0
153.0 120.0
153.0 125.0
153.0 126.0
153.0 127.0
153.0 129.0
153.0 130.0
153.0 133.0
153.0 134.0
153.0 136.0
153.0 137.0
153.0 138.0
153.0 143.0
153.0 144.0
153.0 145.0
153.0 147.0
153.0 154.0
153.0 157.0
153.0 159.0
153.0 160.0
153.0 162.0
153.0 164.0
153.0 165.0
153.0 170.0
153.0 173.0
153.0 175.0
153.0 177.0
153.0 179.0
153.0 181.0
153.0 182.0
153.0 184.0
153.0 186.0
153.0 188.0
153.0 190.0
153.0 191.0
153.0 192.0
153.0 194.0
153.0 197.0
153.0 199.0
154.0 109.0
154.0 110.0
154.0 115.0
154.0 117.0
154.0 125.0
154.0 126.0
154.0 127.0
154.0 129.0
154.0 130.0
154.0 132.0
154.0 133.0
154.0 135.0
154.0 136.0
154.0 137.0
154.0 138.0
154.0 139.0
154.0 143.0
154.0 144.0
154.0 145.0
154.0 146.0
154.0 147.0
154.0 153.0
154.0 157.0
154.0 159.0
154.0 160.0
154.0 162.0
154.0 164.0
154.0 165.0
154.0 169.0
154.0 170.0
154.0 173.0
154.0 175.0
154.0 177.0
154.0 179.0
154.0 181.0
154.0 182.0
154.0 184.0
154.0 186.0
154.0 188.0
154.0 190.0
154.0 191.0
154.0 192.0
154.0 194.0
154.0 197.0
155.0 101.0
155.0 103.0
155.0 105.0
155.0 108.0
155.0 111.0
155.0 112.0
155.0 114.0
155.0 116.0
155.0 118.0
155.0 121.0
155.0 122.0
155.0 123.0
155.0 124.0
155.0 126.0
155.0 135.0
155.0 140.0
155.0 142.0
155.0 146.0
155.0 148.0
155.0 149.0
155.0 150.0
155.0 151.0
155.0 152.0
155.0 156.0
155.0 157.0
155.0 161.0
155.0 166.0
155.0 167.0
155.0 168.0
155.0 171.0
155.0 172.0
155.0 176.0
155.0 178.0
155.0 180.0
155.0 183.0
155.0 185.0
155.0 187.0
155.0 189.0
155.0 193.0
155.0 195.0
155.0 196.0
155.0 198.0
155.0 199.0
155.0 200.0
156.0 101.0
156.0 103.0
156.0 104.0
156.0 105.0
156.0 106.0
156.0 108.0
156.0 111.0
156.0 112.0
156.0 114.0
156.0 121.0
156.0 123.0
156.0 124.0
156.0 131.0
156.0 135.0
156.0 141.0
156.0 142.0
156.0 146.0
156.0 148.0
156.0 149.0
156.0 150.0
156.0 151.0
156.0 152.0
156.0 155.0
156.0 158.0
156.0 162.0
156.0 163.0
156.0 166.0
156.0 167.0
156.0 168.0
156.0 171.0
156.0 172.0
156.0 173.0
156.0 174.0
156.0 176.0
156.0 178.0
156.0 180.0
156.0 183.0
156.0 185.0
156.0 187.0
156.0 189.0
156.0 193.0
156.0 196.0
156.0 198.0
156.0 200.0
157.0 109.0
157.0 110.0
157.0 117.0
157.0 119.0
157.0 120.0
157.0 122.0
157.0 125.0
157.0 126.0
157.0 127.0
157.0 128.0
157.0 129.0
157.0 130.0
157.0 132.0
157.0 133.0
157.0 134.0
157.0 136.0
157.0 137.0
157.0 138.0
157.0 139.0
157.0 143.0
157.0 145.0
157.0 147.0
157.0 153.0
157.0 154.0
157.0 155.0
157.0 160.0
157.0 164.0
157.0 165.0
157.0 169.0
157.0 170.0
157.0 173.0
157.0 175.0
157.0 177.0
157.0 179.0
157.0 181.0
157.0 182.0
157.0 184.0
157.0 186.0
157.0 188.0
157.0 190.0
157.0 191.0
157.0 192.0
157.0 194.0
157.0 197.0
158.0 101.0
158.0 102.0
158.0 103.0
158.0 105.0
158.0 106.0
158.0 107.0
158.0 108.0
158.0 112.0
158.0 114.0
158.0 116.0
158.0 121.0
158.0 122.0
158.0 123.0
158.0 124.0
158.0 127.0
158.0 135.0
158.0 141.0
158.0 142.0
158.0 144.0
158.0 146.0
158.0 148.0
158.0 150.0
158.0 151.0
158.0 156.0
158.0 159.0
158.0 161.0
158.0 163.0
158.0 166.0
158.0 167.0
158.0 168.0
158.0 174.0
158.0 176.0
158.0 178.0
158.0 180.0
158.0 183.0
158.0 185.0
158.0 187.0
158.0 189.0
158.0 193.0
158.0 195.0
158.0 196.0
158.0 198.0
158.0 199.0
158.0 200.0
159.0 109.0
159.0 115.0
159.0 117.0
159.0 119.0
159.0 120.0
159.0 125.0
159.0 126.0
159.0 127.0
159.0 128.0
159.0 129.0
159.0 131.0
159.0 132.0
159.0 133.0
159.0 134.0
159.0 136.0
159.0 137.0
159.0 138.0
159.0 139.0
159.0 143.0
159.0 144.0
159.0 145.0
159.0 147.0
159.0 153.0
159.0 154.0
159.0 158.0
159.0 160.0
159.0 162.0
159.0 164.0
159.0 165.0
159.0 169.0
159.0 173.0
159.0 175.0
159.0 177.0
159.0 179.0
159.0 181.0
159.0 182.0
159.0 184.0
159.0 186.0
159.0 188.0
159.0 190.0
159.0 191.0
159.0 192.0
159.0 194.0
159.0 197.0
160.0 110.0
160.0 115.0
160.0 117.0
160.0 119.0
160.0 120.0
160.0 125.0
160.0 126.0
160.0 127.0
160.0 128.0
160.0 129.0
160.0 130.0
160.0 132.0
160.0 134.0
160.0 136.0
160.0 137.0
160.0 138.0
160.0 139.0
160.0 140.0
160.0 143.0
160.0 144.0
160.0 145.0
160.0 147.0
160.0 153.0
160.0 154.0
160.0 157.0
160.0 159.0
160.0 162.0
160.0 165.0
160.0 169.0
160.0 170.0
160.0 173.0
160.0 175.0
160.0 177.0
160.0 179.0
160.0 181.0
160.0 182.0
160.0 184.0
160.0 186.0
160.0 189.0
160.0 190.0
160.0 191.0
160.0 192.0
160.0 194.0
160.0 197.0
161.0 101.0
161.0 103.0
161.0 104.0
161.0 105.0
161.0 106.0
161.0 107.0
161.0 108.0
161.0 111.0
161.0 113.0
161.0 116.0
161.0 118.0
161.0 121.0
161.0 122.0
161.0 123.0
161.0 124.0
161.0 130.0
161.0 131.0
161.0 135.0
161.0 140.0
161.0 141.0
161.0 142.0
161.0 146.0
161.0 148.0
161.0 149.0
161.0 155.0
161.0 158.0
161.0 163.0
161.0 167.0
161.0 168.0
161.0 171.0
161.0 174.0
161.0 176.0
161.0 180.0
161.0 183.0
161.0 185.0
161.0 186.0
161.0 187.0
161.0 189.0
161.0 193.0
161.0 194.0
161.0 195.0
161.0 198.0
161.0 199.0
161.0 200.0
162.0 109.0
162.0 110.0
162.0 115.0
162.0 117.0
162.0 119.0
162.0 120.0
162.0 125.0
162.0 126.0
162.0 127.0
162.0 128.0
162.0 129.0
162.0 130.0
162.0 132.0
162.0 133.0
162.0 134.0
162.0 136.0
162.0 137.0
162.0 138.0
162.0 139.0
162.0 141.0
162.0 143.0
162.0 145.0
162.0 147.0
162.0 153.0
162.0 154.0
162.0 156.0
162.0 159.0
162.0 160.0
162.0 163.0
162.0 164.0
162.0 165.0
162.0 169.0
162.0 173.0
162.0 175.0
162.0 179.0
162.0 181.0
162.0 182.0
162.0 184.0
162.0 186.0
162.0 188.0
162.0 190.0
162.0 191.0
162.0 192.0
162.0 194.0
162.0 197.0
163.0 102.0
163.0 103.0
163.0 104.0
163.0 105.0
163.0 107.0
163.0 108.0
163.0 111.0
163.0 112.0
163.0 113.0
163.0 114.0
163.0 116.0
163.0 118.0
163.0 121.0
163.0 123.0
163.0 124.0
163.0 127.0
163.0 131.0
163.0 135.0
163.0 140.0
163.0 142.0
163.0 146.0
163.0 149.0
163.0 150.0
163.0 151.0
163.0 156.0
163.0 158.0
163.0 161.0
163.0 162.0
163.0 166.0
163.0 167.0
163.0 168.0
163.0 171.0
163.0 172.0
163.0 176.0
163.0 178.0
163.0 183.0
163.0 185.0
163.0 187.0
163.0 189.0
163.0 193.0
163.0 195.0
163.0 198.0
163.0 199.0
163.0 200.0
164.0 108.0
164.0 109.0
164.0 110.0
164.0 115.0
164.0 117.0
164.0 119.0
164.0 120.0
164.0 125.0
164.0 126.0
164.0 127.0
164.0 128.0
164.0 129.0
164.0 130.0
164.0 133.0
164.0 134.0
164.0 136.0
164.0 137.0
164.0 138.0
164.0 139.0
164.0 143.0
164.0 144.0
164.0 145.0
164.0 147.0
164.0 150.0
164.0 153.0
164.0 154.0
164.0 157.0
164.0 159.0
164.0 162.0
164.0 165.0
164.0 169.0
164.0 170.0
164.0 173.0
164.0 177.0
164.0 179.0
164.0 181.0
164.0 182.0
164.0 184.0
164.0 186.0
164.0 188.0
164.0 190.0
164.0 191.0
164.0 192.0
164.0 194.0
164.0 197.0
165.0 107.0
165.0 109.0
165.0 110.0
165.0 115.0
165.0 119.0
165.0 120.0
165.0 125.0
165.0 126.0
165.0 127.0
165.0 128.0
165.0 130.0
165.0 132.0
165.0 133.0
165.0 134.0
165.0 136.0
165.0 137.0
165.0 138.0
165.0 139.0
165.0 143.0
165.0 144.0
165.0 147.0
165.0 153.0
165.0 154.0
165.0 157.0
165.0 159.0
165.0 160.0
165.0 162.0
165.0 164.0
165.0 169.0
165.0 170.0
165.0 173.0
165.0 175.0
165.0 177.0
165.0 179.0
165.0 181.0
165.0 182.0
165.0 184.0
165.0 186.0
165.0 188.0
165.0 190.0
165.0 191.0
165.0 192.0
165.0 194.0
165.0 197.0
165.0 198.0
166.0 101.0
166.0 102.0
166.0 104.0
166.0 105.0
166.0 106.0
166.0 107.0
166.0 111.0
166.0 113.0
166.0 114.0
166.0 116.0
166.0 118.0
166.0 121.0
166.0 122.0
166.0 124.0
166.0 125.0
166.0 140.0
166.0 141.0
166.0 142.0
166.0 146.0
166.0 148.0
166.0 149.0
166.0 150.0
166.0 151.0
166.0 152.0
166.0 155.0
166.0 156.0
166.0 158.0
166.0 163.0
166.0 167.0
166.0 168.0
166.0 171.0
166.0 172.0
166.0 174.0
166.0 176.0
166.0 178.0
166.0 180.0
166.0 183.0
166.0 185.0
166.0 187.0
166.0 189.0
166.0 193.0
166.0 195.0
166.0 196.0
166.0 199.0
167.0 102.0
167.0 103.0
167.0 104.0
167.0 105.0
167.0 106.0
167.0 111.0
167.0 112.0
167.0 113.0
167.0 114.0
167.0 116.0
167.0 121.0
167.0 123.0
167.0 124.0
167.0 131.0
167.0 135.0
167.0 140.0
167.0 141.0
167.0 142.0
167.0 143.0
167.0 146.0
167.0 148.0
167.0 149.0
167.0 150.0
167.0 151.0
167.0 152.0
167.0 155.0
167.0 156.0
167.0 158.0
167.0 161.0
167.0 163.0
167.0 166.0
167.0 168.0
167.0 170.0
167.0 171.0
167.0 172.0
167.0 176.0
167.0 180.0
167.0 183.0
167.0 185.0
167.0 187.0
167.0 193.0
167.0 196.0
167.0 198.0
167.0 199.0
167.0 200.0
168.0 104.0
168.0 105.0
168.0 106.0
168.0 107.0
168.0 108.0
168.0 110.0
168.0 111.0
168.0 112.0
168.0 114.0
168.0 116.0
168.0 118.0
168.0 121.0
168.0 122.0
168.0 123.0
168.0 124.0
168.0 131.0
168.0 135.0
168.0 141.0
168.0 146.0
168.0 149.0
168.0 150.0
168.0 151.0
168.0 155.0
168.0 156.0
168.0 158.0
168.0 161.0
168.0 163.0
168.0 166.0
168.0 167.0
168.0 171.0
168.0 172.0
168.0 174.0
168.0 176.0
168.0 177.0
168.0 180.0
168.0 182.0
168.0 183.0
168.0 187.0
168.0 189.0
168.0 193.0
168.0 195.0
168.0 196.0
168.0 198.0
168.0 199.0
168.0 200.0
169.0 109.0
169.0 110.0
169.0 115.0
169.0 117.0
169.0 119.0
169.0 120.0
169.0 123.0
169.0 125.0
169.0 127.0
169.0 128.0
169.0 129.0
169.0 130.0
169.0 132.0
169.0 133.0
169.0 134.0
169.0 136.0
169.0 137.0
169.0 139.0
169.0 143.0
169.0 144.0
169.0 145.0
169.0 147.0
169.0 154.0
169.0 157.0
169.0 159.0
169.0 160.0
169.0 162.0
169.0 164.0
169.0 165.0
169.0 170.0
169.0 173.0
169.0 175.0
169.0 177.0
169.0 179.0
169.0 181.0
169.0 182.0
169.0 183.0
169.0 184.0
169.0 186.0
169.0 188.0
169.0 190.0
169.0 191.0
169.0 192.0
169.0 194.0
169.0 197.0
170.0 109.0
170.0 110.0
170.0 115.0
170.0 117.0
170.0 119.0
170.0 120.0
170.0 125.0
170.0 126.0
170.0 127.0
170.0 128.0
170.0 129.0
170.0 130.0
170.0 132.0
170.0 133.0
170.0 134.0
170.0 136.0
170.0 137.0
170.0 138.0
170.0 139.0
170.0 143.0
170.0 144.0
170.0 147.0
170.0 153.0
170.0 154.0
170.0 157.0
170.0 160.0
170.0 164.0
170.0 165.0
170.0 167.0
170.0 169.0
170.0 173.0
170.0 175.0
170.0 177.0
170.0 179.0
170.0 181.0
170.0 182.0
170.0 184.0
170.0 186.0
170.0 188.0
170.0 190.0
170.0 191.0
170.0 192.0
170.0 194.0
170.0 196.0
170.0 197.0
171.0 102.0
171.0 103.0
171.0 105.0
171.0 106.0
171.0 107.0
171.0 108.0
171.0 111.0
171.0 112.0
171.0 113.0
171.0 118.0
171.0 121.0
171.0 122.0
171.0 124.0
171.0 130.0
171.0 135.0
171.0 140.0
171.0 141.0
171.0 142.0
171.0 146.0
171.0 148.0
171.0 149.0
171.0 150.0
171.0 151.0
171.0 152.0
171.0 155.0
171.0 156.0
171.0 161.0
171.0 163.0
171.0 166.0
171.0 167.0
171.0 168.0
171.0 172.0
171.0 176.0
171.0 178.0
171.0 180.0
171.0 185.0
171.0 187.0
171.0 189.0
171.0 193.0
171.0 195.0
171.0 196.0
171.0 198.0
171.0 199.0
171.0 200.0
172.0 101.0
172.0 102.0
172.0 104.0
172.0 106.0
172.0 107.0
172.0 111.0
172.0 112.0
172.0 114.0
172.0 116.0
172.0 118.0
172.0 121.0
172.0 123.0
172.0 131.0
172.0 135.0
172.0 140.0
172.0 141.0
172.0 142.0
172.0 146.0
172.0 148.0
172.0 149.0
172.0 150.0
172.0 152.0
172.0 155.0
172.0 156.0
172.0 163.0
172.0 166.0
172.0 167.0
172.0 168.0
172.0 171.0
172.0 174.0
172.0 176.0
172.0 178.0
172.0 180.0
172.0 183.0
172.0 185.0
172.0 187.0
172.0 188.0
172.0 189.0
172.0 193.0
172.0 195.0
172.0 196.0
172.0 197.0
172.0 198.0
172.0 199.0
172.0 200.0
173.0 109.0
173.0 110.0
173.0 115.0
173.0 117.0
173.0 119.0
173.0 120.0
173.0 124.0
173.0 125.0
173.0 126.0
173.0 128.0
173.0 129.0
173.0 132.0
173.0 133.0
173.0 134.0
173.0 136.0
173.0 137.0
173.0 138.0
173.0 139.0
173.0 144.0
173.0 145.0
173.0 147.0
173.0 153.0
173.0 154.0
173.0 156.0
173.0 157.0
173.0 159.0
173.0 160.0
173.0 162.0
173.0 164.0
173.0 165.0
173.0 169.0
173.0 170.0
173.0 175.0
173.0 177.0
173.0 179.0
173.0 181.0
173.0 182.0
173.0 184.0
173.0 186.0
173.0 188.0
173.0 190.0
173.0 191.0
173.0 192.0
173.0 194.0
173.0 197.0
174.0 103.0
174.0 104.0
174.0 105.0
174.0 106.0
174.0 107.0
174.0 108.0
174.0 112.0
174.0 113.0
174.0 115.0
174.0 116.0
174.0 118.0
174.0 121.0
174.0 122.0
174.0 123.0
174.0 124.0
174.0 131.0
174.0 135.0
174.0 137.0
174.0 140.0
174.0 141.0
174.0 142.0
174.0 143.0
174.0 146.0
174.0 149.0
174.0 150.0
174.0 151.0
174.0 152.0
174.0 156.0
174.0 158.0
174.0 161.0
174.0 166.0
174.0 168.0
174.0 172.0
174.0 176.0
174.0 178.0
174.0 180.0
174.0 183.0
174.0 185.0
174.0 187.0
174.0 189.0
174.0 193.0
174.0 195.0
174.0 196.0
174.0 198.0
174.0 199.0
174.0 200.0
175.0 109.0
175.0 110.0
175.0 115.0
175.0 117.0
175.0 120.0
175.0 125.0
175.0 126.0
175.0 127.0
175.0 128.0
175.0 129.0
175.0 130.0
175.0 132.0
175.0 133.0
175.0 134.0
175.0 136.0
175.0 137.0
175.0 138.0
175.0 139.0
175.0 143.0
175.0 144.0
175.0 145.0
175.0 147.0
175.0 153.0
175.0 154.0
175.0 157.0
175.0 159.0
175.0 160.0
175.0 162.0
175.0 165.0
175.0 169.0
175.0 170.0
175.0 173.0
175.0 177.0
175.0 179.0
175.0 181.0
175.0 182.0
175.0 183.0
175.0 184.0
175.0 186.0
175.0 188.0
175.0 190.0
175.0 191.0
175.0 192.0
175.0 194.0
175.0 197.0
175.0 200.0
176.0 101.0
176.0 102.0
176.0 103.0
176.0 105.0
176.0 106.0
176.0 108.0
176.0 111.0
176.0 112.0
176.0 113.0
176.0 114.0
176.0 118.0
176.0 123.0
176.0 124.0
176.0 131.0
176.0 134.0
176.0 135.0
176.0 136.0
176.0 141.0
176.0 142.0
176.0 146.0
176.0 148.0
176.0 149.0
176.0 150.0
176.0 151.0
176.0 155.0
176.0 156.0
176.0 158.0
176.0 161.0
176.0 163.0
176.0 166.0
176.0 167.0
176.0 168.0
176.0 171.0
176.0 172.0
176.0 174.0
176.0 178.0
176.0 180.0
176.0 183.0
176.0 185.0
176.0 187.0
176.0 193.0
176.0 195.0
176.0 196.0
176.0 198.0
176.0 199.0
176.0 200.0
177.0 101.0
177.0 109.0
177.0 110.0
177.0 115.0
177.0 117.0
177.0 119.0
177.0 120.0
177.0 125.0
177.0 126.0
177.0 127.0
177.0 128.0
177.0 129.0
177.0 130.0
177.0 132.0
177.0 133.0
177.0 134.0
177.0 136.0
177.0 137.0
177.0 138.0
177.0 139.0
177.0 143.0
177.0 144.0
177.0 145.0
177.0 147.0
177.0 153.0
177.0 154.0
177.0 157.0
177.0 159.0
177.0 160.0
177.0 164.0
177.0 165.0
177.0 168.0
177.0 169.0
177.0 170.0
177.0 173.0
177.0 175.0
177.0 181.0
177.0 182.0
177.0 184.0
177.0 186.0
177.0 188.0
177.0 190.0
177.0 191.0
177.0 192.0
177.0 194.0
177.0 197.0
178.0 101.0
178.0 102.0
178.0 103.0
178.0 104.0
178.0 106.0
178.0 107.0
178.0 108.0
178.0 111.0
178.0 112.0
178.0 113.0
178.0 114.0
178.0 116.0
178.0 122.0
178.0 123.0
178.0 124.0
178.0 131.0
178.0 133.0
178.0 136.0
178.0 140.0
178.0 141.0
178.0 142.0
178.0 145.0
178.0 146.0
178.0 148.0
178.0 149.0
178.0 150.0
178.0 151.0
178.0 155.0
178.0 156.0
178.0 158.0
178.0 163.0
178.0 166.0
178.0 171.0
178.0 172.0
178.0 174.0
178.0 176.0
178.0 180.0
178.0 183.0
178.0 185.0
178.0 187.0
178.0 189.0
178.0 193.0
178.0 195.0
178.0 196.0
178.0 198.0
178.0 199.0
179.0 109.0
179.0 110.0
179.0 115.0
179.0 117.0
179.0 119.0
179.0 120.0
179.0 125.0
179.0 126.0
179.0 127.0
179.0 128.0
179.0 129.0
179.0 130.0
179.0 131.0
179.0 132.0
179.0 133.0
179.0 134.0
179.0 136.0
179.0 137.0
179.0 138.0
179.0 139.0
179.0 143.0
179.0 144.0
179.0 145.0
179.0 153.0
179.0 154.0
179.0 157.0
179.0 159.0
179.0 160.0
179.0 162.0
179.0 164.0
179.0 165.0
179.0 169.0
179.0 170.0
179.0 173.0
179.0 175.0
179.0 181.0
179.0 182.0
179.0 184.0
179.0 186.0
179.0 188.0
179.0 190.0
179.0 191.0
179.0 192.0
179.0 194.0
179.0 196.0
179.0 197.0
180.0 101.0
180.0 102.0
180.0 103.0
180.0 104.0
180.0 106.0
180.0 108.0
180.0 111.0
180.0 112.0
180.0 113.0
180.0 116.0
180.0 118.0
180.0 121.0
180.0 122.0
180.0 123.0
180.0 129.0
180.0 131.0
180.0 132.0
180.0 141.0
180.0 142.0
180.0 146.0
180.0 148.0
180.0 149.0
180.0 150.0
180.0 151.0
180.0 152.0
180.0 155.0
180.0 156.0
180.0 158.0
180.0 161.0
180.0 166.0
180.0 167.0
180.0 168.0
180.0 171.0
180.0 172.0
180.0 174.0
180.0 176.0
180.0 178.0
180.0 183.0
180.0 185.0
180.0 187.0
180.0 189.0
180.0 193.0
180.0 195.0
180.0 196.0
180.0 198.0
180.0 200.0
181.0 109.0
181.0 110.0
181.0 112.0
181.0 115.0
181.0 119.0
181.0 120.0
181.0 125.0
181.0 126.0
181.0 127.0
181.0 128.0
181.0 129.0
181.0 130.0
181.0 132.0
181.0 133.0
181.0 134.0
181.0 136.0
181.0 138.0
181.0 139.0
181.0 140.0
181.0 143.0
181.0 144.0
181.0 145.0
181.0 147.0
181.0 153.0
181.0 154.0
181.0 157.0
181.0 159.0
181.0 160.0
181.0 162.0
181.0 164.0
181.0 165.0
181.0 169.0
181.0 170.0
181.0 173.0
181.0 175.0
181.0 177.0
181.0 179.0
181.0 182.0
181.0 184.0
181.0 186.0
181.0 188.0
181.0 190.0
181.0 191.0
181.0 192.0
181.0 194.0
181.0 195.0
181.0 197.0
182.0 109.0
182.0 115.0
182.0 116.0
182.0 117.0
182.0 119.0
182.0 120.0
182.0 125.0
182.0 126.0
182.0 127.0
182.0 128.0
182.0 129.0
182.0 130.0
182.0 132.0
182.0 133.0
182.0 134.0
182.0 137.0
182.0 138.0
182.0 139.0
182.0 143.0
182.0 144.0
182.0 145.0
182.0 147.0
182.0 149.0
182.0 153.0
182.0 154.0
182.0 157.0
182.0 159.0
182.0 160.0
182.0 162.0
182.0 164.0
182.0 165.0
182.0 168.0
182.0 169.0
182.0 170.0
182.0 173.0
182.0 175.0
182.0 177.0
182.0 179.0
182.0 181.0
182.0 184.0
182.0 186.0
182.0 188.0
182.0 190.0
182.0 191.0
182.0 192.0
182.0 194.0
182.0 197.0
183.0 101.0
183.0 102.0
183.0 104.0
183.0 105.0
183.0 106.0
183.0 107.0
183.0 108.0
183.0 111.0
183.0 113.0
183.0 114.0
183.0 116.0
183.0 118.0
183.0 121.0
183.0 122.0
183.0 123.0
183.0 124.0
183.0 131.0
183.0 135.0
183.0 140.0
183.0 141.0
183.0 142.0
183.0 146.0
183.0 148.0
183.0 150.0
183.0 151.0
183.0 152.0
183.0 155.0
183.0 156.0
183.0 158.0
183.0 161.0
183.0 163.0
183.0 166.0
183.0 167.0
183.0 168.0
183.0 169.0
183.0 172.0
183.0 174.0
183.0 175.0
183.0 176.0
183.0 178.0
183.0 180.0
183.0 185.0
183.0 195.0
183.0 196.0
183.0 198.0
183.0 199.0
183.0 200.0
184.0 109.0
184.0 110.0
184.0 114.0
184.0 115.0
184.0 117.0
184.0 119.0
184.0 120.0
184.0 125.0
184.0 126.0
184.0 127.0
184.0 128.0
184.0 129.0
184.0 130.0
184.0 132.0
184.0 133.0
184.0 134.0
184.0 137.0
184.0 138.0
184.0 139.0
184.0 143.0
184.0 144.0
184.0 147.0
184.0 150.0
184.0 153.0
184.0 154.0
184.0 157.0
184.0 159.0
184.0 160.0
184.0 162.0
184.0 164.0
184.0 165.0
184.0 169.0
184.0 170.0
184.0 173.0
184.0 175.0
184.0 177.0
184.0 179.0
184.0 181.0
184.0 182.0
184.0 186.0
184.0 188.0
184.0 190.0
184.0 191.0
184.0 192.0
184.0 194.0
184.0 197.0
184.0 199.0
185.0 101.0
185.0 103.0
185.0 104.0
185.0 105.0
185.0 106.0
185.0 107.0
185.0 108.0
185.0 111.0
185.0 112.0
185.0 113.0
185.0 114.0
185.0 116.0
185.0 118.0
185.0 121.0
185.0 122.0
185.0 123.0
185.0 124.0
185.0 135.0
185.0 140.0
185.0 141.0
185.0 142.0
185.0 146.0
185.0 147.0
185.0 148.0
185.0 150.0
185.0 152.0
185.0 155.0
185.0 156.0
185.0 158.0
185.0 161.0
185.0 163.0
185.0 166.0
185.0 167.0
185.0 171.0
185.0 172.0
185.0 174.0
185.0 176.0
185.0 178.0
185.0 180.0
185.0 183.0
185.0 187.0
185.0 189.0
185.0 194.0
185.0 195.0
185.0 196.0
185.0 198.0
185.0 199.0
186.0 109.0
186.0 110.0
186.0 115.0
186.0 117.0
186.0 119.0
186.0 120.0
186.0 126.0
186.0 127.0
186.0 128.0
186.0 129.0
186.0 130.0
186.0 132.0
186.0 133.0
186.0 134.0
186.0 136.0
186.0 137.0
186.0 138.0
186.0 139.0
186.0 143.0
186.0 144.0
186.0 145.0
186.0 147.0
186.0 153.0
186.0 154.0
186.0 157.0
186.0 159.0
186.0 160.0
186.0 161.0
186.0 162.0
186.0 164.0
186.0 165.0
186.0 169.0
186.0 170.0
186.0 173.0
186.0 175.0
186.0 177.0
186.0 179.0
186.0 181.0
186.0 182.0
186.0 184.0
186.0 188.0
186.0 190.0
186.0 191.0
186.0 192.0
186.0 194.0
186.0 197.0
186.0 200.0
187.0 101.0
187.0 102.0
187.0 103.0
187.0 105.0
187.0 106.0
187.0 107.0
187.0 108.0
187.0 109.0
187.0 112.0
187.0 113.0
187.0 114.0
187.0 116.0
187.0 121.0
187.0 122.0
187.0 123.0
187.0 124.0
187.0 128.0
187.0 129.0
187.0 135.0
187.0 140.0
187.0 141.0
187.0 142.0
187.0 146.0
187.0 148.0
187.0 151.0
187.0 152.0
187.0 155.0
187.0 156.0
187.0 158.0
187.0 161.0
187.0 163.0
187.0 166.0
187.0 167.0
187.0 168.0
187.0 171.0
187.0 172.0
187.0 174.0
187.0 176.0
187.0 178.0
187.0 180.0
187.0 185.0
187.0 189.0
187.0 193.0
187.0 196.0
187.0 198.0
187.0 199.0
187.0 200.0
188.0 101.0
188.0 102.0
188.0 109.0
188.0 110.0
188.0 115.0
188.0 117.0
188.0 119.0
188.0 120.0
188.0 125.0
188.0 126.0
188.0 127.0
188.0 128.0
188.0 129.0
188.0 130.0
188.0 132.0
188.0 133.0
188.0 134.0
188.0 136.0
188.0 137.0
188.0 138.0
188.0 139.0
188.0 143.0
188.0 145.0
188.0 147.0
188.0 153.0
188.0 154.0
188.0 157.0
188.0 159.0
188.0 162.0
188.0 164.0
188.0 165.0
188.0 169.0
188.0 170.0
188.0 172.0
188.0 173.0
188.0 175.0
188.0 177.0
188.0 179.0
188.0 181.0
188.0 182.0
188.0 184.0
188.0 186.0
188.0 190.0
188.0 191.0
188.0 192.0
188.0 194.0
188.0 197.0
189.0 102.0
189.0 103.0
189.0 104.0
189.0 105.0
189.0 106.0
189.0 108.0
189.0 111.0
189.0 112.0
189.0 113.0
189.0 114.0
189.0 118.0
189.0 121.0
189.0 122.0
189.0 123.0
189.0 124.0
189.0 131.0
189.0 138.0
189.0 140.0
189.0 141.0
189.0 142.0
189.0 146.0
189.0 148.0
189.0 149.0
189.0 150.0
189.0 151.0
189.0 152.0
189.0 155.0
189.0 156.0
189.0 158.0
189.0 160.0
189.0 161.0
189.0 163.0
189.0 166.0
189.0 168.0
189.0 171.0
189.0 172.0
189.0 174.0
189.0 178.0
189.0 180.0
189.0 185.0
189.0 187.0
189.0 193.0
189.0 195.0
189.0 196.0
189.0 198.0
189.0 199.0
189.0 200.0
190.0 103.0
190.0 109.0
190.0 110.0
190.0 114.0
190.0 115.0
190.0 117.0
190.0 118.0
190.0 120.0
190.0 126.0
190.0 127.0
190.0 128.0
190.0 129.0
190.0 130.0
190.0 132.0
190.0 133.0
190.0 134.0
190.0 136.0
190.0 137.0
190.0 138.0
190.0 139.0
190.0 143.0
190.0 144.0
190.0 145.0
190.0 147.0
190.0 153.0
190.0 154.0
190.0 157.0
190.0 159.0
190.0 160.0
190.0 162.0
190.0 164.0
190.0 165.0
190.0 169.0
190.0 170.0
190.0 173.0
190.0 175.0
190.0 177.0
190.0 179.0
190.0 181.0
190.0 182.0
190.0 184.0
190.0 186.0
190.0 188.0
190.0 191.0
190.0 192.0
190.0 194.0
190.0 197.0
191.0 102.0
191.0 109.0
191.0 110.0
191.0 115.0
191.0 117.0
191.0 119.0
191.0 120.0
191.0 125.0
191.0 126.0
191.0 127.0
191.0 128.0
191.0 129.0
191.0 130.0
191.0 132.0
191.0 133.0
191.0 134.0
191.0 137.0
191.0 138.0
191.0 139.0
191.0 143.0
191.0 144.0
191.0 145.0
191.0 147.0
191.0 153.0
191.0 154.0
191.0 157.0
191.0 159.0
191.0 160.0
191.0 162.0
191.0 164.0
191.0 165.0
191.0 169.0
191.0 170.0
191.0 173.0
191.0 175.0
191.0 177.0
191.0 179.0
191.0 181.0
191.0 182.0
191.0 184.0
191.0 186.0
191.0 188.0
191.0 190.0
191.0 192.0
191.0 194.0
191.0 195.0
191.0 197.0
192.0 109.0
192.0 110.0
192.0 115.0
192.0 117.0
192.0 119.0
192.0 120.0
192.0 125.0
192.0 127.0
192.0 128.0
192.0 129.0
192.0 130.0
192.0 132.0
192.0 133.0
192.0 134.0
192.0 136.0
192.0 137.0
192.0 138.0
192.0 139.0
192.0 143.0
192.0 144.0
192.0 145.0
192.0 147.0
192.0 153.0
192.0 154.0
192.0 157.0
192.0 159.0
192.0 160.0
192.0 162.0
192.0 164.0
192.0 165.0
192.0 169.0
192.0 170.0
192.0 173.0
192.0 175.0
192.0 177.0
192.0 179.0
192.0 181.0
192.0 182.0
192.0 184.0
192.0 186.0
192.0 188.0
192.0 190.0
192.0 191.0
192.0 193.0
192.0 194.0
192.0 197.0
192.0 199.0
193.0 101.0
193.0 102.0
193.0 103.0
193.0 104.0
193.0 105.0
193.0 107.0
193.0 108.0
193.0 111.0
193.0 114.0
193.0 116.0
193.0 117.0
193.0 118.0
193.0 121.0
193.0 122.0
193.0 123.0
193.0 124.0
193.0 131.0
193.0 140.0
193.0 141.0
193.0 142.0
193.0 148.0
193.0 149.0
193.0 150.0
193.0 151.0
193.0 152.0
193.0 155.0
193.0 156.0
193.0 158.0
193.0 161.0
193.0 163.0
193.0 166.0
193.0 167.0
193.0 168.0
193.0 171.0
193.0 172.0
193.0 174.0
193.0 176.0
193.0 178.0
193.0 180.0
193.0 187.0
193.0 189.0
193.0 192.0
193.0 195.0
193.0 196.0
193.0 198.0
193.0 199.0
193.0 200.0
194.0 109.0
194.0 115.0
194.0 119.0
194.0 120.0
194.0 125.0
194.0 126.0
194.0 127.0
194.0 128.0
194.0 129.0
194.0 130.0
194.0 132.0
194.0 133.0
194.0 134.0
194.0 136.0
194.0 137.0
194.0 138.0
194.0 139.0
194.0 140.0
194.0 143.0
194.0 144.0
194.0 145.0
194.0 147.0
194.0 153.0
194.0 154.0
194.0 157.0
194.0 159.0
194.0 160.0
194.0 161.0
194.0 162.0
194.0 164.0
194.0 165.0
194.0 169.0
194.0 170.0
194.0 173.0
194.0 175.0
194.0 177.0
194.0 179.0
194.0 181.0
194.0 182.0
194.0 184.0
194.0 185.0
194.0 186.0
194.0 188.0
194.0 190.0
194.0 191.0
194.0 192.0
194.0 197.0
195.0 101.0
195.0 102.0
195.0 103.0
195.0 104.0
195.0 105.0
195.0 107.0
195.0 108.0
195.0 111.0
195.0 112.0
195.0 113.0
195.0 114.0
195.0 116.0
195.0 118.0
195.0 122.0
195.0 123.0
195.0 124.0
195.0 131.0
195.0 135.0
195.0 140.0
195.0 142.0
195.0 146.0
195.0 148.0
195.0 149.0
195.0 150.0
195.0 151.0
195.0 152.0
195.0 155.0
195.0 158.0
195.0 161.0
195.0 163.0
195.0 166.0
195.0 168.0
195.0 171.0
195.0 172.0
195.0 174.0
195.0 176.0
195.0 178.0
195.0 180.0
195.0 181.0
195.0 183.0
195.0 185.0
195.0 189.0
195.0 191.0
195.0 193.0
195.0 196.0
195.0 198.0
195.0 199.0
195.0 200.0
196.0 101.0
196.0 102.0
196.0 103.0
196.0 105.0
196.0 106.0
196.0 107.0
196.0 112.0
196.0 114.0
196.0 116.0
196.0 118.0
196.0 121.0
196.0 122.0
196.0 123.0
196.0 131.0
196.0 135.0
196.0 140.0
196.0 141.0
196.0 142.0
196.0 145.0
196.0 146.0
196.0 148.0
196.0 149.0
196.0 150.0
196.0 151.0
196.0 152.0
196.0 155.0
196.0 156.0
196.0 158.0
196.0 166.0
196.0 167.0
196.0 168.0
196.0 170.0
196.0 171.0
196.0 172.0
196.0 174.0
196.0 176.0
196.0 178.0
196.0 179.0
196.0 180.0
196.0 183.0
196.0 185.0
196.0 187.0
196.0 189.0
196.0 193.0
196.0 195.0
196.0 198.0
196.0 199.0
196.0 200.0
197.0 104.0
197.0 109.0
197.0 110.0
197.0 115.0
197.0 117.0
197.0 119.0
197.0 120.0
197.0 125.0
197.0 126.0
197.0 127.0
197.0 128.0
197.0 129.0
197.0 130.0
197.0 132.0
197.0 133.0
197.0 134.0
197.0 136.0
197.0 137.0
197.0 138.0
197.0 139.0
197.0 143.0
197.0 144.0
197.0 145.0
197.0 147.0
197.0 153.0
197.0 154.0
197.0 157.0
197.0 159.0
197.0 160.0
197.0 162.0
197.0 164.0
197.0 165.0
197.0 169.0
197.0 170.0
197.0 172.0
197.0 173.0
197.0 175.0
197.0 177.0
197.0 179.0
197.0 181.0
197.0 182.0
197.0 184.0
197.0 186.0
197.0 188.0
197.0 190.0
197.0 191.0
197.0 192.0
197.0 194.0
198.0 102.0
198.0 104.0
198.0 105.0
198.0 106.0
198.0 107.0
198.0 108.0
198.0 111.0
198.0 112.0
198.0 113.0
198.0 114.0
198.0 116.0
198.0 117.0
198.0 118.0
198.0 121.0
198.0 122.0
198.0 123.0
198.0 124.0
198.0 131.0
198.0 135.0
198.0 140.0
198.0 141.0
198.0 142.0
198.0 148.0
198.0 149.0
198.0 151.0
198.0 152.0
198.0 155.0
198.0 156.0
198.0 158.0
198.0 161.0
198.0 163.0
198.0 165.0
198.0 167.0
198.0 168.0
198.0 171.0
198.0 172.0
198.0 174.0
198.0 176.0
198.0 178.0
198.0 180.0
198.0 183.0
198.0 185.0
198.0 187.0
198.0 189.0
198.0 193.0
198.0 195.0
198.0 196.0
198.0 200.0
199.0 101.0
199.0 102.0
199.0 103.0
199.0 104.0
199.0 105.0
199.0 106.0
199.0 107.0
199.0 111.0
199.0 112.0
199.0 113.0
199.0 114.0
199.0 118.0
199.0 121.0
199.0 122.0
199.0 124.0
199.0 131.0
199.0 135.0
199.0 140.0
199.0 142.0
199.0 146.0
199.0 148.0
199.0 149.0
199.0 150.0
199.0 151.0
199.0 152.0
199.0 153.0
199.0 155.0
199.0 158.0
199.0 161.0
199.0 163.0
199.0 166.0
199.0 167.0
199.0 168.0
199.0 171.0
199.0 172.0
199.0 174.0
199.0 176.0
199.0 178.0
199.0 183.0
199.0 184.0
199.0 185.0
199.0 187.0
199.0 189.0
199.0 192.0
199.0 193.0
199.0 195.0
199.0 196.0
199.0 200.0
200.0 101.0
200.0 102.0
200.0 103.0
200.0 104.0
200.0 105.0
200.0 106.0
200.0 107.0
200.0 111.0
200.0 112.0
200.0 113.0
200.0 114.0
200.0 116.0
200.0 118.0
200.0 121.0
200.0 122.0
200.0 123.0
200.0 124.0
200.0 131.0
200.0 135.0
200.0 141.0
200.0 142.0
200.0 146.0
200.0 148.0
200.0 149.0
200.0 150.0
200.0 151.0
200.0 155.0
200.0 156.0
200.0 158.0
200.0 161.0
200.0 163.0
200.0 167.0
200.0 168.0
200.0 171.0
200.0 172.0
200.0 174.0
200.0 175.0
200.0 176.0
200.0 180.0
200.0 183.0
200.0 186.0
200.0 187.0
200.0 189.0
200.0 193.0
200.0 195.0
200.0 196.0
200.0 198.0
200.0 199.0
1
1 2
143
87 180.0
8 199.0
2 105.0
24 152.0
93 108.0
100 140.0
72 104.0
98 158.0
99 183.0
71 101.0
63 195.0
18 176.0
58 112.0
55 185.0
61 102.0
11 196.0
83 146.0
56 142.0
31 171.0
80 124.0
46 149.0
7 103.0
76 167.0
1 114.0
68 198.0
96 166.0
52 172.0
3 121.0
74 189.0
95 161.0
50 187.0
67 118.0
51 178.0
35 200.0
66 174.0
48 156.0
49 168.0
89 151.0
4 123.0
5 141.0
22 107.0
16 131.0
40 193.0
42 163.0
14 150.0
85 155.0
21 113.0
41 106.0
78 111.0
13 116.0
6 135.0
12 148.0
23 122.0
62 184.0
44 128.0
38 164.0
26 192.0
70 137.0
88 138.0
81 115.0
45 125.0
28 186.0
60 119.0
25 170.0
43 147.0
53 136.0
19 139.0
29 126.0
69 153.0
97 188.0
90 110.0
27 162.0
39 182.0
36 144.0
77 169.0
32 130.0
79 145.0
75 154.0
20 181.0
9 179.0
86 120.0
65 190.0
94 109.0
91 160.0
10 134.0
59 175.0
54 191.0
84 133.0
17 157.0
33 159.0
64 173.0
30 117.0
34 127.0
47 132.0
37 129.0
82 197.0
15 143.0
73 177.0
57 194.0
92 165.0
18 188.0
42 128.0
5 170.0
76 132.0
72 154.0
36 124.0
42 159.0
91 166.0
99 162.0
21 144.0
67 186.0
94 140.0
72 170.0
26 196.0
50 162.0
50 182.0
49 182.0
87 194.0
99 117.0
59 118.0
86 171.0
69 103.0
47 176.0
64 148.0
56 162.0
49 154.0
90 121.0
82 142.0
15 161.0
97 152.0
28 111.0
88 124.0
10 195.0
55 153.0
64 146.0
91 102.0
8 159.0
62 150.0
83 188.0
13 137.0
7 169.0
99 181.0
97 107.0
2
1 2 3 4 5 6 7 8 11 12 13 14 16 18 21 22 23 24 31 35 40 41 42 46 48 49 50 51 52 55 56 58 61 63 66 67 68 71 72 74 76 78 80 83 85 87 89 93 95 96 98 99 100 101.0 102.0 103.0 104.0 105.0 106.0 107.0 108.0 111.0 112.0 113.0 114.0 116.0 118.0 121.0 122.0 123.0 124.0 131.0 135.0 140.0 141.0 142.0 146.0 148.0 149.0 150.0 151.0 152.0 155.0 156.0 158.0 161.0 163.0 166.0 167.0 168.0 171.0 172.0 174.0 176.0 178.0 180.0 183.0 185.0 187.0 189.0 193.0 195.0 196.0 198.0 199.0 200.0 
9 10 15 17 19 20 25 26 27 28 29 30 32 33 34 36 37 38 39 43 44 45 47 53 54 57 59 60 62 64 65 69 70 73 75 77 79 81 82 84 86 88 90 91 92 94 97 109.0 110.0 115.0 117.0 119.0 120.0 125.0 126.0 127.0 128.0 129.0 130.0 132.0 133.0 134.0 136.0 137.0 138.0 139.0 143.0 144.0 145.0 147.0 153.0 154.0 157.0 159.0 160.0 162.0 164.0 165.0 169.0 170.0 173.0 175.0 177.0 179.0 181.0 182.0 184.0 186.0 188.0 190.0 191.0 192.0 194.0 197.0 
