2
1 2 3 4 5 6 7 8 9 10 11 12 13 14 15 16 17 18 19 20 21 22 23 24 25 26 27 28 29 30 31 32 33 34 35 36 37 38 39 40 41 42 43 44 45 46 47 48 49 50 51 52 53 54 55 56 57 58 59 60 61 62 63 64 65 66 67 68 69 70 71 72 73 74 75 76 77 78 79 80 81 82 83 84 85 86 87 88 89 90 91 92 93 94 95 96 97 98 99 100
1210
1 15
1 35
1 52
1 54
1 60
1 61
1 64
1 70
1 71
2 19
2 22
2 25
2 28
2 29
2 32
2 36
2 38
2 43
3 7
3 10
3 12
3 14
3 18
3 33
3 42
3 44
3 46
4 31
4 48
4 72
4 84
4 86
4 87
4 88
4 95
4 96
5 52
5 59
5 73
5 77
5 80
5 81
5 83
5 85
5 93
6 8
6 9
6 11
6 20
6 24
6 26
6 39
6 40
6 41
7 3
7 12
7 14
7 16
7 18
7 42
7 44
7 45
7 46
8 6
8 9
8 24
8 26
8 34
8 37
8 40
8 41
8 84
9 6
9 8
9 11
9 21
9 24
9 26
9 34
9 40
9 41
10 3
10 16
10 18
10 33
10 40
10 42
10 44
10 45
10 46
11 6
11 9
11 20
11 21
11 24
11 26
11 34
11 37
11 41
12 3
12 7
12 14
12 16
12 33
12 42
12 44
12 45
12 46
13 69
13 75
13 89
13 91
13 92
13 97
13 98
13 99
13 100
14 3
14 7
14 12
14 18
14 33
14 42
14 44
14 45
14 46
15 1
15 50
15 52
15 54
15 60
15 61
15 64
15 70
15 71
16 7
16 10
16 12
16 33
16 42
16 44
16 45
16 46
16 96
17 30
17 50
17 52
17 54
17 60
17 61
17 64
17 70
17 71
18 3
18 7
18 10
18 14
18 34
18 42
18 44
18 45
18 46
19 2
19 22
19 25
19 27
19 29
19 32
19 36
19 38
19 43
20 6
20 11
20 21
20 24
20 30
20 34
20 37
20 40
20 41
21 9
21 11
21 20
21 24
21 26
21 34
21 37
21 40
21 41
21 82
22 2
22 19
22 25
22 27
22 28
22 29
22 32
22 36
22 38
22 43
23 27
23 35
23 39
23 50
23 52
23 54
23 60
23 64
23 70
23 71
24 6
24 8
24 9
24 11
24 20
24 21
24 26
24 37
24 40
24 41
25 2
25 19
25 22
25 27
25 28
25 29
25 32
25 36
25 38
25 43
26 6
26 8
26 9
26 11
26 21
26 24
26 34
26 37
26 40
26 41
27 19
27 22
27 23
27 25
27 28
27 29
27 32
27 36
27 38
27 43
28 2
28 22
28 25
28 27
28 29
28 32
28 36
28 38
28 43
28 66
29 2
29 19
29 22
29 25
29 27
29 28
29 32
29 36
29 38
29 43
30 17
30 20
30 35
30 39
30 50
30 54
30 60
30 61
30 64
30 71
31 4
31 57
31 62
31 66
31 76
31 86
31 87
31 88
31 95
31 96
32 2
32 19
32 22
32 25
32 27
32 28
32 29
32 36
32 38
32 43
33 3
33 10
33 12
33 14
33 16
33 42
33 44
33 45
33 46
33 78
34 8
34 9
34 11
34 18
34 20
34 21
34 26
34 37
34 40
34 41
35 1
35 23
35 30
35 39
35 50
35 60
35 64
35 70
35 71
35 100
36 2
36 19
36 22
36 25
36 27
36 28
36 29
36 32
36 38
36 43
37 8
37 11
37 20
37 21
37 24
37 26
37 34
37 40
37 41
37 70
38 2
38 19
38 22
38 25
38 27
38 28
38 29
38 32
38 36
38 43
38 53
39 6
39 23
39 30
39 35
39 50
39 52
39 60
39 61
39 64
39 70
39 71
40 6
40 8
40 9
40 10
40 20
40 21
40 24
40 26
40 34
40 37
40 41
41 6
41 8
41 9
41 11
41 20
41 21
41 24
41 26
41 34
41 37
41 40
42 3
42 7
42 10
42 12
42 14
42 16
42 18
42 33
42 44
42 45
42 46
43 2
43 19
43 22
43 25
43 27
43 28
43 29
43 32
43 36
43 38
43 47
44 3
44 7
44 10
44 12
44 14
44 16
44 18
44 33
44 42
44 45
44 46
45 7
45 10
45 12
45 14
45 16
45 18
45 33
45 42
45 44
45 46
45 55
46 3
46 7
46 10
46 12
46 14
46 16
46 18
46 33
46 42
46 44
46 45
47 43
47 49
47 51
47 56
47 59
47 68
47 77
47 80
47 81
47 83
47 85
47 93
48 4
48 55
48 58
48 62
48 72
48 76
48 84
48 86
48 87
48 88
48 95
48 96
49 47
49 56
49 59
49 63
49 73
49 77
49 79
49 80
49 81
49 83
49 85
49 93
50 15
50 17
50 23
50 30
50 35
50 39
50 52
50 54
50 60
50 61
50 70
50 71
51 47
51 59
51 63
51 68
51 73
51 77
51 79
51 80
51 81
51 83
51 85
51 93
52 1
52 5
52 15
52 17
52 23
52 39
52 50
52 54
52 61
52 64
52 70
52 71
53 38
53 69
53 78
53 82
53 89
53 90
53 91
53 94
53 97
53 98
53 99
53 100
54 1
54 15
54 17
54 23
54 30
54 50
54 52
54 60
54 61
54 64
54 70
54 71
55 45
55 48
55 57
55 66
55 72
55 76
55 84
55 86
55 87
55 88
55 95
55 96
56 47
56 49
56 62
56 63
56 73
56 77
56 79
56 80
56 81
56 83
56 85
56 93
57 31
57 55
57 58
57 66
57 72
57 76
57 84
57 86
57 87
57 88
57 95
57 96
58 48
58 57
58 61
58 62
58 72
58 76
58 84
58 86
58 87
58 88
58 95
58 96
59 5
59 47
59 49
59 51
59 63
59 68
59 79
59 80
59 81
59 83
59 85
59 93
59 94
60 1
60 15
60 17
60 23
60 30
60 35
60 39
60 50
60 54
60 61
60 64
60 70
60 71
61 1
61 15
61 17
61 30
61 39
61 50
61 52
61 54
61 58
61 60
61 64
61 70
61 71
62 31
62 48
62 56
62 58
62 66
62 72
62 76
62 84
62 86
62 87
62 88
62 95
62 96
63 49
63 51
63 56
63 59
63 68
63 73
63 77
63 79
63 80
63 83
63 85
63 87
63 93
64 1
64 15
64 17
64 23
64 30
64 35
64 39
64 52
64 54
64 60
64 61
64 70
64 71
65 67
65 74
65 78
65 82
65 90
65 91
65 92
65 94
65 95
65 97
65 98
65 99
65 100
66 28
66 31
66 55
66 57
66 62
66 72
66 76
66 84
66 86
66 87
66 88
66 95
66 96
67 65
67 74
67 75
67 78
67 89
67 91
67 92
67 93
67 94
67 97
67 98
67 99
67 100
68 47
68 51
68 59
68 63
68 73
68 77
68 79
68 80
68 81
68 83
68 85
68 90
68 93
69 13
69 53
69 74
69 78
69 82
69 89
69 90
69 91
69 92
69 94
69 97
69 98
69 100
70 1
70 15
70 17
70 23
70 35
70 37
70 39
70 50
70 52
70 54
70 60
70 61
70 64
70 71
71 1
71 15
71 17
71 23
71 30
71 35
71 39
71 50
71 52
71 54
71 60
71 61
71 64
71 70
72 4
72 48
72 55
72 57
72 58
72 62
72 66
72 76
72 84
72 86
72 87
72 88
72 95
72 96
73 5
73 49
73 51
73 56
73 63
73 68
73 74
73 77
73 79
73 80
73 81
73 83
73 85
73 93
74 65
74 67
74 69
74 73
74 75
74 82
74 90
74 91
74 92
74 94
74 97
74 98
74 99
74 100
75 13
75 67
75 74
75 78
75 82
75 86
75 89
75 90
75 91
75 92
75 97
75 98
75 99
75 100
76 31
76 48
76 55
76 57
76 58
76 62
76 66
76 72
76 84
76 86
76 87
76 88
76 95
76 96
77 5
77 47
77 49
77 51
77 56
77 63
77 68
77 73
77 79
77 80
77 81
77 83
77 85
77 93
78 33
78 53
78 65
78 67
78 69
78 75
78 89
78 90
78 91
78 92
78 94
78 97
78 98
78 99
79 49
79 51
79 56
79 59
79 63
79 68
79 73
79 77
79 80
79 81
79 83
79 85
79 89
79 93
80 5
80 47
80 49
80 51
80 56
80 59
80 63
80 68
80 73
80 77
80 79
80 81
80 83
80 85
80 93
81 5
81 47
81 49
81 51
81 56
81 59
81 68
81 73
81 77
81 79
81 80
81 83
81 85
81 93
81 99
82 21
82 53
82 65
82 69
82 74
82 75
82 89
82 90
82 91
82 92
82 94
82 97
82 98
82 99
82 100
83 5
83 47
83 49
83 51
83 56
83 59
83 63
83 68
83 73
83 77
83 79
83 80
83 81
83 85
83 93
84 4
84 8
84 48
84 55
84 57
84 58
84 62
84 66
84 72
84 76
84 86
84 87
84 88
84 95
84 96
85 5
85 47
85 49
85 51
85 56
85 59
85 63
85 68
85 73
85 77
85 79
85 80
85 81
85 83
85 93
86 4
86 31
86 48
86 55
86 57
86 58
86 62
86 66
86 72
86 75
86 76
86 84
86 87
86 88
86 95
86 96
87 4
87 31
87 48
87 55
87 57
87 58
87 62
87 63
87 66
87 72
87 76
87 84
87 86
87 88
87 95
87 96
88 4
88 31
88 48
88 55
88 57
88 58
88 62
88 66
88 72
88 76
88 84
88 86
88 87
88 92
88 95
88 96
89 13
89 53
89 67
89 69
89 75
89 78
89 79
89 82
89 90
89 91
89 92
89 94
89 97
89 98
89 99
89 100
90 53
90 65
90 68
90 69
90 74
90 75
90 78
90 82
90 89
90 91
90 92
90 94
90 97
90 98
90 99
90 100
91 13
91 53
91 65
91 67
91 69
91 74
91 75
91 78
91 82
91 89
91 90
91 94
91 97
91 98
91 99
91 100
92 13
92 65
92 67
92 69
92 74
92 75
92 78
92 82
92 88
92 89
92 90
92 94
92 97
92 98
92 99
92 100
93 5
93 47
93 49
93 51
93 56
93 59
93 63
93 67
93 68
93 73
93 77
93 79
93 80
93 81
93 83
93 85
94 53
94 59
94 65
94 67
94 69
94 74
94 78
94 82
94 89
94 90
94 91
94 92
94 97
94 98
94 99
94 100
95 4
95 31
95 48
95 55
95 57
95 58
95 62
95 65
95 66
95 72
95 76
95 84
95 86
95 87
95 88
95 96
96 4
96 16
96 31
96 48
96 55
96 57
96 58
96 62
96 66
96 72
96 76
96 84
96 86
96 87
96 88
96 95
97 13
97 53
97 65
97 67
97 69
97 74
97 75
97 78
97 82
97 89
97 90
97 91
97 92
97 94
97 98
97 99
97 100
98 13
98 53
98 65
98 67
98 69
98 74
98 75
98 78
98 82
98 89
98 90
98 91
98 92
98 94
98 97
98 99
98 100
99 13
99 53
99 65
99 67
99 74
99 75
99 78
99 81
99 82
99 89
99 90
99 91
99 92
99 94
99 97
99 98
99 100
100 13
100 35
100 53
100 65
100 67
100 69
100 74
100 75
100 82
100 89
100 90
100 91
100 92
100 94
100 97
100 98
100 99
101.0 102.0 103.0 104.0 105.0 106.0 107.0 108.0 109.0 110.0 111.0 112.0 113.0 114.0 115.0 116.0 117.0 118.0 119.0 120.0 121.0 122.0 123.0 124.0 125.0 126.0 127.0 128.0 129.0 130.0 131.0 132.0 133.0 134.0 135.0 136.0 137.0 138.0 139.0 140.0 141.0 142.0 143.0 144.0 145.0 146.0 147.0 148.0 149.0 150.0 151.0 152.0 153.0 154.0 155.0 156.0 157.0 158.0 159.0 160.0 161.0 162.0 163.0 164.0 165.0 166.0 167.0 168.0 169.0 170.0 171.0 172.0 173.0 174.0 175.0 176.0 177.0 178.0 179.0 180.0 181.0 182.0 183.0 184.0 185.0 186.0 187.0 188.0 189.0 190.0 191.0 192.0 193.0 194.0 195.0 196.0 197.0 198.0 199.0 200.0
1210
101.0 115.0
101.0 135.0
101.0 152.0
101.0 154.0
101.0 160.0
101.0 161.0
101.0 164.0
101.0 170.0
101.0 171.0
102.0 119.0
102.0 122.0
102.0 125.0
102.0 128.0
102.0 129.0
102.0 132.0
102.0 136.0
102.0 138.0
102.0 143.0
103.0 107.0
103.0 110.0
103.0 112.0
103.0 114.0
103.0 118.0
103.0 133.0
103.0 142.0
103.0 144.0
103.0 146.0
104.0 131.0
104.0 148.0
104.0 172.0
104.0 184.0
104.0 186.0
104.0 187.0
104.0 188.0
104.0 195.0
104.0 196.0
105.0 152.0
105.0 159.0
105.0 173.0
105.0 177.0
105.0 180.0
105.0 181.0
105.0 183.0
105.0 185.0
105.0 193.0
106.0 108.0
106.0 109.0
106.0 111.0
106.0 120.0
106.0 124.0
106.0 126.0
106.0 139.0
106.0 140.0
106.0 141.0
107.0 103.0
107.0 112.0
107.0 114.0
107.0 116.0
107.0 118.0
107.0 142.0
107.0 144.0
107.0 145.0
107.0 146.0
108.0 106.0
108.0 109.0
108.0 124.0
108.0 126.0
108.0 134.0
108.0 137.0
108.0 140.0
108.0 141.0
108.0 184.0
109.0 106.0
109.0 108.0
109.0 111.0
109.0 121.0
109.0 124.0
109.0 126.0
109.0 134.0
109.0 140.0
109.0 141.0
110.0 103.0
110.0 116.0
110.0 118.0
110.0 133.0
110.0 140.0
110.0 142.0
110.0 144.0
110.0 145.0
110.0 146.0
111.0 106.0
111.0 109.0
111.0 120.0
111.0 121.0
111.0 124.0
111.0 126.0
111.0 134.0
111.0 137.0
111.0 141.0
112.0 103.0
112.0 107.0
112.0 114.0
112.0 116.0
112.0 133.0
112.0 142.0
112.0 144.0
112.0 145.0
112.0 146.0
113.0 169.0
113.0 175.0
113.0 189.0
113.0 191.0
113.0 192.0
113.0 197.0
113.0 198.0
113.0 199.0
113.0 200.0
114.0 103.0
114.0 107.0
114.0 112.0
114.0 118.0
114.0 133.0
114.0 142.0
114.0 144.0
114.0 145.0
114.0 146.0
115.0 101.0
115.0 150.0
115.0 152.0
115.0 154.0
115.0 160.0
115.0 161.0
115.0 164.0
115.0 170.0
115.0 171.0
116.0 107.0
116.0 110.0
116.0 112.0
116.0 133.0
116.0 142.0
116.0 144.0
116.0 145.0
116.0 146.0
116.0 196.0
117.0 130.0
117.0 150.0
117.0 152.0
117.0 154.0
117.0 160.0
117.0 161.0
117.0 164.0
117.0 170.0
117.0 171.0
118.0 103.0
118.0 107.0
118.0 110.0
118.0 114.0
118.0 134.0
118.0 142.0
118.0 144.0
118.0 145.0
118.0 146.0
119.0 102.0
119.0 122.0
119.0 125.0
119.0 127.0
119.0 129.0
119.0 132.0
119.0 136.0
119.0 138.0
119.0 143.0
120.0 106.0
120.0 111.0
120.0 121.0
120.0 124.0
120.0 130.0
120.0 134.0
120.0 137.0
120.0 140.0
120.0 141.0
121.0 109.0
121.0 111.0
121.0 120.0
121.0 124.0
121.0 126.0
121.0 134.0
121.0 137.0
121.0 140.0
121.0 141.0
121.0 182.0
122.0 102.0
122.0 119.0
122.0 125.0
122.0 127.0
122.0 128.0
122.0 129.0
122.0 132.0
122.0 136.0
122.0 138.0
122.0 143.0
123.0 127.0
123.0 135.0
123.0 139.0
123.0 150.0
123.0 152.0
123.0 154.0
123.0 160.0
123.0 164.0
123.0 170.0
123.0 171.0
124.0 106.0
124.0 108.0
124.0 109.0
124.0 111.0
124.0 120.0
124.0 121.0
124.0 126.0
124.0 137.0
124.0 140.0
124.0 141.0
125.0 102.0
125.0 119.0
125.0 122.0
125.0 127.0
125.0 128.0
125.0 129.0
125.0 132.0
125.0 136.0
125.0 138.0
125.0 143.0
126.0 106.0
126.0 108.0
126.0 109.0
126.0 111.0
126.0 121.0
126.0 124.0
126.0 134.0
126.0 137.0
126.0 140.0
126.0 141.0
127.0 119.0
127.0 122.0
127.0 123.0
127.0 125.0
127.0 128.0
127.0 129.0
127.0 132.0
127.0 136.0
127.0 138.0
127.0 143.0
128.0 102.0
128.0 122.0
128.0 125.0
128.0 127.0
128.0 129.0
128.0 132.0
128.0 136.0
128.0 138.0
128.0 143.0
128.0 166.0
129.0 102.0
129.0 119.0
129.0 122.0
129.0 125.0
129.0 127.0
129.0 128.0
129.0 132.0
129.0 136.0
129.0 138.0
129.0 143.0
130.0 117.0
130.0 120.0
130.0 135.0
130.0 139.0
130.0 150.0
130.0 154.0
130.0 160.0
130.0 161.0
130.0 164.0
130.0 171.0
131.0 104.0
131.0 157.0
131.0 162.0
131.0 166.0
131.0 176.0
131.0 186.0
131.0 187.0
131.0 188.0
131.0 195.0
131.0 196.0
132.0 102.0
132.0 119.0
132.0 122.0
132.0 125.0
132.0 127.0
132.0 128.0
132.0 129.0
132.0 136.0
132.0 138.0
132.0 143.0
133.0 103.0
133.0 110.0
133.0 112.0
133.0 114.0
133.0 116.0
133.0 142.0
133.0 144.0
133.0 145.0
133.0 146.0
133.0 178.0
134.0 108.0
134.0 109.0
134.0 111.0
134.0 118.0
134.0 120.0
134.0 121.0
134.0 126.0
134.0 137.0
134.0 140.0
134.0 141.0
135.0 101.0
135.0 123.0
135.0 130.0
135.0 139.0
135.0 150.0
135.0 160.0
135.0 164.0
135.0 170.0
135.0 171.0
135.0 200.0
136.0 102.0
136.0 119.0
136.0 122.0
136.0 125.0
136.0 127.0
136.0 128.0
136.0 129.0
136.0 132.0
136.0 138.0
136.0 143.0
137.0 108.0
137.0 111.0
137.0 120.0
137.0 121.0
137.0 124.0
137.0 126.0
137.0 134.0
137.0 140.0
137.0 141.0
137.0 170.0
138.0 102.0
138.0 119.0
138.0 122.0
138.0 125.0
138.0 127.0
138.0 128.0
138.0 129.0
138.0 132.0
138.0 136.0
138.0 143.0
138.0 153.0
139.0 106.0
139.0 123.0
139.0 130.0
139.0 135.0
139.0 150.0
139.0 152.0
139.0 160.0
139.0 161.0
139.0 164.0
139.0 170.0
139.0 171.0
140.0 106.0
140.0 108.0
140.0 109.0
140.0 110.0
140.0 120.0
140.0 121.0
140.0 124.0
140.0 126.0
140.0 134.0
140.0 137.0
140.0 141.0
141.0 106.0
141.0 108.0
141.0 109.0
141.0 111.0
141.0 120.0
141.0 121.0
141.0 124.0
141.0 126.0
141.0 134.0
141.0 137.0
141.0 140.0
142.0 103.0
142.0 107.0
142.0 110.0
142.0 112.0
142.0 114.0
142.0 116.0
142.0 118.0
142.0 133.0
142.0 144.0
142.0 145.0
142.0 146.0
143.0 102.0
143.0 119.0
143.0 122.0
143.0 125.0
143.0 127.0
143.0 128.0
143.0 129.0
143.0 132.0
143.0 136.0
143.0 138.0
143.0 147.0
144.0 103.0
144.0 107.0
144.0 110.0
144.0 112.0
144.0 114.0
144.0 116.0
144.0 118.0
144.0 133.0
144.0 142.0
144.0 145.0
144.0 146.0
145.0 107.0
145.0 110.0
145.0 112.0
145.0 114.0
145.0 116.0
145.0 118.0
145.0 133.0
145.0 142.0
145.0 144.0
145.0 146.0
145.0 155.0
146.0 103.0
146.0 107.0
146.0 110.0
146.0 112.0
146.0 114.0
146.0 116.0
146.0 118.0
146.0 133.0
146.0 142.0
146.0 144.0
146.0 145.0
147.0 143.0
147.0 149.0
147.0 151.0
147.0 156.0
147.0 159.0
147.0 168.0
147.0 177.0
147.0 180.0
147.0 181.0
147.0 183.0
147.0 185.0
147.0 193.0
148.0 104.0
148.0 155.0
148.0 158.0
148.0 162.0
148.0 172.0
148.0 176.0
148.0 184.0
148.0 186.0
148.0 187.0
148.0 188.0
148.0 195.0
148.0 196.0
149.0 147.0
149.0 156.0
149.0 159.0
149.0 163.0
149.0 173.0
149.0 177.0
149.0 179.0
149.0 180.0
149.0 181.0
149.0 183.0
149.0 185.0
149.0 193.0
150.0 115.0
150.0 117.0
150.0 123.0
150.0 130.0
150.0 135.0
150.0 139.0
150.0 152.0
150.0 154.0
150.0 160.0
150.0 161.0
150.0 170.0
150.0 171.0
151.0 147.0
151.0 159.0
151.0 163.0
151.0 168.0
151.0 173.0
151.0 177.0
151.0 179.0
151.0 180.0
151.0 181.0
151.0 183.0
151.0 185.0
151.0 193.0
152.0 101.0
152.0 105.0
152.0 115.0
152.0 117.0
152.0 123.0
152.0 139.0
152.0 150.0
152.0 154.0
152.0 161.0
152.0 164.0
152.0 170.0
152.0 171.0
153.0 138.0
153.0 169.0
153.0 178.0
153.0 182.0
153.0 189.0
153.0 190.0
153.0 191.0
153.0 194.0
153.0 197.0
153.0 198.0
153.0 199.0
153.0 200.0
154.0 101.0
154.0 115.0
154.0 117.0
154.0 123.0
154.0 130.0
154.0 150.0
154.0 152.0
154.0 160.0
154.0 161.0
154.0 164.0
154.0 170.0
154.0 171.0
155.0 145.0
155.0 148.0
155.0 157.0
155.0 166.0
155.0 172.0
155.0 176.0
155.0 184.0
155.0 186.0
155.0 187.0
155.0 188.0
155.0 195.0
155.0 196.0
156.0 147.0
156.0 149.0
156.0 162.0
156.0 163.0
156.0 173.0
156.0 177.0
156.0 179.0
156.0 180.0
156.0 181.0
156.0 183.0
156.0 185.0
156.0 193.0
157.0 131.0
157.0 155.0
157.0 158.0
157.0 166.0
157.0 172.0
157.0 176.0
157.0 184.0
157.0 186.0
157.0 187.0
157.0 188.0
157.0 195.0
157.0 196.0
158.0 148.0
158.0 157.0
158.0 161.0
158.0 162.0
158.0 172.0
158.0 176.0
158.0 184.0
158.0 186.0
158.0 187.0
158.0 188.0
158.0 195.0
158.0 196.0
159.0 105.0
159.0 147.0
159.0 149.0
159.0 151.0
159.0 163.0
159.0 168.0
159.0 179.0
159.0 180.0
159.0 181.0
159.0 183.0
159.0 185.0
159.0 193.0
159.0 194.0
160.0 101.0
160.0 115.0
160.0 117.0
160.0 123.0
160.0 130.0
160.0 135.0
160.0 139.0
160.0 150.0
160.0 154.0
160.0 161.0
160.0 164.0
160.0 170.0
160.0 171.0
161.0 101.0
161.0 115.0
161.0 117.0
161.0 130.0
161.0 139.0
161.0 150.0
161.0 152.0
161.0 154.0
161.0 158.0
161.0 160.0
161.0 164.0
161.0 170.0
161.0 171.0
162.0 131.0
162.0 148.0
162.0 156.0
162.0 158.0
162.0 166.0
162.0 172.0
162.0 176.0
162.0 184.0
162.0 186.0
162.0 187.0
162.0 188.0
162.0 195.0
162.0 196.0
163.0 149.0
163.0 151.0
163.0 156.0
163.0 159.0
163.0 168.0
163.0 173.0
163.0 177.0
163.0 179.0
163.0 180.0
163.0 183.0
163.0 185.0
163.0 187.0
163.0 193.0
164.0 101.0
164.0 115.0
164.0 117.0
164.0 123.0
164.0 130.0
164.0 135.0
164.0 139.0
164.0 152.0
164.0 154.0
164.0 160.0
164.0 161.0
164.0 170.0
164.0 171.0
165.0 167.0
165.0 174.0
165.0 178.0
165.0 182.0
165.0 190.0
165.0 191.0
165.0 192.0
165.0 194.0
165.0 195.0
165.0 197.0
165.0 198.0
165.0 199.0
165.0 200.0
166.0 128.0
166.0 131.0
166.0 155.0
166.0 157.0
166.0 162.0
166.0 172.0
166.0 176.0
166.0 184.0
166.0 186.0
166.0 187.0
166.0 188.0
166.0 195.0
166.0 196.0
167.0 165.0
167.0 174.0
167.0 175.0
167.0 178.0
167.0 189.0
167.0 191.0
167.0 192.0
167.0 193.0
167.0 194.0
167.0 197.0
167.0 198.0
167.0 199.0
167.0 200.0
168.0 147.0
168.0 151.0
168.0 159.0
168.0 163.0
168.0 173.0
168.0 177.0
168.0 179.0
168.0 180.0
168.0 181.0
168.0 183.0
168.0 185.0
168.0 190.0
168.0 193.0
169.0 113.0
169.0 153.0
169.0 174.0
169.0 178.0
169.0 182.0
169.0 189.0
169.0 190.0
169.0 191.0
169.0 192.0
169.0 194.0
169.0 197.0
169.0 198.0
169.0 200.0
170.0 101.0
170.0 115.0
170.0 117.0
170.0 123.0
170.0 135.0
170.0 137.0
170.0 139.0
170.0 150.0
170.0 152.0
170.0 154.0
170.0 160.0
170.0 161.0
170.0 164.0
170.0 171.0
171.0 101.0
171.0 115.0
171.0 117.0
171.0 123.0
171.0 130.0
171.0 135.0
171.0 139.0
171.0 150.0
171.0 152.0
171.0 154.0
171.0 160.0
171.0 161.0
171.0 164.0
171.0 170.0
172.0 104.0
172.0 148.0
172.0 155.0
172.0 157.0
172.0 158.0
172.0 162.0
172.0 166.0
172.0 176.0
172.0 184.0
172.0 186.0
172.0 187.0
172.0 188.0
172.0 195.0
172.0 196.0
173.0 105.0
173.0 149.0
173.0 151.0
173.0 156.0
173.0 163.0
173.0 168.0
173.0 174.0
173.0 177.0
173.0 179.0
173.0 180.0
173.0 181.0
173.0 183.0
173.0 185.0
173.0 193.0
174.0 165.0
174.0 167.0
174.0 169.0
174.0 173.0
174.0 175.0
174.0 182.0
174.0 190.0
174.0 191.0
174.0 192.0
174.0 194.0
174.0 197.0
174.0 198.0
174.0 199.0
174.0 200.0
175.0 113.0
175.0 167.0
175.0 174.0
175.0 178.0
175.0 182.0
175.0 186.0
175.0 189.0
175.0 190.0
175.0 191.0
175.0 192.0
175.0 197.0
175.0 198.0
175.0 199.0
175.0 200.0
176.0 131.0
176.0 148.0
176.0 155.0
176.0 157.0
176.0 158.0
176.0 162.0
176.0 166.0
176.0 172.0
176.0 184.0
176.0 186.0
176.0 187.0
176.0 188.0
176.0 195.0
176.0 196.0
177.0 105.0
177.0 147.0
177.0 149.0
177.0 151.0
177.0 156.0
177.0 163.0
177.0 168.0
177.0 173.0
177.0 179.0
177.0 180.0
177.0 181.0
177.0 183.0
177.0 185.0
177.0 193.0
178.0 133.0
178.0 153.0
178.0 165.0
178.0 167.0
178.0 169.0
178.0 175.0
178.0 189.0
178.0 190.0
178.0 191.0
178.0 192.0
178.0 194.0
178.0 197.0
178.0 198.0
178.0 199.0
179.0 149.0
179.0 151.0
179.0 156.0
179.0 159.0
179.0 163.0
179.0 168.0
179.0 173.0
179.0 177.0
179.0 180.0
179.0 181.0
179.0 183.0
179.0 185.0
179.0 189.0
179.0 193.0
180.0 105.0
180.0 147.0
180.0 149.0
180.0 151.0
180.0 156.0
180.0 159.0
180.0 163.0
180.0 168.0
180.0 173.0
180.0 177.0
180.0 179.0
180.0 181.0
180.0 183.0
180.0 185.0
180.0 193.0
181.0 105.0
181.0 147.0
181.0 149.0
181.0 151.0
181.0 156.0
181.0 159.0
181.0 168.0
181.0 173.0
181.0 177.0
181.0 179.0
181.0 180.0
181.0 183.0
181.0 185.0
181.0 193.0
181.0 199.0
182.0 121.0
182.0 153.0
182.0 165.0
182.0 169.0
182.0 174.0
182.0 175.0
182.0 189.0
182.0 190.0
182.0 191.0
182.0 192.0
182.0 194.0
182.0 197.0
182.0 198.0
182.0 199.0
182.0 200.0
183.0 105.0
183.0 147.0
183.0 149.0
183.0 151.0
183.0 156.0
183.0 159.0
183.0 163.0
183.0 168.0
183.0 173.0
183.0 177.0
183.0 179.0
183.0 180.0
183.0 181.0
183.0 185.0
183.0 193.0
184.0 104.0
184.0 108.0
184.0 148.0
184.0 155.0
184.0 157.0
184.0 158.0
184.0 162.0
184.0 166.0
184.0 172.0
184.0 176.0
184.0 186.0
184.0 187.0
184.0 188.0
184.0 195.0
184.0 196.0
185.0 105.0
185.0 147.0
185.0 149.0
185.0 151.0
185.0 156.0
185.0 159.0
185.0 163.0
185.0 168.0
185.0 173.0
185.0 177.0
185.0 179.0
185.0 180.0
185.0 181.0
185.0 183.0
185.0 193.0
186.0 104.0
186.0 131.0
186.0 148.0
186.0 155.0
186.0 157.0
186.0 158.0
186.0 162.0
186.0 166.0
186.0 172.0
186.0 175.0
186.0 176.0
186.0 184.0
186.0 187.0
186.0 188.0
186.0 195.0
186.0 196.0
187.0 104.0
187.0 131.0
187.0 148.0
187.0 155.0
187.0 157.0
187.0 158.0
187.0 162.0
187.0 163.0
187.0 166.0
187.0 172.0
187.0 176.0
187.0 184.0
187.0 186.0
187.0 188.0
187.0 195.0
187.0 196.0
188.0 104.0
188.0 131.0
188.0 148.0
188.0 155.0
188.0 157.0
188.0 158.0
188.0 162.0
188.0 166.0
188.0 172.0
188.0 176.0
188.0 184.0
188.0 186.0
188.0 187.0
188.0 192.0
188.0 195.0
188.0 196.0
189.0 113.0
189.0 153.0
189.0 167.0
189.0 169.0
189.0 175.0
189.0 178.0
189.0 179.0
189.0 182.0
189.0 190.0
189.0 191.0
189.0 192.0
189.0 194.0
189.0 197.0
189.0 198.0
189.0 199.0
189.0 200.0
190.0 153.0
190.0 165.0
190.0 168.0
190.0 169.0
190.0 174.0
190.0 175.0
190.0 178.0
190.0 182.0
190.0 189.0
190.0 191.0
190.0 192.0
190.0 194.0
190.0 197.0
190.0 198.0
190.0 199.0
190.0 200.0
191.0 113.0
191.0 153.0
191.0 165.0
191.0 167.0
191.0 169.0
191.0 174.0
191.0 175.0
191.0 178.0
191.0 182.0
191.0 189.0
191.0 190.0
191.0 194.0
191.0 197.0
191.0 198.0
191.0 199.0
191.0 200.0
192.0 113.0
192.0 165.0
192.0 167.0
192.0 169.0
192.0 174.0
192.0 175.0
192.0 178.0
192.0 182.0
192.0 188.0
192.0 189.0
192.0 190.0
192.0 194.0
192.0 197.0
192.0 198.0
192.0 199.0
192.0 200.0
193.0 105.0
193.0 147.0
193.0 149.0
193.0 151.0
193.0 156.0
193.0 159.0
193.0 163.0
193.0 167.0
193.0 168.0
193.0 173.0
193.0 177.0
193.0 179.0
193.0 180.0
193.0 181.0
193.0 183.0
193.0 185.0
194.0 153.0
194.0 159.0
194.0 165.0
194.0 167.0
194.0 169.0
194.0 174.0
194.0 178.0
194.0 182.0
194.0 189.0
194.0 190.0
194.0 191.0
194.0 192.0
194.0 197.0
194.0 198.0
194.0 199.0
194.0 200.0
195.0 104.0
195.0 131.0
195.0 148.0
195.0 155.0
195.0 157.0
195.0 158.0
195.0 162.0
195.0 165.0
195.0 166.0
195.0 172.0
195.0 176.0
195.0 184.0
195.0 186.0
195.0 187.0
195.0 188.0
195.0 196.0
196.0 104.0
196.0 116.0
196.0 131.0
196.0 148.0
196.0 155.0
196.0 157.0
196.0 158.0
196.0 162.0
196.0 166.0
196.0 172.0
196.0 176.0
196.0 184.0
196.0 186.0
196.0 187.0
196.0 188.0
196.0 195.0
197.0 113.0
197.0 153.0
197.0 165.0
197.0 167.0
197.0 169.0
197.0 174.0
197.0 175.0
197.0 178.0
197.0 182.0
197.0 189.0
197.0 190.0
197.0 191.0
197.0 192.0
197.0 194.0
197.0 198.0
197.0 199.0
197.0 200.0
198.0 113.0
198.0 153.0
198.0 165.0
198.0 167.0
198.0 169.0
198.0 174.0
198.0 175.0
198.0 178.0
198.0 182.0
198.0 189.0
198.0 190.0
198.0 191.0
198.0 192.0
198.0 194.0
198.0 197.0
198.0 199.0
198.0 200.0
199.0 113.0
199.0 153.0
199.0 165.0
199.0 167.0
199.0 174.0
199.0 175.0
199.0 178.0
199.0 181.0
199.0 182.0
199.0 189.0
199.0 190.0
199.0 191.0
199.0 192.0
199.0 194.0
199.0 197.0
199.0 198.0
199.0 200.0
200.0 113.0
200.0 135.0
200.0 153.0
200.0 165.0
200.0 167.0
200.0 169.0
200.0 174.0
200.0 175.0
200.0 182.0
200.0 189.0
200.0 190.0
200.0 191.0
200.0 192.0
200.0 194.0
200.0 197.0
200.0 198.0
200.0 199.0
1
1 2
112
69 132.0
74 128.0
92 119.0
99 129.0
91 136.0
97 138.0
90 127.0
78 122.0
53 143.0
89 102.0
13 125.0
67 125.0
98 132.0
65 129.0
100 127.0
94 128.0
82 136.0
75 138.0
49 156.0
59 163.0
51 181.0
56 151.0
79 149.0
81 193.0
63 147.0
68 168.0
47 179.0
73 173.0
80 177.0
77 159.0
85 180.0
5 183.0
93 105.0
83 185.0
96 120.0
72 106.0
48 137.0
62 108.0
76 111.0
58 126.0
31 134.0
86 121.0
55 124.0
4 109.0
57 141.0
88 140.0
84 111.0
66 124.0
95 126.0
87 141.0
10 114.0
12 107.0
14 145.0
3 112.0
44 116.0
42 142.0
18 133.0
46 118.0
16 103.0
33 144.0
45 110.0
7 146.0
19 131.0
28 104.0
27 157.0
32 186.0
29 162.0
38 187.0
25 196.0
22 184.0
36 188.0
2 176.0
43 172.0
36 148.0
29 158.0
19 155.0
43 195.0
38 166.0
33 173.0
100 188.0
14 137.0
31 128.0
43 119.0
5 108.0
47 108.0
3 121.0
22 111.0
91 141.0
81 162.0
77 133.0
98 196.0
53 140.0
96 144.0
43 144.0
33 159.0
90 145.0
78 107.0
63 114.0
27 103.0
90 126.0
58 122.0
85 114.0
68 133.0
83 127.0
5 134.0
75 145.0
18 184.0
44 138.0
16 109.0
88 103.0
44 157.0
78 146.0
9
13 53 65 67 69 74 75 78 82 89 90 91 92 94 97 98 99 100 102.0 119.0 122.0 125.0 127.0 128.0 129.0 132.0 136.0 138.0 143.0 
5 47 49 51 56 59 63 68 73 77 79 80 81 83 85 93 105.0 147.0 149.0 151.0 156.0 159.0 163.0 168.0 173.0 177.0 179.0 180.0 181.0 183.0 185.0 193.0 
4 31 48 55 57 58 62 66 72 76 84 86 87 88 95 96 106.0 108.0 109.0 111.0 120.0 121.0 124.0 126.0 134.0 137.0 140.0 141.0 
3 7 10 12 14 16 18 33 42 44 45 46 103.0 107.0 110.0 112.0 114.0 116.0 118.0 133.0 142.0 144.0 145.0 146.0 
2 19 22 25 27 28 29 32 36 38 43 104.0 131.0 148.0 155.0 157.0 158.0 162.0 166.0 172.0 176.0 184.0 186.0 187.0 188.0 195.0 196.0 
6 8 9 11 20 21 24 26 34 37 40 41
1 15 17 23 30 35 39 50 52 54 60 61 64 70 71
113.0 153.0 165.0 167.0 169.0 174.0 175.0 178.0 182.0 189.0 190.0 191.0 192.0 194.0 197.0 198.0 199.0 200.0
101.0 115.0 117.0 123.0 130.0 135.0 139.0 150.0 152.0 154.0 160.0 161.0 164.0 170.0 171.0
