2
1 2 3 4 5 6 7 8 9 10 11 12 13 14 15 16 17 18 19 20 21 22 23 24 25 26 27 28 29 30 31 32 33 34 35 36 37 38 39 40 41 42 43 44 45 46 47 48 49 50 51 52 53 54 55 56 57 58 59 60 61 62 63 64 65 66 67 68 69 70 71 72 73 74 75 76 77 78 79 80 81 82 83 84 85 86 87 88 89 90 91 92 93 94 95 96 97 98 99 100
3302
1 2
1 3
1 4
1 6
1 10
1 12
1 13
1 17
1 29
1 31
1 40
1 42
1 48
1 51
1 52
1 60
1 63
1 64
1 76
1 77
1 78
1 81
1 83
1 86
1 87
1 88
1 90
1 91
1 97
2 1
2 5
2 9
2 11
2 19
2 26
2 29
2 31
2 32
2 38
2 42
2 45
2 50
2 52
2 64
2 69
2 71
2 73
2 76
2 77
2 81
2 83
2 86
2 88
2 91
2 95
2 97
2 99
2 100
3 1
3 4
3 5
3 9
3 11
3 15
3 19
3 26
3 31
3 36
3 42
3 45
3 46
3 50
3 63
3 64
3 66
3 69
3 71
3 74
3 75
3 77
3 80
3 83
3 86
3 87
3 91
3 95
3 100
4 1
4 3
4 5
4 7
4 10
4 14
4 17
4 20
4 32
4 40
4 45
4 46
4 49
4 50
4 52
4 59
4 64
4 69
4 71
4 77
4 78
4 83
4 85
4 88
4 90
4 91
4 96
4 99
4 100
5 2
5 3
5 4
5 6
5 7
5 12
5 14
5 15
5 18
5 20
5 26
5 31
5 32
5 39
5 46
5 48
5 51
5 66
5 71
5 75
5 78
5 82
5 83
5 85
5 87
5 90
5 97
5 99
6 1
6 5
6 7
6 9
6 11
6 15
6 17
6 18
6 31
6 43
6 45
6 49
6 50
6 52
6 59
6 64
6 66
6 70
6 71
6 73
6 76
6 81
6 86
6 89
6 91
6 92
6 95
6 99
6 100
7 4
7 5
7 6
7 11
7 14
7 15
7 17
7 20
7 28
7 32
7 39
7 45
7 47
7 51
7 52
7 60
7 61
7 63
7 69
7 74
7 77
7 78
7 80
7 81
7 86
7 87
7 89
7 91
7 95
8 16
8 21
8 26
8 27
8 33
8 34
8 35
8 36
8 38
8 41
8 44
8 54
8 55
8 56
8 57
8 61
8 62
8 65
8 66
8 68
8 70
8 79
8 82
8 84
8 92
8 93
8 94
8 96
8 98
9 2
9 3
9 6
9 13
9 15
9 17
9 18
9 19
9 28
9 32
9 40
9 42
9 43
9 48
9 49
9 52
9 60
9 64
9 66
9 74
9 75
9 81
9 82
9 83
9 87
9 90
9 97
9 99
9 100
10 1
10 4
10 12
10 13
10 14
10 17
10 18
10 19
10 26
10 28
10 29
10 32
10 46
10 49
10 51
10 52
10 68
10 71
10 73
10 74
10 77
10 80
10 85
10 86
10 88
10 89
10 90
10 93
10 97
10 99
11 2
11 3
11 6
11 7
11 12
11 13
11 15
11 18
11 19
11 31
11 32
11 43
11 46
11 50
11 52
11 55
11 59
11 60
11 63
11 64
11 66
11 71
11 74
11 75
11 76
11 77
11 80
11 95
11 99
11 100
12 1
12 5
12 10
12 11
12 17
12 18
12 28
12 29
12 31
12 32
12 39
12 45
12 46
12 50
12 51
12 52
12 59
12 63
12 64
12 66
12 69
12 76
12 77
12 78
12 81
12 83
12 87
12 88
12 89
12 95
13 1
13 9
13 10
13 11
13 14
13 15
13 21
13 28
13 31
13 47
13 48
13 49
13 69
13 71
13 73
13 74
13 75
13 76
13 77
13 78
13 83
13 85
13 86
13 87
13 88
13 89
13 90
13 91
13 95
13 99
14 4
14 5
14 7
14 10
14 13
14 19
14 20
14 21
14 40
14 42
14 45
14 46
14 47
14 48
14 50
14 52
14 59
14 64
14 66
14 74
14 75
14 77
14 85
14 86
14 87
14 88
14 90
14 95
14 97
14 100
15 3
15 5
15 6
15 7
15 9
15 11
15 13
15 23
15 26
15 29
15 47
15 49
15 51
15 66
15 69
15 71
15 73
15 75
15 76
15 78
15 80
15 81
15 83
15 85
15 86
15 87
15 88
15 90
15 97
15 100
16 8
16 18
16 21
16 22
16 25
16 27
16 30
16 33
16 34
16 35
16 36
16 44
16 53
16 54
16 55
16 57
16 58
16 62
16 65
16 70
16 72
16 79
16 81
16 82
16 84
16 92
16 93
16 94
16 96
16 98
17 1
17 4
17 6
17 7
17 9
17 10
17 12
17 28
17 29
17 31
17 42
17 43
17 47
17 49
17 52
17 59
17 63
17 69
17 71
17 73
17 77
17 80
17 81
17 86
17 87
17 89
17 90
17 97
17 99
18 5
18 6
18 9
18 10
18 11
18 12
18 16
18 20
18 28
18 29
18 40
18 45
18 48
18 51
18 52
18 59
18 60
18 63
18 66
18 73
18 75
18 76
18 81
18 86
18 88
18 89
18 90
18 91
18 95
18 97
19 2
19 3
19 9
19 10
19 11
19 14
19 20
19 31
19 32
19 42
19 43
19 46
19 47
19 48
19 49
19 51
19 52
19 60
19 63
19 65
19 66
19 69
19 74
19 76
19 80
19 83
19 86
19 87
19 95
19 100
20 4
20 5
20 7
20 14
20 18
20 19
20 26
20 32
20 39
20 40
20 43
20 48
20 49
20 50
20 52
20 58
20 60
20 63
20 69
20 71
20 76
20 77
20 78
20 80
20 87
20 90
20 91
20 95
20 97
20 100
21 8
21 13
21 14
21 16
21 23
21 24
21 30
21 33
21 35
21 36
21 41
21 44
21 53
21 54
21 55
21 56
21 57
21 58
21 61
21 62
21 65
21 67
21 79
21 82
21 84
21 92
21 93
21 94
21 96
21 98
22 16
22 23
22 25
22 30
22 33
22 34
22 36
22 37
22 38
22 44
22 53
22 54
22 55
22 56
22 57
22 58
22 62
22 65
22 67
22 68
22 70
22 72
22 74
22 79
22 82
22 84
22 92
22 93
22 94
22 96
23 15
23 21
23 22
23 24
23 25
23 27
23 33
23 34
23 35
23 36
23 38
23 41
23 42
23 53
23 56
23 58
23 61
23 65
23 67
23 68
23 70
23 72
23 79
23 82
23 84
23 92
23 93
23 94
23 96
23 98
24 21
24 23
24 25
24 27
24 30
24 33
24 34
24 35
24 37
24 38
24 44
24 47
24 53
24 54
24 56
24 57
24 58
24 65
24 67
24 68
24 70
24 72
24 79
24 82
24 84
24 92
24 93
24 94
24 96
24 98
25 16
25 22
25 23
25 24
25 27
25 30
25 33
25 34
25 35
25 36
25 41
25 44
25 52
25 54
25 55
25 56
25 57
25 58
25 61
25 62
25 65
25 67
25 68
25 70
25 72
25 79
25 82
25 92
25 93
25 96
25 98
26 2
26 3
26 5
26 8
26 10
26 15
26 20
26 28
26 31
26 43
26 45
26 46
26 47
26 60
26 63
26 64
26 73
26 75
26 76
26 78
26 81
26 83
26 85
26 86
26 87
26 88
26 90
26 91
26 95
26 97
26 99
27 8
27 16
27 23
27 24
27 25
27 33
27 36
27 38
27 41
27 43
27 44
27 53
27 54
27 55
27 56
27 57
27 58
27 59
27 61
27 62
27 67
27 68
27 70
27 72
27 79
27 82
27 84
27 92
27 94
27 96
27 98
28 7
28 9
28 10
28 12
28 13
28 17
28 18
28 26
28 30
28 32
28 39
28 40
28 42
28 45
28 46
28 50
28 51
28 59
28 64
28 68
28 69
28 75
28 77
28 78
28 85
28 86
28 87
28 88
28 91
28 97
28 99
29 1
29 2
29 10
29 12
29 15
29 17
29 18
29 31
29 32
29 43
29 46
29 47
29 48
29 49
29 51
29 52
29 60
29 63
29 66
29 71
29 75
29 76
29 77
29 78
29 80
29 81
29 83
29 86
29 88
29 91
29 93
30 16
30 21
30 22
30 24
30 25
30 28
30 35
30 37
30 38
30 41
30 44
30 53
30 54
30 55
30 56
30 57
30 58
30 61
30 65
30 67
30 68
30 70
30 79
30 82
30 84
30 90
30 92
30 93
30 94
30 96
30 98
31 1
31 2
31 3
31 5
31 6
31 11
31 12
31 13
31 17
31 19
31 26
31 29
31 32
31 47
31 48
31 49
31 50
31 51
31 60
31 66
31 69
31 71
31 74
31 76
31 77
31 78
31 80
31 81
31 85
31 86
31 95
32 2
32 4
32 5
32 7
32 9
32 10
32 11
32 12
32 19
32 20
32 28
32 29
32 31
32 39
32 42
32 45
32 50
32 60
32 61
32 63
32 71
32 73
32 81
32 83
32 85
32 87
32 88
32 89
32 91
32 97
32 100
33 8
33 16
33 21
33 22
33 23
33 24
33 25
33 27
33 34
33 35
33 37
33 41
33 44
33 54
33 55
33 57
33 61
33 62
33 67
33 68
33 70
33 72
33 79
33 82
33 84
33 85
33 92
33 93
33 94
33 98
33 99
34 8
34 16
34 22
34 23
34 24
34 25
34 33
34 35
34 37
34 38
34 53
34 54
34 56
34 57
34 58
34 61
34 62
34 64
34 65
34 67
34 68
34 70
34 72
34 79
34 82
34 84
34 91
34 93
34 94
34 96
34 98
35 8
35 16
35 21
35 23
35 24
35 25
35 30
35 33
35 34
35 37
35 38
35 40
35 53
35 56
35 57
35 58
35 61
35 62
35 65
35 67
35 68
35 70
35 75
35 79
35 82
35 84
35 92
35 93
35 94
35 96
35 98
36 3
36 8
36 16
36 21
36 22
36 23
36 25
36 27
36 37
36 38
36 41
36 44
36 53
36 55
36 57
36 58
36 61
36 62
36 65
36 67
36 68
36 70
36 72
36 79
36 82
36 84
36 92
36 93
36 94
36 96
36 98
37 22
37 24
37 30
37 33
37 34
37 35
37 36
37 41
37 44
37 47
37 53
37 54
37 55
37 56
37 57
37 58
37 61
37 62
37 65
37 67
37 68
37 70
37 72
37 82
37 84
37 89
37 92
37 93
37 94
37 96
37 98
38 2
38 8
38 22
38 23
38 24
38 27
38 30
38 34
38 35
38 36
38 41
38 44
38 53
38 54
38 55
38 56
38 57
38 58
38 65
38 67
38 68
38 70
38 72
38 79
38 82
38 84
38 85
38 92
38 93
38 94
38 96
38 98
39 5
39 7
39 12
39 20
39 28
39 32
39 40
39 45
39 46
39 47
39 48
39 49
39 51
39 52
39 59
39 65
39 66
39 71
39 73
39 75
39 77
39 79
39 81
39 83
39 86
39 87
39 88
39 89
39 90
39 91
39 95
39 99
40 1
40 4
40 9
40 14
40 18
40 20
40 28
40 35
40 39
40 42
40 45
40 46
40 47
40 48
40 49
40 50
40 60
40 63
40 66
40 67
40 69
40 73
40 74
40 76
40 77
40 83
40 85
40 87
40 95
40 97
40 99
40 100
41 8
41 21
41 23
41 25
41 27
41 30
41 33
41 36
41 37
41 38
41 44
41 54
41 55
41 56
41 57
41 58
41 61
41 62
41 65
41 67
41 68
41 70
41 72
41 79
41 82
41 84
41 92
41 93
41 94
41 96
41 98
41 100
42 1
42 2
42 3
42 9
42 14
42 17
42 19
42 23
42 28
42 32
42 40
42 43
42 49
42 59
42 60
42 63
42 64
42 69
42 71
42 73
42 74
42 75
42 78
42 80
42 85
42 86
42 87
42 88
42 89
42 91
42 95
42 100
43 6
43 9
43 11
43 17
43 19
43 20
43 26
43 27
43 29
43 42
43 45
43 47
43 52
43 59
43 63
43 64
43 66
43 69
43 71
43 73
43 76
43 77
43 80
43 81
43 85
43 87
43 88
43 89
43 95
43 99
43 100
44 8
44 16
44 21
44 22
44 24
44 25
44 27
44 30
44 33
44 36
44 37
44 38
44 41
44 53
44 54
44 56
44 61
44 62
44 65
44 67
44 68
44 70
44 72
44 79
44 82
44 84
44 86
44 92
44 93
44 94
44 96
44 98
45 2
45 3
45 4
45 6
45 7
45 12
45 14
45 18
45 26
45 28
45 32
45 39
45 40
45 43
45 50
45 51
45 52
45 64
45 66
45 69
45 71
45 73
45 78
45 80
45 85
45 87
45 90
45 95
45 97
45 99
45 100
46 3
46 4
46 5
46 10
46 11
46 12
46 14
46 19
46 26
46 28
46 29
46 39
46 40
46 48
46 50
46 51
46 59
46 60
46 64
46 66
46 69
46 73
46 75
46 76
46 77
46 80
46 83
46 85
46 86
46 88
46 99
46 100
47 7
47 13
47 14
47 15
47 17
47 19
47 24
47 26
47 29
47 31
47 37
47 39
47 40
47 43
47 48
47 51
47 59
47 60
47 63
47 64
47 66
47 69
47 74
47 77
47 78
47 86
47 87
47 89
47 90
47 95
47 97
47 99
47 100
48 1
48 5
48 9
48 13
48 14
48 18
48 19
48 20
48 29
48 31
48 39
48 40
48 46
48 47
48 52
48 56
48 60
48 63
48 64
48 66
48 73
48 75
48 77
48 78
48 80
48 81
48 83
48 86
48 88
48 89
48 90
48 91
48 95
49 4
49 6
49 9
49 10
49 13
49 15
49 17
49 19
49 20
49 29
49 31
49 39
49 40
49 42
49 51
49 55
49 60
49 64
49 66
49 69
49 75
49 76
49 77
49 78
49 87
49 88
49 89
49 90
49 91
49 95
49 97
49 99
49 100
50 2
50 3
50 4
50 6
50 11
50 12
50 14
50 20
50 28
50 31
50 32
50 40
50 45
50 46
50 53
50 63
50 64
50 66
50 69
50 71
50 73
50 77
50 80
50 81
50 83
50 85
50 88
50 89
50 90
50 95
50 97
50 99
50 100
51 1
51 5
51 7
51 10
51 12
51 15
51 18
51 19
51 28
51 29
51 31
51 39
51 45
51 46
51 47
51 49
51 52
51 60
51 62
51 66
51 69
51 73
51 74
51 75
51 78
51 80
51 81
51 86
51 88
51 90
51 91
51 99
51 100
52 1
52 2
52 4
52 6
52 7
52 9
52 10
52 11
52 12
52 14
52 17
52 18
52 19
52 20
52 25
52 29
52 39
52 43
52 45
52 48
52 51
52 59
52 71
52 73
52 80
52 85
52 88
52 89
52 91
52 94
52 95
52 97
52 99
53 16
53 21
53 22
53 23
53 24
53 27
53 30
53 34
53 35
53 36
53 37
53 38
53 44
53 50
53 54
53 55
53 56
53 57
53 58
53 60
53 61
53 62
53 65
53 67
53 72
53 79
53 82
53 84
53 92
53 93
53 94
53 96
53 98
54 8
54 16
54 21
54 22
54 24
54 25
54 27
54 30
54 33
54 34
54 37
54 38
54 41
54 44
54 53
54 55
54 56
54 57
54 58
54 61
54 62
54 65
54 68
54 70
54 72
54 79
54 83
54 84
54 92
54 93
54 94
54 96
54 98
55 8
55 11
55 16
55 21
55 22
55 25
55 27
55 30
55 33
55 36
55 37
55 38
55 41
55 49
55 53
55 54
55 56
55 57
55 58
55 61
55 62
55 65
55 67
55 70
55 72
55 79
55 82
55 84
55 92
55 93
55 94
55 96
55 98
56 8
56 21
56 22
56 23
56 24
56 25
56 27
56 30
56 34
56 35
56 37
56 38
56 41
56 44
56 48
56 53
56 54
56 55
56 58
56 61
56 62
56 65
56 67
56 68
56 70
56 72
56 79
56 84
56 92
56 93
56 94
56 96
56 98
56 99
57 8
57 16
57 21
57 22
57 24
57 25
57 27
57 30
57 33
57 34
57 35
57 36
57 37
57 38
57 41
57 53
57 54
57 55
57 58
57 61
57 62
57 65
57 67
57 68
57 70
57 71
57 72
57 79
57 82
57 92
57 93
57 94
57 96
57 98
58 16
58 20
58 21
58 22
58 23
58 24
58 25
58 27
58 30
58 34
58 35
58 36
58 37
58 38
58 41
58 53
58 54
58 55
58 56
58 57
58 59
58 61
58 62
58 68
58 70
58 72
58 79
58 82
58 84
58 92
58 93
58 94
58 96
58 98
59 4
59 6
59 11
59 12
59 14
59 17
59 18
59 27
59 28
59 39
59 42
59 43
59 46
59 47
59 52
59 58
59 63
59 66
59 69
59 73
59 74
59 76
59 78
59 81
59 83
59 87
59 88
59 89
59 90
59 91
59 95
59 97
59 99
59 100
60 1
60 7
60 9
60 11
60 18
60 19
60 20
60 26
60 29
60 31
60 32
60 40
60 42
60 46
60 47
60 48
60 49
60 51
60 53
60 63
60 64
60 66
60 73
60 74
60 75
60 76
60 80
60 81
60 83
60 85
60 86
60 89
60 99
60 100
61 7
61 8
61 21
61 23
61 25
61 27
61 30
61 32
61 33
61 34
61 35
61 36
61 37
61 41
61 44
61 53
61 54
61 55
61 56
61 57
61 58
61 62
61 65
61 67
61 68
61 70
61 72
61 79
61 82
61 84
61 92
61 93
61 96
61 98
62 8
62 16
62 21
62 22
62 25
62 27
62 33
62 34
62 35
62 36
62 37
62 41
62 44
62 51
62 53
62 54
62 55
62 56
62 57
62 58
62 61
62 65
62 66
62 67
62 68
62 70
62 72
62 79
62 82
62 84
62 93
62 94
62 96
62 98
63 1
63 3
63 7
63 11
63 12
63 17
63 18
63 19
63 20
63 26
63 29
63 32
63 40
63 42
63 43
63 47
63 48
63 50
63 59
63 60
63 74
63 75
63 76
63 77
63 78
63 83
63 86
63 87
63 88
63 89
63 91
63 95
63 100
64 1
64 2
64 3
64 4
64 6
64 9
64 11
64 12
64 14
64 26
64 28
64 34
64 42
64 43
64 45
64 46
64 47
64 48
64 49
64 50
64 60
64 71
64 73
64 74
64 76
64 77
64 78
64 85
64 89
64 90
64 91
64 97
64 99
64 100
65 8
65 16
65 19
65 21
65 22
65 23
65 24
65 25
65 30
65 34
65 35
65 36
65 37
65 38
65 39
65 41
65 44
65 53
65 54
65 55
65 56
65 57
65 61
65 62
65 67
65 68
65 70
65 72
65 84
65 92
65 93
65 94
65 96
65 98
66 3
66 5
66 6
66 8
66 9
66 11
66 12
66 14
66 15
66 18
66 19
66 29
66 31
66 39
66 40
66 43
66 45
66 46
66 47
66 48
66 49
66 50
66 51
66 59
66 60
66 62
66 74
66 77
66 80
66 81
66 88
66 89
66 90
66 91
67 21
67 22
67 23
67 24
67 25
67 27
67 30
67 33
67 34
67 35
67 36
67 37
67 38
67 40
67 41
67 44
67 53
67 55
67 56
67 57
67 61
67 62
67 65
67 68
67 70
67 72
67 74
67 79
67 82
67 84
67 92
67 93
67 94
67 96
67 98
68 8
68 10
68 22
68 23
68 24
68 25
68 27
68 28
68 30
68 33
68 34
68 35
68 36
68 37
68 38
68 41
68 44
68 54
68 56
68 57
68 58
68 61
68 62
68 65
68 67
68 70
68 72
68 79
68 82
68 84
68 92
68 93
68 94
68 96
68 98
69 2
69 3
69 4
69 7
69 12
69 13
69 15
69 17
69 19
69 20
69 28
69 31
69 40
69 42
69 43
69 45
69 46
69 47
69 49
69 50
69 51
69 59
69 73
69 75
69 76
69 77
69 80
69 83
69 86
69 87
69 89
69 90
69 99
69 100
70 6
70 8
70 16
70 22
70 23
70 24
70 25
70 27
70 30
70 33
70 34
70 35
70 36
70 37
70 38
70 41
70 44
70 54
70 55
70 56
70 57
70 58
70 61
70 62
70 65
70 67
70 68
70 72
70 82
70 84
70 88
70 92
70 94
70 96
70 98
71 2
71 3
71 4
71 5
71 6
71 10
71 11
71 13
71 15
71 17
71 20
71 29
71 31
71 32
71 39
71 42
71 43
71 45
71 50
71 52
71 57
71 64
71 73
71 74
71 75
71 76
71 78
71 80
71 81
71 85
71 86
71 87
71 91
71 95
71 97
72 16
72 22
72 23
72 24
72 25
72 27
72 33
72 34
72 36
72 37
72 38
72 41
72 44
72 53
72 54
72 55
72 56
72 57
72 58
72 61
72 62
72 65
72 67
72 68
72 70
72 76
72 79
72 82
72 84
72 87
72 92
72 93
72 94
72 96
72 98
73 2
73 6
73 10
73 13
73 15
73 17
73 18
73 26
73 32
73 39
73 40
73 42
73 43
73 45
73 46
73 48
73 50
73 51
73 52
73 59
73 60
73 64
73 69
73 71
73 74
73 77
73 80
73 83
73 85
73 86
73 89
73 97
73 100
74 3
74 7
74 9
74 10
74 11
74 13
74 14
74 19
74 22
74 31
74 40
74 42
74 47
74 51
74 59
74 60
74 63
74 64
74 66
74 67
74 71
74 73
74 76
74 77
74 80
74 81
74 83
74 85
74 87
74 88
74 89
74 90
74 91
74 95
74 97
75 3
75 5
75 9
75 11
75 13
75 14
75 15
75 18
75 26
75 28
75 29
75 35
75 39
75 42
75 46
75 48
75 49
75 51
75 60
75 63
75 69
75 71
75 78
75 81
75 83
75 85
75 86
75 88
75 89
75 90
75 91
75 95
75 97
75 99
75 100
76 1
76 2
76 6
76 11
76 12
76 13
76 15
76 18
76 19
76 20
76 26
76 29
76 31
76 40
76 43
76 46
76 49
76 59
76 60
76 63
76 64
76 69
76 71
76 72
76 74
76 77
76 81
76 83
76 85
76 86
76 87
76 89
76 95
76 97
76 98
76 100
77 1
77 2
77 3
77 4
77 7
77 10
77 11
77 12
77 13
77 14
77 17
77 20
77 28
77 29
77 31
77 39
77 40
77 43
77 46
77 47
77 48
77 49
77 50
77 63
77 64
77 66
77 69
77 73
77 74
77 76
77 78
77 83
77 85
77 91
77 97
77 99
78 1
78 4
78 5
78 7
78 12
78 13
78 15
78 20
78 26
78 28
78 29
78 31
78 42
78 45
78 47
78 48
78 49
78 51
78 59
78 63
78 64
78 71
78 75
78 77
78 80
78 81
78 83
78 84
78 85
78 86
78 87
78 88
78 91
78 95
78 97
78 100
79 8
79 16
79 21
79 22
79 23
79 24
79 25
79 27
79 30
79 33
79 34
79 35
79 36
79 38
79 39
79 41
79 44
79 53
79 54
79 55
79 56
79 57
79 58
79 61
79 62
79 67
79 68
79 72
79 82
79 84
79 92
79 93
79 94
79 95
79 96
79 98
80 3
80 7
80 10
80 11
80 15
80 17
80 19
80 20
80 29
80 31
80 42
80 43
80 45
80 46
80 48
80 50
80 51
80 52
80 60
80 66
80 69
80 71
80 73
80 74
80 78
80 81
80 83
80 85
80 87
80 88
80 89
80 90
80 97
80 99
80 100
81 1
81 2
81 6
81 7
81 9
81 12
81 15
81 16
81 17
81 18
81 26
81 29
81 31
81 32
81 39
81 43
81 48
81 50
81 51
81 59
81 60
81 66
81 71
81 74
81 75
81 76
81 78
81 80
81 83
81 85
81 86
81 88
81 89
81 90
81 94
81 99
82 5
82 8
82 9
82 16
82 21
82 22
82 23
82 24
82 25
82 27
82 30
82 33
82 34
82 35
82 36
82 37
82 38
82 41
82 44
82 53
82 55
82 57
82 58
82 61
82 62
82 67
82 68
82 70
82 72
82 79
82 84
82 92
82 93
82 94
82 96
82 98
83 1
83 2
83 3
83 4
83 5
83 9
83 12
83 13
83 15
83 19
83 26
83 29
83 32
83 39
83 40
83 46
83 48
83 50
83 54
83 59
83 60
83 63
83 69
83 73
83 74
83 75
83 76
83 77
83 78
83 80
83 81
83 85
83 87
83 89
83 90
83 91
83 97
84 8
84 16
84 21
84 22
84 23
84 24
84 27
84 30
84 33
84 34
84 35
84 36
84 37
84 38
84 41
84 44
84 53
84 54
84 55
84 56
84 58
84 61
84 62
84 65
84 67
84 68
84 70
84 72
84 78
84 79
84 82
84 92
84 93
84 94
84 96
84 97
84 98
85 4
85 5
85 10
85 13
85 14
85 15
85 26
85 28
85 31
85 32
85 33
85 38
85 40
85 42
85 43
85 45
85 46
85 50
85 52
85 60
85 64
85 71
85 73
85 74
85 75
85 76
85 77
85 78
85 80
85 81
85 83
85 88
85 90
85 91
85 95
85 99
85 100
86 1
86 2
86 3
86 6
86 7
86 10
86 13
86 14
86 15
86 17
86 18
86 19
86 26
86 28
86 29
86 31
86 39
86 42
86 44
86 46
86 47
86 48
86 51
86 60
86 63
86 69
86 71
86 73
86 75
86 76
86 78
86 81
86 87
86 88
86 89
86 95
86 97
87 1
87 3
87 5
87 7
87 9
87 12
87 13
87 14
87 15
87 17
87 19
87 20
87 26
87 28
87 32
87 39
87 40
87 42
87 43
87 45
87 47
87 49
87 59
87 63
87 69
87 71
87 72
87 74
87 76
87 78
87 80
87 83
87 86
87 90
87 91
87 97
87 99
88 1
88 2
88 4
88 10
88 12
88 13
88 14
88 15
88 18
88 26
88 28
88 29
88 32
88 39
88 42
88 43
88 46
88 48
88 49
88 50
88 51
88 52
88 59
88 63
88 66
88 70
88 74
88 75
88 78
88 80
88 81
88 85
88 86
88 89
88 91
88 97
88 99
89 6
89 7
89 10
89 12
89 13
89 17
89 18
89 32
89 37
89 39
89 42
89 43
89 47
89 48
89 49
89 50
89 52
89 59
89 60
89 63
89 64
89 66
89 69
89 73
89 74
89 75
89 76
89 80
89 81
89 83
89 86
89 88
89 90
89 95
89 97
89 98
89 100
90 1
90 4
90 5
90 9
90 10
90 13
90 14
90 15
90 17
90 18
90 20
90 26
90 30
90 39
90 45
90 47
90 48
90 49
90 50
90 51
90 59
90 64
90 66
90 69
90 74
90 75
90 80
90 81
90 83
90 85
90 87
90 89
90 91
90 92
90 97
90 99
90 100
91 1
91 2
91 3
91 4
91 6
91 7
91 13
91 18
91 20
91 26
91 28
91 29
91 32
91 34
91 39
91 42
91 48
91 49
91 51
91 52
91 59
91 63
91 64
91 66
91 71
91 74
91 75
91 77
91 78
91 83
91 85
91 87
91 88
91 90
91 95
91 99
91 100
92 6
92 8
92 16
92 21
92 22
92 23
92 24
92 25
92 27
92 30
92 33
92 35
92 36
92 37
92 38
92 41
92 44
92 53
92 54
92 55
92 56
92 57
92 58
92 61
92 65
92 67
92 68
92 70
92 72
92 79
92 82
92 84
92 90
92 93
92 94
92 96
92 98
93 8
93 10
93 16
93 21
93 22
93 23
93 24
93 25
93 29
93 30
93 33
93 34
93 35
93 36
93 37
93 38
93 41
93 44
93 53
93 54
93 55
93 56
93 57
93 58
93 61
93 62
93 65
93 67
93 68
93 72
93 79
93 82
93 84
93 92
93 94
93 96
93 98
94 8
94 16
94 21
94 22
94 23
94 24
94 27
94 30
94 33
94 34
94 35
94 36
94 37
94 38
94 41
94 44
94 52
94 53
94 54
94 55
94 56
94 57
94 58
94 62
94 65
94 67
94 68
94 70
94 72
94 79
94 81
94 82
94 84
94 92
94 93
94 96
94 98
95 2
95 3
95 6
95 7
95 11
95 12
95 13
95 14
95 18
95 19
95 20
95 26
95 31
95 39
95 40
95 42
95 43
95 45
95 47
95 48
95 49
95 50
95 52
95 59
95 63
95 71
95 74
95 75
95 76
95 78
95 79
95 85
95 86
95 89
95 91
95 96
95 97
95 99
96 4
96 8
96 16
96 21
96 22
96 23
96 24
96 25
96 27
96 30
96 34
96 35
96 36
96 37
96 38
96 41
96 44
96 53
96 54
96 55
96 56
96 57
96 58
96 61
96 62
96 65
96 67
96 68
96 70
96 72
96 79
96 82
96 84
96 92
96 93
96 94
96 95
96 98
97 1
97 2
97 5
97 9
97 10
97 14
97 15
97 17
97 18
97 20
97 26
97 28
97 32
97 40
97 45
97 47
97 49
97 50
97 52
97 59
97 64
97 71
97 73
97 74
97 75
97 76
97 77
97 78
97 80
97 83
97 84
97 86
97 87
97 88
97 89
97 90
97 95
97 100
98 8
98 16
98 21
98 23
98 24
98 25
98 27
98 30
98 33
98 34
98 35
98 36
98 37
98 38
98 41
98 44
98 53
98 54
98 55
98 56
98 57
98 58
98 61
98 62
98 65
98 67
98 68
98 70
98 72
98 76
98 79
98 82
98 84
98 89
98 92
98 93
98 94
98 96
99 2
99 4
99 5
99 6
99 9
99 10
99 11
99 13
99 17
99 26
99 28
99 33
99 39
99 40
99 43
99 45
99 46
99 47
99 49
99 50
99 51
99 52
99 56
99 59
99 60
99 64
99 69
99 75
99 77
99 80
99 81
99 85
99 87
99 88
99 90
99 91
99 95
99 100
100 2
100 3
100 4
100 6
100 9
100 11
100 14
100 15
100 19
100 20
100 32
100 40
100 41
100 42
100 43
100 45
100 46
100 47
100 49
100 50
100 51
100 59
100 60
100 63
100 64
100 69
100 73
100 75
100 76
100 78
100 80
100 85
100 89
100 90
100 91
100 97
100 99
101.0 102.0 103.0 104.0 105.0 106.0 107.0 108.0 109.0 110.0 111.0 112.0 113.0 114.0 115.0 116.0 117.0 118.0 119.0 120.0 121.0 122.0 123.0 124.0 125.0 126.0 127.0 128.0 129.0 130.0 131.0 132.0 133.0 134.0 135.0 136.0 137.0 138.0 139.0 140.0 141.0 142.0 143.0 144.0 145.0 146.0 147.0 148.0 149.0 150.0 151.0 152.0 153.0 154.0 155.0 156.0 157.0 158.0 159.0 160.0 161.0 162.0 163.0 164.0 165.0 166.0 167.0 168.0 169.0 170.0 171.0 172.0 173.0 174.0 175.0 176.0 177.0 178.0 179.0 180.0 181.0 182.0 183.0 184.0 185.0 186.0 187.0 188.0 189.0 190.0 191.0 192.0 193.0 194.0 195.0 196.0 197.0 198.0 199.0 200.0
3302
101.0 102.0
101.0 103.0
101.0 104.0
101.0 106.0
101.0 110.0
101.0 112.0
101.0 113.0
101.0 117.0
101.0 129.0
101.0 131.0
101.0 140.0
101.0 142.0
101.0 148.0
101.0 151.0
101.0 152.0
101.0 160.0
101.0 163.0
101.0 164.0
101.0 176.0
101.0 177.0
101.0 178.0
101.0 181.0
101.0 183.0
101.0 186.0
101.0 187.0
101.0 188.0
101.0 190.0
101.0 191.0
101.0 197.0
102.0 101.0
102.0 105.0
102.0 109.0
102.0 111.0
102.0 119.0
102.0 126.0
102.0 129.0
102.0 131.0
102.0 132.0
102.0 138.0
102.0 142.0
102.0 145.0
102.0 150.0
102.0 152.0
102.0 164.0
102.0 169.0
102.0 171.0
102.0 173.0
102.0 176.0
102.0 177.0
102.0 181.0
102.0 183.0
102.0 186.0
102.0 188.0
102.0 191.0
102.0 195.0
102.0 197.0
102.0 199.0
102.0 200.0
103.0 101.0
103.0 104.0
103.0 105.0
103.0 109.0
103.0 111.0
103.0 115.0
103.0 119.0
103.0 126.0
103.0 131.0
103.0 136.0
103.0 142.0
103.0 145.0
103.0 146.0
103.0 150.0
103.0 163.0
103.0 164.0
103.0 166.0
103.0 169.0
103.0 171.0
103.0 174.0
103.0 175.0
103.0 177.0
103.0 180.0
103.0 183.0
103.0 186.0
103.0 187.0
103.0 191.0
103.0 195.0
103.0 200.0
104.0 101.0
104.0 103.0
104.0 105.0
104.0 107.0
104.0 110.0
104.0 114.0
104.0 117.0
104.0 120.0
104.0 132.0
104.0 140.0
104.0 145.0
104.0 146.0
104.0 149.0
104.0 150.0
104.0 152.0
104.0 159.0
104.0 164.0
104.0 169.0
104.0 171.0
104.0 177.0
104.0 178.0
104.0 183.0
104.0 185.0
104.0 188.0
104.0 190.0
104.0 191.0
104.0 196.0
104.0 199.0
104.0 200.0
105.0 102.0
105.0 103.0
105.0 104.0
105.0 106.0
105.0 107.0
105.0 112.0
105.0 114.0
105.0 115.0
105.0 118.0
105.0 120.0
105.0 126.0
105.0 131.0
105.0 132.0
105.0 139.0
105.0 146.0
105.0 148.0
105.0 151.0
105.0 166.0
105.0 171.0
105.0 175.0
105.0 178.0
105.0 182.0
105.0 183.0
105.0 185.0
105.0 187.0
105.0 190.0
105.0 197.0
105.0 199.0
106.0 101.0
106.0 105.0
106.0 107.0
106.0 109.0
106.0 111.0
106.0 115.0
106.0 117.0
106.0 118.0
106.0 131.0
106.0 143.0
106.0 145.0
106.0 149.0
106.0 150.0
106.0 152.0
106.0 159.0
106.0 164.0
106.0 166.0
106.0 170.0
106.0 171.0
106.0 173.0
106.0 176.0
106.0 181.0
106.0 186.0
106.0 189.0
106.0 191.0
106.0 192.0
106.0 195.0
106.0 199.0
106.0 200.0
107.0 104.0
107.0 105.0
107.0 106.0
107.0 111.0
107.0 114.0
107.0 115.0
107.0 117.0
107.0 120.0
107.0 128.0
107.0 132.0
107.0 139.0
107.0 145.0
107.0 147.0
107.0 151.0
107.0 152.0
107.0 160.0
107.0 161.0
107.0 163.0
107.0 169.0
107.0 174.0
107.0 177.0
107.0 178.0
107.0 180.0
107.0 181.0
107.0 186.0
107.0 187.0
107.0 189.0
107.0 191.0
107.0 195.0
108.0 116.0
108.0 121.0
108.0 126.0
108.0 127.0
108.0 133.0
108.0 134.0
108.0 135.0
108.0 136.0
108.0 138.0
108.0 141.0
108.0 144.0
108.0 154.0
108.0 155.0
108.0 156.0
108.0 157.0
108.0 161.0
108.0 162.0
108.0 165.0
108.0 166.0
108.0 168.0
108.0 170.0
108.0 179.0
108.0 182.0
108.0 184.0
108.0 192.0
108.0 193.0
108.0 194.0
108.0 196.0
108.0 198.0
109.0 102.0
109.0 103.0
109.0 106.0
109.0 113.0
109.0 115.0
109.0 117.0
109.0 118.0
109.0 119.0
109.0 128.0
109.0 132.0
109.0 140.0
109.0 142.0
109.0 143.0
109.0 148.0
109.0 149.0
109.0 152.0
109.0 160.0
109.0 164.0
109.0 166.0
109.0 174.0
109.0 175.0
109.0 181.0
109.0 182.0
109.0 183.0
109.0 187.0
109.0 190.0
109.0 197.0
109.0 199.0
109.0 200.0
110.0 101.0
110.0 104.0
110.0 112.0
110.0 113.0
110.0 114.0
110.0 117.0
110.0 118.0
110.0 119.0
110.0 126.0
110.0 128.0
110.0 129.0
110.0 132.0
110.0 146.0
110.0 149.0
110.0 151.0
110.0 152.0
110.0 168.0
110.0 171.0
110.0 173.0
110.0 174.0
110.0 177.0
110.0 180.0
110.0 185.0
110.0 186.0
110.0 188.0
110.0 189.0
110.0 190.0
110.0 193.0
110.0 197.0
110.0 199.0
111.0 102.0
111.0 103.0
111.0 106.0
111.0 107.0
111.0 112.0
111.0 113.0
111.0 115.0
111.0 118.0
111.0 119.0
111.0 131.0
111.0 132.0
111.0 143.0
111.0 146.0
111.0 150.0
111.0 152.0
111.0 155.0
111.0 159.0
111.0 160.0
111.0 163.0
111.0 164.0
111.0 166.0
111.0 171.0
111.0 174.0
111.0 175.0
111.0 176.0
111.0 177.0
111.0 180.0
111.0 195.0
111.0 199.0
111.0 200.0
112.0 101.0
112.0 105.0
112.0 110.0
112.0 111.0
112.0 117.0
112.0 118.0
112.0 128.0
112.0 129.0
112.0 131.0
112.0 132.0
112.0 139.0
112.0 145.0
112.0 146.0
112.0 150.0
112.0 151.0
112.0 152.0
112.0 159.0
112.0 163.0
112.0 164.0
112.0 166.0
112.0 169.0
112.0 176.0
112.0 177.0
112.0 178.0
112.0 181.0
112.0 183.0
112.0 187.0
112.0 188.0
112.0 189.0
112.0 195.0
113.0 101.0
113.0 109.0
113.0 110.0
113.0 111.0
113.0 114.0
113.0 115.0
113.0 121.0
113.0 128.0
113.0 131.0
113.0 147.0
113.0 148.0
113.0 149.0
113.0 169.0
113.0 171.0
113.0 173.0
113.0 174.0
113.0 175.0
113.0 176.0
113.0 177.0
113.0 178.0
113.0 183.0
113.0 185.0
113.0 186.0
113.0 187.0
113.0 188.0
113.0 189.0
113.0 190.0
113.0 191.0
113.0 195.0
113.0 199.0
114.0 104.0
114.0 105.0
114.0 107.0
114.0 110.0
114.0 113.0
114.0 119.0
114.0 120.0
114.0 121.0
114.0 140.0
114.0 142.0
114.0 145.0
114.0 146.0
114.0 147.0
114.0 148.0
114.0 150.0
114.0 152.0
114.0 159.0
114.0 164.0
114.0 166.0
114.0 174.0
114.0 175.0
114.0 177.0
114.0 185.0
114.0 186.0
114.0 187.0
114.0 188.0
114.0 190.0
114.0 195.0
114.0 197.0
114.0 200.0
115.0 103.0
115.0 105.0
115.0 106.0
115.0 107.0
115.0 109.0
115.0 111.0
115.0 113.0
115.0 123.0
115.0 126.0
115.0 129.0
115.0 147.0
115.0 149.0
115.0 151.0
115.0 166.0
115.0 169.0
115.0 171.0
115.0 173.0
115.0 175.0
115.0 176.0
115.0 178.0
115.0 180.0
115.0 181.0
115.0 183.0
115.0 185.0
115.0 186.0
115.0 187.0
115.0 188.0
115.0 190.0
115.0 197.0
115.0 200.0
116.0 108.0
116.0 118.0
116.0 121.0
116.0 122.0
116.0 125.0
116.0 127.0
116.0 130.0
116.0 133.0
116.0 134.0
116.0 135.0
116.0 136.0
116.0 144.0
116.0 153.0
116.0 154.0
116.0 155.0
116.0 157.0
116.0 158.0
116.0 162.0
116.0 165.0
116.0 170.0
116.0 172.0
116.0 179.0
116.0 181.0
116.0 182.0
116.0 184.0
116.0 192.0
116.0 193.0
116.0 194.0
116.0 196.0
116.0 198.0
117.0 101.0
117.0 104.0
117.0 106.0
117.0 107.0
117.0 109.0
117.0 110.0
117.0 112.0
117.0 128.0
117.0 129.0
117.0 131.0
117.0 142.0
117.0 143.0
117.0 147.0
117.0 149.0
117.0 152.0
117.0 159.0
117.0 163.0
117.0 169.0
117.0 171.0
117.0 173.0
117.0 177.0
117.0 180.0
117.0 181.0
117.0 186.0
117.0 187.0
117.0 189.0
117.0 190.0
117.0 197.0
117.0 199.0
118.0 105.0
118.0 106.0
118.0 109.0
118.0 110.0
118.0 111.0
118.0 112.0
118.0 116.0
118.0 120.0
118.0 128.0
118.0 129.0
118.0 140.0
118.0 145.0
118.0 148.0
118.0 151.0
118.0 152.0
118.0 159.0
118.0 160.0
118.0 163.0
118.0 166.0
118.0 173.0
118.0 175.0
118.0 176.0
118.0 181.0
118.0 186.0
118.0 188.0
118.0 189.0
118.0 190.0
118.0 191.0
118.0 195.0
118.0 197.0
119.0 102.0
119.0 103.0
119.0 109.0
119.0 110.0
119.0 111.0
119.0 114.0
119.0 120.0
119.0 131.0
119.0 132.0
119.0 142.0
119.0 143.0
119.0 146.0
119.0 147.0
119.0 148.0
119.0 149.0
119.0 151.0
119.0 152.0
119.0 160.0
119.0 163.0
119.0 165.0
119.0 166.0
119.0 169.0
119.0 174.0
119.0 176.0
119.0 180.0
119.0 183.0
119.0 186.0
119.0 187.0
119.0 195.0
119.0 200.0
120.0 104.0
120.0 105.0
120.0 107.0
120.0 114.0
120.0 118.0
120.0 119.0
120.0 126.0
120.0 132.0
120.0 139.0
120.0 140.0
120.0 143.0
120.0 148.0
120.0 149.0
120.0 150.0
120.0 152.0
120.0 158.0
120.0 160.0
120.0 163.0
120.0 169.0
120.0 171.0
120.0 176.0
120.0 177.0
120.0 178.0
120.0 180.0
120.0 187.0
120.0 190.0
120.0 191.0
120.0 195.0
120.0 197.0
120.0 200.0
121.0 108.0
121.0 113.0
121.0 114.0
121.0 116.0
121.0 123.0
121.0 124.0
121.0 130.0
121.0 133.0
121.0 135.0
121.0 136.0
121.0 141.0
121.0 144.0
121.0 153.0
121.0 154.0
121.0 155.0
121.0 156.0
121.0 157.0
121.0 158.0
121.0 161.0
121.0 162.0
121.0 165.0
121.0 167.0
121.0 179.0
121.0 182.0
121.0 184.0
121.0 192.0
121.0 193.0
121.0 194.0
121.0 196.0
121.0 198.0
122.0 116.0
122.0 123.0
122.0 125.0
122.0 130.0
122.0 133.0
122.0 134.0
122.0 136.0
122.0 137.0
122.0 138.0
122.0 144.0
122.0 153.0
122.0 154.0
122.0 155.0
122.0 156.0
122.0 157.0
122.0 158.0
122.0 162.0
122.0 165.0
122.0 167.0
122.0 168.0
122.0 170.0
122.0 172.0
122.0 174.0
122.0 179.0
122.0 182.0
122.0 184.0
122.0 192.0
122.0 193.0
122.0 194.0
122.0 196.0
123.0 115.0
123.0 121.0
123.0 122.0
123.0 124.0
123.0 125.0
123.0 127.0
123.0 133.0
123.0 134.0
123.0 135.0
123.0 136.0
123.0 138.0
123.0 141.0
123.0 142.0
123.0 153.0
123.0 156.0
123.0 158.0
123.0 161.0
123.0 165.0
123.0 167.0
123.0 168.0
123.0 170.0
123.0 172.0
123.0 179.0
123.0 182.0
123.0 184.0
123.0 192.0
123.0 193.0
123.0 194.0
123.0 196.0
123.0 198.0
124.0 121.0
124.0 123.0
124.0 125.0
124.0 127.0
124.0 130.0
124.0 133.0
124.0 134.0
124.0 135.0
124.0 137.0
124.0 138.0
124.0 144.0
124.0 147.0
124.0 153.0
124.0 154.0
124.0 156.0
124.0 157.0
124.0 158.0
124.0 165.0
124.0 167.0
124.0 168.0
124.0 170.0
124.0 172.0
124.0 179.0
124.0 182.0
124.0 184.0
124.0 192.0
124.0 193.0
124.0 194.0
124.0 196.0
124.0 198.0
125.0 116.0
125.0 122.0
125.0 123.0
125.0 124.0
125.0 127.0
125.0 130.0
125.0 133.0
125.0 134.0
125.0 135.0
125.0 136.0
125.0 141.0
125.0 144.0
125.0 152.0
125.0 154.0
125.0 155.0
125.0 156.0
125.0 157.0
125.0 158.0
125.0 161.0
125.0 162.0
125.0 165.0
125.0 167.0
125.0 168.0
125.0 170.0
125.0 172.0
125.0 179.0
125.0 182.0
125.0 192.0
125.0 193.0
125.0 196.0
125.0 198.0
126.0 102.0
126.0 103.0
126.0 105.0
126.0 108.0
126.0 110.0
126.0 115.0
126.0 120.0
126.0 128.0
126.0 131.0
126.0 143.0
126.0 145.0
126.0 146.0
126.0 147.0
126.0 160.0
126.0 163.0
126.0 164.0
126.0 173.0
126.0 175.0
126.0 176.0
126.0 178.0
126.0 181.0
126.0 183.0
126.0 185.0
126.0 186.0
126.0 187.0
126.0 188.0
126.0 190.0
126.0 191.0
126.0 195.0
126.0 197.0
126.0 199.0
127.0 108.0
127.0 116.0
127.0 123.0
127.0 124.0
127.0 125.0
127.0 133.0
127.0 136.0
127.0 138.0
127.0 141.0
127.0 143.0
127.0 144.0
127.0 153.0
127.0 154.0
127.0 155.0
127.0 156.0
127.0 157.0
127.0 158.0
127.0 159.0
127.0 161.0
127.0 162.0
127.0 167.0
127.0 168.0
127.0 170.0
127.0 172.0
127.0 179.0
127.0 182.0
127.0 184.0
127.0 192.0
127.0 194.0
127.0 196.0
127.0 198.0
128.0 107.0
128.0 109.0
128.0 110.0
128.0 112.0
128.0 113.0
128.0 117.0
128.0 118.0
128.0 126.0
128.0 130.0
128.0 132.0
128.0 139.0
128.0 140.0
128.0 142.0
128.0 145.0
128.0 146.0
128.0 150.0
128.0 151.0
128.0 159.0
128.0 164.0
128.0 168.0
128.0 169.0
128.0 175.0
128.0 177.0
128.0 178.0
128.0 185.0
128.0 186.0
128.0 187.0
128.0 188.0
128.0 191.0
128.0 197.0
128.0 199.0
129.0 101.0
129.0 102.0
129.0 110.0
129.0 112.0
129.0 115.0
129.0 117.0
129.0 118.0
129.0 131.0
129.0 132.0
129.0 143.0
129.0 146.0
129.0 147.0
129.0 148.0
129.0 149.0
129.0 151.0
129.0 152.0
129.0 160.0
129.0 163.0
129.0 166.0
129.0 171.0
129.0 175.0
129.0 176.0
129.0 177.0
129.0 178.0
129.0 180.0
129.0 181.0
129.0 183.0
129.0 186.0
129.0 188.0
129.0 191.0
129.0 193.0
130.0 116.0
130.0 121.0
130.0 122.0
130.0 124.0
130.0 125.0
130.0 128.0
130.0 135.0
130.0 137.0
130.0 138.0
130.0 141.0
130.0 144.0
130.0 153.0
130.0 154.0
130.0 155.0
130.0 156.0
130.0 157.0
130.0 158.0
130.0 161.0
130.0 165.0
130.0 167.0
130.0 168.0
130.0 170.0
130.0 179.0
130.0 182.0
130.0 184.0
130.0 190.0
130.0 192.0
130.0 193.0
130.0 194.0
130.0 196.0
130.0 198.0
131.0 101.0
131.0 102.0
131.0 103.0
131.0 105.0
131.0 106.0
131.0 111.0
131.0 112.0
131.0 113.0
131.0 117.0
131.0 119.0
131.0 126.0
131.0 129.0
131.0 132.0
131.0 147.0
131.0 148.0
131.0 149.0
131.0 150.0
131.0 151.0
131.0 160.0
131.0 166.0
131.0 169.0
131.0 171.0
131.0 174.0
131.0 176.0
131.0 177.0
131.0 178.0
131.0 180.0
131.0 181.0
131.0 185.0
131.0 186.0
131.0 195.0
132.0 102.0
132.0 104.0
132.0 105.0
132.0 107.0
132.0 109.0
132.0 110.0
132.0 111.0
132.0 112.0
132.0 119.0
132.0 120.0
132.0 128.0
132.0 129.0
132.0 131.0
132.0 139.0
132.0 142.0
132.0 145.0
132.0 150.0
132.0 160.0
132.0 161.0
132.0 163.0
132.0 171.0
132.0 173.0
132.0 181.0
132.0 183.0
132.0 185.0
132.0 187.0
132.0 188.0
132.0 189.0
132.0 191.0
132.0 197.0
132.0 200.0
133.0 108.0
133.0 116.0
133.0 121.0
133.0 122.0
133.0 123.0
133.0 124.0
133.0 125.0
133.0 127.0
133.0 134.0
133.0 135.0
133.0 137.0
133.0 141.0
133.0 144.0
133.0 154.0
133.0 155.0
133.0 157.0
133.0 161.0
133.0 162.0
133.0 167.0
133.0 168.0
133.0 170.0
133.0 172.0
133.0 179.0
133.0 182.0
133.0 184.0
133.0 185.0
133.0 192.0
133.0 193.0
133.0 194.0
133.0 198.0
133.0 199.0
134.0 108.0
134.0 116.0
134.0 122.0
134.0 123.0
134.0 124.0
134.0 125.0
134.0 133.0
134.0 135.0
134.0 137.0
134.0 138.0
134.0 153.0
134.0 154.0
134.0 156.0
134.0 157.0
134.0 158.0
134.0 161.0
134.0 162.0
134.0 164.0
134.0 165.0
134.0 167.0
134.0 168.0
134.0 170.0
134.0 172.0
134.0 179.0
134.0 182.0
134.0 184.0
134.0 191.0
134.0 193.0
134.0 194.0
134.0 196.0
134.0 198.0
135.0 108.0
135.0 116.0
135.0 121.0
135.0 123.0
135.0 124.0
135.0 125.0
135.0 130.0
135.0 133.0
135.0 134.0
135.0 137.0
135.0 138.0
135.0 140.0
135.0 153.0
135.0 156.0
135.0 157.0
135.0 158.0
135.0 161.0
135.0 162.0
135.0 165.0
135.0 167.0
135.0 168.0
135.0 170.0
135.0 175.0
135.0 179.0
135.0 182.0
135.0 184.0
135.0 192.0
135.0 193.0
135.0 194.0
135.0 196.0
135.0 198.0
136.0 103.0
136.0 108.0
136.0 116.0
136.0 121.0
136.0 122.0
136.0 123.0
136.0 125.0
136.0 127.0
136.0 137.0
136.0 138.0
136.0 141.0
136.0 144.0
136.0 153.0
136.0 155.0
136.0 157.0
136.0 158.0
136.0 161.0
136.0 162.0
136.0 165.0
136.0 167.0
136.0 168.0
136.0 170.0
136.0 172.0
136.0 179.0
136.0 182.0
136.0 184.0
136.0 192.0
136.0 193.0
136.0 194.0
136.0 196.0
136.0 198.0
137.0 122.0
137.0 124.0
137.0 130.0
137.0 133.0
137.0 134.0
137.0 135.0
137.0 136.0
137.0 141.0
137.0 144.0
137.0 147.0
137.0 153.0
137.0 154.0
137.0 155.0
137.0 156.0
137.0 157.0
137.0 158.0
137.0 161.0
137.0 162.0
137.0 165.0
137.0 167.0
137.0 168.0
137.0 170.0
137.0 172.0
137.0 182.0
137.0 184.0
137.0 189.0
137.0 192.0
137.0 193.0
137.0 194.0
137.0 196.0
137.0 198.0
138.0 102.0
138.0 108.0
138.0 122.0
138.0 123.0
138.0 124.0
138.0 127.0
138.0 130.0
138.0 134.0
138.0 135.0
138.0 136.0
138.0 141.0
138.0 144.0
138.0 153.0
138.0 154.0
138.0 155.0
138.0 156.0
138.0 157.0
138.0 158.0
138.0 165.0
138.0 167.0
138.0 168.0
138.0 170.0
138.0 172.0
138.0 179.0
138.0 182.0
138.0 184.0
138.0 185.0
138.0 192.0
138.0 193.0
138.0 194.0
138.0 196.0
138.0 198.0
139.0 105.0
139.0 107.0
139.0 112.0
139.0 120.0
139.0 128.0
139.0 132.0
139.0 140.0
139.0 145.0
139.0 146.0
139.0 147.0
139.0 148.0
139.0 149.0
139.0 151.0
139.0 152.0
139.0 159.0
139.0 165.0
139.0 166.0
139.0 171.0
139.0 173.0
139.0 175.0
139.0 177.0
139.0 179.0
139.0 181.0
139.0 183.0
139.0 186.0
139.0 187.0
139.0 188.0
139.0 189.0
139.0 190.0
139.0 191.0
139.0 195.0
139.0 199.0
140.0 101.0
140.0 104.0
140.0 109.0
140.0 114.0
140.0 118.0
140.0 120.0
140.0 128.0
140.0 135.0
140.0 139.0
140.0 142.0
140.0 145.0
140.0 146.0
140.0 147.0
140.0 148.0
140.0 149.0
140.0 150.0
140.0 160.0
140.0 163.0
140.0 166.0
140.0 167.0
140.0 169.0
140.0 173.0
140.0 174.0
140.0 176.0
140.0 177.0
140.0 183.0
140.0 185.0
140.0 187.0
140.0 195.0
140.0 197.0
140.0 199.0
140.0 200.0
141.0 108.0
141.0 121.0
141.0 123.0
141.0 125.0
141.0 127.0
141.0 130.0
141.0 133.0
141.0 136.0
141.0 137.0
141.0 138.0
141.0 144.0
141.0 154.0
141.0 155.0
141.0 156.0
141.0 157.0
141.0 158.0
141.0 161.0
141.0 162.0
141.0 165.0
141.0 167.0
141.0 168.0
141.0 170.0
141.0 172.0
141.0 179.0
141.0 182.0
141.0 184.0
141.0 192.0
141.0 193.0
141.0 194.0
141.0 196.0
141.0 198.0
141.0 200.0
142.0 101.0
142.0 102.0
142.0 103.0
142.0 109.0
142.0 114.0
142.0 117.0
142.0 119.0
142.0 123.0
142.0 128.0
142.0 132.0
142.0 140.0
142.0 143.0
142.0 149.0
142.0 159.0
142.0 160.0
142.0 163.0
142.0 164.0
142.0 169.0
142.0 171.0
142.0 173.0
142.0 174.0
142.0 175.0
142.0 178.0
142.0 180.0
142.0 185.0
142.0 186.0
142.0 187.0
142.0 188.0
142.0 189.0
142.0 191.0
142.0 195.0
142.0 200.0
143.0 106.0
143.0 109.0
143.0 111.0
143.0 117.0
143.0 119.0
143.0 120.0
143.0 126.0
143.0 127.0
143.0 129.0
143.0 142.0
143.0 145.0
143.0 147.0
143.0 152.0
143.0 159.0
143.0 163.0
143.0 164.0
143.0 166.0
143.0 169.0
143.0 171.0
143.0 173.0
143.0 176.0
143.0 177.0
143.0 180.0
143.0 181.0
143.0 185.0
143.0 187.0
143.0 188.0
143.0 189.0
143.0 195.0
143.0 199.0
143.0 200.0
144.0 108.0
144.0 116.0
144.0 121.0
144.0 122.0
144.0 124.0
144.0 125.0
144.0 127.0
144.0 130.0
144.0 133.0
144.0 136.0
144.0 137.0
144.0 138.0
144.0 141.0
144.0 153.0
144.0 154.0
144.0 156.0
144.0 161.0
144.0 162.0
144.0 165.0
144.0 167.0
144.0 168.0
144.0 170.0
144.0 172.0
144.0 179.0
144.0 182.0
144.0 184.0
144.0 186.0
144.0 192.0
144.0 193.0
144.0 194.0
144.0 196.0
144.0 198.0
145.0 102.0
145.0 103.0
145.0 104.0
145.0 106.0
145.0 107.0
145.0 112.0
145.0 114.0
145.0 118.0
145.0 126.0
145.0 128.0
145.0 132.0
145.0 139.0
145.0 140.0
145.0 143.0
145.0 150.0
145.0 151.0
145.0 152.0
145.0 164.0
145.0 166.0
145.0 169.0
145.0 171.0
145.0 173.0
145.0 178.0
145.0 180.0
145.0 185.0
145.0 187.0
145.0 190.0
145.0 195.0
145.0 197.0
145.0 199.0
145.0 200.0
146.0 103.0
146.0 104.0
146.0 105.0
146.0 110.0
146.0 111.0
146.0 112.0
146.0 114.0
146.0 119.0
146.0 126.0
146.0 128.0
146.0 129.0
146.0 139.0
146.0 140.0
146.0 148.0
146.0 150.0
146.0 151.0
146.0 159.0
146.0 160.0
146.0 164.0
146.0 166.0
146.0 169.0
146.0 173.0
146.0 175.0
146.0 176.0
146.0 177.0
146.0 180.0
146.0 183.0
146.0 185.0
146.0 186.0
146.0 188.0
146.0 199.0
146.0 200.0
147.0 107.0
147.0 113.0
147.0 114.0
147.0 115.0
147.0 117.0
147.0 119.0
147.0 124.0
147.0 126.0
147.0 129.0
147.0 131.0
147.0 137.0
147.0 139.0
147.0 140.0
147.0 143.0
147.0 148.0
147.0 151.0
147.0 159.0
147.0 160.0
147.0 163.0
147.0 164.0
147.0 166.0
147.0 169.0
147.0 174.0
147.0 177.0
147.0 178.0
147.0 186.0
147.0 187.0
147.0 189.0
147.0 190.0
147.0 195.0
147.0 197.0
147.0 199.0
147.0 200.0
148.0 101.0
148.0 105.0
148.0 109.0
148.0 113.0
148.0 114.0
148.0 118.0
148.0 119.0
148.0 120.0
148.0 129.0
148.0 131.0
148.0 139.0
148.0 140.0
148.0 146.0
148.0 147.0
148.0 152.0
148.0 156.0
148.0 160.0
148.0 163.0
148.0 164.0
148.0 166.0
148.0 173.0
148.0 175.0
148.0 177.0
148.0 178.0
148.0 180.0
148.0 181.0
148.0 183.0
148.0 186.0
148.0 188.0
148.0 189.0
148.0 190.0
148.0 191.0
148.0 195.0
149.0 104.0
149.0 106.0
149.0 109.0
149.0 110.0
149.0 113.0
149.0 115.0
149.0 117.0
149.0 119.0
149.0 120.0
149.0 129.0
149.0 131.0
149.0 139.0
149.0 140.0
149.0 142.0
149.0 151.0
149.0 155.0
149.0 160.0
149.0 164.0
149.0 166.0
149.0 169.0
149.0 175.0
149.0 176.0
149.0 177.0
149.0 178.0
149.0 187.0
149.0 188.0
149.0 189.0
149.0 190.0
149.0 191.0
149.0 195.0
149.0 197.0
149.0 199.0
149.0 200.0
150.0 102.0
150.0 103.0
150.0 104.0
150.0 106.0
150.0 111.0
150.0 112.0
150.0 114.0
150.0 120.0
150.0 128.0
150.0 131.0
150.0 132.0
150.0 140.0
150.0 145.0
150.0 146.0
150.0 153.0
150.0 163.0
150.0 164.0
150.0 166.0
150.0 169.0
150.0 171.0
150.0 173.0
150.0 177.0
150.0 180.0
150.0 181.0
150.0 183.0
150.0 185.0
150.0 188.0
150.0 189.0
150.0 190.0
150.0 195.0
150.0 197.0
150.0 199.0
150.0 200.0
151.0 101.0
151.0 105.0
151.0 107.0
151.0 110.0
151.0 112.0
151.0 115.0
151.0 118.0
151.0 119.0
151.0 128.0
151.0 129.0
151.0 131.0
151.0 139.0
151.0 145.0
151.0 146.0
151.0 147.0
151.0 149.0
151.0 152.0
151.0 160.0
151.0 162.0
151.0 166.0
151.0 169.0
151.0 173.0
151.0 174.0
151.0 175.0
151.0 178.0
151.0 180.0
151.0 181.0
151.0 186.0
151.0 188.0
151.0 190.0
151.0 191.0
151.0 199.0
151.0 200.0
152.0 101.0
152.0 102.0
152.0 104.0
152.0 106.0
152.0 107.0
152.0 109.0
152.0 110.0
152.0 111.0
152.0 112.0
152.0 114.0
152.0 117.0
152.0 118.0
152.0 119.0
152.0 120.0
152.0 125.0
152.0 129.0
152.0 139.0
152.0 143.0
152.0 145.0
152.0 148.0
152.0 151.0
152.0 159.0
152.0 171.0
152.0 173.0
152.0 180.0
152.0 185.0
152.0 188.0
152.0 189.0
152.0 191.0
152.0 194.0
152.0 195.0
152.0 197.0
152.0 199.0
153.0 116.0
153.0 121.0
153.0 122.0
153.0 123.0
153.0 124.0
153.0 127.0
153.0 130.0
153.0 134.0
153.0 135.0
153.0 136.0
153.0 137.0
153.0 138.0
153.0 144.0
153.0 150.0
153.0 154.0
153.0 155.0
153.0 156.0
153.0 157.0
153.0 158.0
153.0 160.0
153.0 161.0
153.0 162.0
153.0 165.0
153.0 167.0
153.0 172.0
153.0 179.0
153.0 182.0
153.0 184.0
153.0 192.0
153.0 193.0
153.0 194.0
153.0 196.0
153.0 198.0
154.0 108.0
154.0 116.0
154.0 121.0
154.0 122.0
154.0 124.0
154.0 125.0
154.0 127.0
154.0 130.0
154.0 133.0
154.0 134.0
154.0 137.0
154.0 138.0
154.0 141.0
154.0 144.0
154.0 153.0
154.0 155.0
154.0 156.0
154.0 157.0
154.0 158.0
154.0 161.0
154.0 162.0
154.0 165.0
154.0 168.0
154.0 170.0
154.0 172.0
154.0 179.0
154.0 183.0
154.0 184.0
154.0 192.0
154.0 193.0
154.0 194.0
154.0 196.0
154.0 198.0
155.0 108.0
155.0 111.0
155.0 116.0
155.0 121.0
155.0 122.0
155.0 125.0
155.0 127.0
155.0 130.0
155.0 133.0
155.0 136.0
155.0 137.0
155.0 138.0
155.0 141.0
155.0 149.0
155.0 153.0
155.0 154.0
155.0 156.0
155.0 157.0
155.0 158.0
155.0 161.0
155.0 162.0
155.0 165.0
155.0 167.0
155.0 170.0
155.0 172.0
155.0 179.0
155.0 182.0
155.0 184.0
155.0 192.0
155.0 193.0
155.0 194.0
155.0 196.0
155.0 198.0
156.0 108.0
156.0 121.0
156.0 122.0
156.0 123.0
156.0 124.0
156.0 125.0
156.0 127.0
156.0 130.0
156.0 134.0
156.0 135.0
156.0 137.0
156.0 138.0
156.0 141.0
156.0 144.0
156.0 148.0
156.0 153.0
156.0 154.0
156.0 155.0
156.0 158.0
156.0 161.0
156.0 162.0
156.0 165.0
156.0 167.0
156.0 168.0
156.0 170.0
156.0 172.0
156.0 179.0
156.0 184.0
156.0 192.0
156.0 193.0
156.0 194.0
156.0 196.0
156.0 198.0
156.0 199.0
157.0 108.0
157.0 116.0
157.0 121.0
157.0 122.0
157.0 124.0
157.0 125.0
157.0 127.0
157.0 130.0
157.0 133.0
157.0 134.0
157.0 135.0
157.0 136.0
157.0 137.0
157.0 138.0
157.0 141.0
157.0 153.0
157.0 154.0
157.0 155.0
157.0 158.0
157.0 161.0
157.0 162.0
157.0 165.0
157.0 167.0
157.0 168.0
157.0 170.0
157.0 171.0
157.0 172.0
157.0 179.0
157.0 182.0
157.0 192.0
157.0 193.0
157.0 194.0
157.0 196.0
157.0 198.0
158.0 116.0
158.0 120.0
158.0 121.0
158.0 122.0
158.0 123.0
158.0 124.0
158.0 125.0
158.0 127.0
158.0 130.0
158.0 134.0
158.0 135.0
158.0 136.0
158.0 137.0
158.0 138.0
158.0 141.0
158.0 153.0
158.0 154.0
158.0 155.0
158.0 156.0
158.0 157.0
158.0 159.0
158.0 161.0
158.0 162.0
158.0 168.0
158.0 170.0
158.0 172.0
158.0 179.0
158.0 182.0
158.0 184.0
158.0 192.0
158.0 193.0
158.0 194.0
158.0 196.0
158.0 198.0
159.0 104.0
159.0 106.0
159.0 111.0
159.0 112.0
159.0 114.0
159.0 117.0
159.0 118.0
159.0 127.0
159.0 128.0
159.0 139.0
159.0 142.0
159.0 143.0
159.0 146.0
159.0 147.0
159.0 152.0
159.0 158.0
159.0 163.0
159.0 166.0
159.0 169.0
159.0 173.0
159.0 174.0
159.0 176.0
159.0 178.0
159.0 181.0
159.0 183.0
159.0 187.0
159.0 188.0
159.0 189.0
159.0 190.0
159.0 191.0
159.0 195.0
159.0 197.0
159.0 199.0
159.0 200.0
160.0 101.0
160.0 107.0
160.0 109.0
160.0 111.0
160.0 118.0
160.0 119.0
160.0 120.0
160.0 126.0
160.0 129.0
160.0 131.0
160.0 132.0
160.0 140.0
160.0 142.0
160.0 146.0
160.0 147.0
160.0 148.0
160.0 149.0
160.0 151.0
160.0 153.0
160.0 163.0
160.0 164.0
160.0 166.0
160.0 173.0
160.0 174.0
160.0 175.0
160.0 176.0
160.0 180.0
160.0 181.0
160.0 183.0
160.0 185.0
160.0 186.0
160.0 189.0
160.0 199.0
160.0 200.0
161.0 107.0
161.0 108.0
161.0 121.0
161.0 123.0
161.0 125.0
161.0 127.0
161.0 130.0
161.0 132.0
161.0 133.0
161.0 134.0
161.0 135.0
161.0 136.0
161.0 137.0
161.0 141.0
161.0 144.0
161.0 153.0
161.0 154.0
161.0 155.0
161.0 156.0
161.0 157.0
161.0 158.0
161.0 162.0
161.0 165.0
161.0 167.0
161.0 168.0
161.0 170.0
161.0 172.0
161.0 179.0
161.0 182.0
161.0 184.0
161.0 192.0
161.0 193.0
161.0 196.0
161.0 198.0
162.0 108.0
162.0 116.0
162.0 121.0
162.0 122.0
162.0 125.0
162.0 127.0
162.0 133.0
162.0 134.0
162.0 135.0
162.0 136.0
162.0 137.0
162.0 141.0
162.0 144.0
162.0 151.0
162.0 153.0
162.0 154.0
162.0 155.0
162.0 156.0
162.0 157.0
162.0 158.0
162.0 161.0
162.0 165.0
162.0 166.0
162.0 167.0
162.0 168.0
162.0 170.0
162.0 172.0
162.0 179.0
162.0 182.0
162.0 184.0
162.0 193.0
162.0 194.0
162.0 196.0
162.0 198.0
163.0 101.0
163.0 103.0
163.0 107.0
163.0 111.0
163.0 112.0
163.0 117.0
163.0 118.0
163.0 119.0
163.0 120.0
163.0 126.0
163.0 129.0
163.0 132.0
163.0 140.0
163.0 142.0
163.0 143.0
163.0 147.0
163.0 148.0
163.0 150.0
163.0 159.0
163.0 160.0
163.0 174.0
163.0 175.0
163.0 176.0
163.0 177.0
163.0 178.0
163.0 183.0
163.0 186.0
163.0 187.0
163.0 188.0
163.0 189.0
163.0 191.0
163.0 195.0
163.0 200.0
164.0 101.0
164.0 102.0
164.0 103.0
164.0 104.0
164.0 106.0
164.0 109.0
164.0 111.0
164.0 112.0
164.0 114.0
164.0 126.0
164.0 128.0
164.0 134.0
164.0 142.0
164.0 143.0
164.0 145.0
164.0 146.0
164.0 147.0
164.0 148.0
164.0 149.0
164.0 150.0
164.0 160.0
164.0 171.0
164.0 173.0
164.0 174.0
164.0 176.0
164.0 177.0
164.0 178.0
164.0 185.0
164.0 189.0
164.0 190.0
164.0 191.0
164.0 197.0
164.0 199.0
164.0 200.0
165.0 108.0
165.0 116.0
165.0 119.0
165.0 121.0
165.0 122.0
165.0 123.0
165.0 124.0
165.0 125.0
165.0 130.0
165.0 134.0
165.0 135.0
165.0 136.0
165.0 137.0
165.0 138.0
165.0 139.0
165.0 141.0
165.0 144.0
165.0 153.0
165.0 154.0
165.0 155.0
165.0 156.0
165.0 157.0
165.0 161.0
165.0 162.0
165.0 167.0
165.0 168.0
165.0 170.0
165.0 172.0
165.0 184.0
165.0 192.0
165.0 193.0
165.0 194.0
165.0 196.0
165.0 198.0
166.0 103.0
166.0 105.0
166.0 106.0
166.0 108.0
166.0 109.0
166.0 111.0
166.0 112.0
166.0 114.0
166.0 115.0
166.0 118.0
166.0 119.0
166.0 129.0
166.0 131.0
166.0 139.0
166.0 140.0
166.0 143.0
166.0 145.0
166.0 146.0
166.0 147.0
166.0 148.0
166.0 149.0
166.0 150.0
166.0 151.0
166.0 159.0
166.0 160.0
166.0 162.0
166.0 174.0
166.0 177.0
166.0 180.0
166.0 181.0
166.0 188.0
166.0 189.0
166.0 190.0
166.0 191.0
167.0 121.0
167.0 122.0
167.0 123.0
167.0 124.0
167.0 125.0
167.0 127.0
167.0 130.0
167.0 133.0
167.0 134.0
167.0 135.0
167.0 136.0
167.0 137.0
167.0 138.0
167.0 140.0
167.0 141.0
167.0 144.0
167.0 153.0
167.0 155.0
167.0 156.0
167.0 157.0
167.0 161.0
167.0 162.0
167.0 165.0
167.0 168.0
167.0 170.0
167.0 172.0
167.0 174.0
167.0 179.0
167.0 182.0
167.0 184.0
167.0 192.0
167.0 193.0
167.0 194.0
167.0 196.0
167.0 198.0
168.0 108.0
168.0 110.0
168.0 122.0
168.0 123.0
168.0 124.0
168.0 125.0
168.0 127.0
168.0 128.0
168.0 130.0
168.0 133.0
168.0 134.0
168.0 135.0
168.0 136.0
168.0 137.0
168.0 138.0
168.0 141.0
168.0 144.0
168.0 154.0
168.0 156.0
168.0 157.0
168.0 158.0
168.0 161.0
168.0 162.0
168.0 165.0
168.0 167.0
168.0 170.0
168.0 172.0
168.0 179.0
168.0 182.0
168.0 184.0
168.0 192.0
168.0 193.0
168.0 194.0
168.0 196.0
168.0 198.0
169.0 102.0
169.0 103.0
169.0 104.0
169.0 107.0
169.0 112.0
169.0 113.0
169.0 115.0
169.0 117.0
169.0 119.0
169.0 120.0
169.0 128.0
169.0 131.0
169.0 140.0
169.0 142.0
169.0 143.0
169.0 145.0
169.0 146.0
169.0 147.0
169.0 149.0
169.0 150.0
169.0 151.0
169.0 159.0
169.0 173.0
169.0 175.0
169.0 176.0
169.0 177.0
169.0 180.0
169.0 183.0
169.0 186.0
169.0 187.0
169.0 189.0
169.0 190.0
169.0 199.0
169.0 200.0
170.0 106.0
170.0 108.0
170.0 116.0
170.0 122.0
170.0 123.0
170.0 124.0
170.0 125.0
170.0 127.0
170.0 130.0
170.0 133.0
170.0 134.0
170.0 135.0
170.0 136.0
170.0 137.0
170.0 138.0
170.0 141.0
170.0 144.0
170.0 154.0
170.0 155.0
170.0 156.0
170.0 157.0
170.0 158.0
170.0 161.0
170.0 162.0
170.0 165.0
170.0 167.0
170.0 168.0
170.0 172.0
170.0 182.0
170.0 184.0
170.0 188.0
170.0 192.0
170.0 194.0
170.0 196.0
170.0 198.0
171.0 102.0
171.0 103.0
171.0 104.0
171.0 105.0
171.0 106.0
171.0 110.0
171.0 111.0
171.0 113.0
171.0 115.0
171.0 117.0
171.0 120.0
171.0 129.0
171.0 131.0
171.0 132.0
171.0 139.0
171.0 142.0
171.0 143.0
171.0 145.0
171.0 150.0
171.0 152.0
171.0 157.0
171.0 164.0
171.0 173.0
171.0 174.0
171.0 175.0
171.0 176.0
171.0 178.0
171.0 180.0
171.0 181.0
171.0 185.0
171.0 186.0
171.0 187.0
171.0 191.0
171.0 195.0
171.0 197.0
172.0 116.0
172.0 122.0
172.0 123.0
172.0 124.0
172.0 125.0
172.0 127.0
172.0 133.0
172.0 134.0
172.0 136.0
172.0 137.0
172.0 138.0
172.0 141.0
172.0 144.0
172.0 153.0
172.0 154.0
172.0 155.0
172.0 156.0
172.0 157.0
172.0 158.0
172.0 161.0
172.0 162.0
172.0 165.0
172.0 167.0
172.0 168.0
172.0 170.0
172.0 176.0
172.0 179.0
172.0 182.0
172.0 184.0
172.0 187.0
172.0 192.0
172.0 193.0
172.0 194.0
172.0 196.0
172.0 198.0
173.0 102.0
173.0 106.0
173.0 110.0
173.0 113.0
173.0 115.0
173.0 117.0
173.0 118.0
173.0 126.0
173.0 132.0
173.0 139.0
173.0 140.0
173.0 142.0
173.0 143.0
173.0 145.0
173.0 146.0
173.0 148.0
173.0 150.0
173.0 151.0
173.0 152.0
173.0 159.0
173.0 160.0
173.0 164.0
173.0 169.0
173.0 171.0
173.0 174.0
173.0 177.0
173.0 180.0
173.0 183.0
173.0 185.0
173.0 186.0
173.0 189.0
173.0 197.0
173.0 200.0
174.0 103.0
174.0 107.0
174.0 109.0
174.0 110.0
174.0 111.0
174.0 113.0
174.0 114.0
174.0 119.0
174.0 122.0
174.0 131.0
174.0 140.0
174.0 142.0
174.0 147.0
174.0 151.0
174.0 159.0
174.0 160.0
174.0 163.0
174.0 164.0
174.0 166.0
174.0 167.0
174.0 171.0
174.0 173.0
174.0 176.0
174.0 177.0
174.0 180.0
174.0 181.0
174.0 183.0
174.0 185.0
174.0 187.0
174.0 188.0
174.0 189.0
174.0 190.0
174.0 191.0
174.0 195.0
174.0 197.0
175.0 103.0
175.0 105.0
175.0 109.0
175.0 111.0
175.0 113.0
175.0 114.0
175.0 115.0
175.0 118.0
175.0 126.0
175.0 128.0
175.0 129.0
175.0 135.0
175.0 139.0
175.0 142.0
175.0 146.0
175.0 148.0
175.0 149.0
175.0 151.0
175.0 160.0
175.0 163.0
175.0 169.0
175.0 171.0
175.0 178.0
175.0 181.0
175.0 183.0
175.0 185.0
175.0 186.0
175.0 188.0
175.0 189.0
175.0 190.0
175.0 191.0
175.0 195.0
175.0 197.0
175.0 199.0
175.0 200.0
176.0 101.0
176.0 102.0
176.0 106.0
176.0 111.0
176.0 112.0
176.0 113.0
176.0 115.0
176.0 118.0
176.0 119.0
176.0 120.0
176.0 126.0
176.0 129.0
176.0 131.0
176.0 140.0
176.0 143.0
176.0 146.0
176.0 149.0
176.0 159.0
176.0 160.0
176.0 163.0
176.0 164.0
176.0 169.0
176.0 171.0
176.0 172.0
176.0 174.0
176.0 177.0
176.0 181.0
176.0 183.0
176.0 185.0
176.0 186.0
176.0 187.0
176.0 189.0
176.0 195.0
176.0 197.0
176.0 198.0
176.0 200.0
177.0 101.0
177.0 102.0
177.0 103.0
177.0 104.0
177.0 107.0
177.0 110.0
177.0 111.0
177.0 112.0
177.0 113.0
177.0 114.0
177.0 117.0
177.0 120.0
177.0 128.0
177.0 129.0
177.0 131.0
177.0 139.0
177.0 140.0
177.0 143.0
177.0 146.0
177.0 147.0
177.0 148.0
177.0 149.0
177.0 150.0
177.0 163.0
177.0 164.0
177.0 166.0
177.0 169.0
177.0 173.0
177.0 174.0
177.0 176.0
177.0 178.0
177.0 183.0
177.0 185.0
177.0 191.0
177.0 197.0
177.0 199.0
178.0 101.0
178.0 104.0
178.0 105.0
178.0 107.0
178.0 112.0
178.0 113.0
178.0 115.0
178.0 120.0
178.0 126.0
178.0 128.0
178.0 129.0
178.0 131.0
178.0 142.0
178.0 145.0
178.0 147.0
178.0 148.0
178.0 149.0
178.0 151.0
178.0 159.0
178.0 163.0
178.0 164.0
178.0 171.0
178.0 175.0
178.0 177.0
178.0 180.0
178.0 181.0
178.0 183.0
178.0 184.0
178.0 185.0
178.0 186.0
178.0 187.0
178.0 188.0
178.0 191.0
178.0 195.0
178.0 197.0
178.0 200.0
179.0 108.0
179.0 116.0
179.0 121.0
179.0 122.0
179.0 123.0
179.0 124.0
179.0 125.0
179.0 127.0
179.0 130.0
179.0 133.0
179.0 134.0
179.0 135.0
179.0 136.0
179.0 138.0
179.0 139.0
179.0 141.0
179.0 144.0
179.0 153.0
179.0 154.0
179.0 155.0
179.0 156.0
179.0 157.0
179.0 158.0
179.0 161.0
179.0 162.0
179.0 167.0
179.0 168.0
179.0 172.0
179.0 182.0
179.0 184.0
179.0 192.0
179.0 193.0
179.0 194.0
179.0 195.0
179.0 196.0
179.0 198.0
180.0 103.0
180.0 107.0
180.0 110.0
180.0 111.0
180.0 115.0
180.0 117.0
180.0 119.0
180.0 120.0
180.0 129.0
180.0 131.0
180.0 142.0
180.0 143.0
180.0 145.0
180.0 146.0
180.0 148.0
180.0 150.0
180.0 151.0
180.0 152.0
180.0 160.0
180.0 166.0
180.0 169.0
180.0 171.0
180.0 173.0
180.0 174.0
180.0 178.0
180.0 181.0
180.0 183.0
180.0 185.0
180.0 187.0
180.0 188.0
180.0 189.0
180.0 190.0
180.0 197.0
180.0 199.0
180.0 200.0
181.0 101.0
181.0 102.0
181.0 106.0
181.0 107.0
181.0 109.0
181.0 112.0
181.0 115.0
181.0 116.0
181.0 117.0
181.0 118.0
181.0 126.0
181.0 129.0
181.0 131.0
181.0 132.0
181.0 139.0
181.0 143.0
181.0 148.0
181.0 150.0
181.0 151.0
181.0 159.0
181.0 160.0
181.0 166.0
181.0 171.0
181.0 174.0
181.0 175.0
181.0 176.0
181.0 178.0
181.0 180.0
181.0 183.0
181.0 185.0
181.0 186.0
181.0 188.0
181.0 189.0
181.0 190.0
181.0 194.0
181.0 199.0
182.0 105.0
182.0 108.0
182.0 109.0
182.0 116.0
182.0 121.0
182.0 122.0
182.0 123.0
182.0 124.0
182.0 125.0
182.0 127.0
182.0 130.0
182.0 133.0
182.0 134.0
182.0 135.0
182.0 136.0
182.0 137.0
182.0 138.0
182.0 141.0
182.0 144.0
182.0 153.0
182.0 155.0
182.0 157.0
182.0 158.0
182.0 161.0
182.0 162.0
182.0 167.0
182.0 168.0
182.0 170.0
182.0 172.0
182.0 179.0
182.0 184.0
182.0 192.0
182.0 193.0
182.0 194.0
182.0 196.0
182.0 198.0
183.0 101.0
183.0 102.0
183.0 103.0
183.0 104.0
183.0 105.0
183.0 109.0
183.0 112.0
183.0 113.0
183.0 115.0
183.0 119.0
183.0 126.0
183.0 129.0
183.0 132.0
183.0 139.0
183.0 140.0
183.0 146.0
183.0 148.0
183.0 150.0
183.0 154.0
183.0 159.0
183.0 160.0
183.0 163.0
183.0 169.0
183.0 173.0
183.0 174.0
183.0 175.0
183.0 176.0
183.0 177.0
183.0 178.0
183.0 180.0
183.0 181.0
183.0 185.0
183.0 187.0
183.0 189.0
183.0 190.0
183.0 191.0
183.0 197.0
184.0 108.0
184.0 116.0
184.0 121.0
184.0 122.0
184.0 123.0
184.0 124.0
184.0 127.0
184.0 130.0
184.0 133.0
184.0 134.0
184.0 135.0
184.0 136.0
184.0 137.0
184.0 138.0
184.0 141.0
184.0 144.0
184.0 153.0
184.0 154.0
184.0 155.0
184.0 156.0
184.0 158.0
184.0 161.0
184.0 162.0
184.0 165.0
184.0 167.0
184.0 168.0
184.0 170.0
184.0 172.0
184.0 178.0
184.0 179.0
184.0 182.0
184.0 192.0
184.0 193.0
184.0 194.0
184.0 196.0
184.0 197.0
184.0 198.0
185.0 104.0
185.0 105.0
185.0 110.0
185.0 113.0
185.0 114.0
185.0 115.0
185.0 126.0
185.0 128.0
185.0 131.0
185.0 132.0
185.0 133.0
185.0 138.0
185.0 140.0
185.0 142.0
185.0 143.0
185.0 145.0
185.0 146.0
185.0 150.0
185.0 152.0
185.0 160.0
185.0 164.0
185.0 171.0
185.0 173.0
185.0 174.0
185.0 175.0
185.0 176.0
185.0 177.0
185.0 178.0
185.0 180.0
185.0 181.0
185.0 183.0
185.0 188.0
185.0 190.0
185.0 191.0
185.0 195.0
185.0 199.0
185.0 200.0
186.0 101.0
186.0 102.0
186.0 103.0
186.0 106.0
186.0 107.0
186.0 110.0
186.0 113.0
186.0 114.0
186.0 115.0
186.0 117.0
186.0 118.0
186.0 119.0
186.0 126.0
186.0 128.0
186.0 129.0
186.0 131.0
186.0 139.0
186.0 142.0
186.0 144.0
186.0 146.0
186.0 147.0
186.0 148.0
186.0 151.0
186.0 160.0
186.0 163.0
186.0 169.0
186.0 171.0
186.0 173.0
186.0 175.0
186.0 176.0
186.0 178.0
186.0 181.0
186.0 187.0
186.0 188.0
186.0 189.0
186.0 195.0
186.0 197.0
187.0 101.0
187.0 103.0
187.0 105.0
187.0 107.0
187.0 109.0
187.0 112.0
187.0 113.0
187.0 114.0
187.0 115.0
187.0 117.0
187.0 119.0
187.0 120.0
187.0 126.0
187.0 128.0
187.0 132.0
187.0 139.0
187.0 140.0
187.0 142.0
187.0 143.0
187.0 145.0
187.0 147.0
187.0 149.0
187.0 159.0
187.0 163.0
187.0 169.0
187.0 171.0
187.0 172.0
187.0 174.0
187.0 176.0
187.0 178.0
187.0 180.0
187.0 183.0
187.0 186.0
187.0 190.0
187.0 191.0
187.0 197.0
187.0 199.0
188.0 101.0
188.0 102.0
188.0 104.0
188.0 110.0
188.0 112.0
188.0 113.0
188.0 114.0
188.0 115.0
188.0 118.0
188.0 126.0
188.0 128.0
188.0 129.0
188.0 132.0
188.0 139.0
188.0 142.0
188.0 143.0
188.0 146.0
188.0 148.0
188.0 149.0
188.0 150.0
188.0 151.0
188.0 152.0
188.0 159.0
188.0 163.0
188.0 166.0
188.0 170.0
188.0 174.0
188.0 175.0
188.0 178.0
188.0 180.0
188.0 181.0
188.0 185.0
188.0 186.0
188.0 189.0
188.0 191.0
188.0 197.0
188.0 199.0
189.0 106.0
189.0 107.0
189.0 110.0
189.0 112.0
189.0 113.0
189.0 117.0
189.0 118.0
189.0 132.0
189.0 137.0
189.0 139.0
189.0 142.0
189.0 143.0
189.0 147.0
189.0 148.0
189.0 149.0
189.0 150.0
189.0 152.0
189.0 159.0
189.0 160.0
189.0 163.0
189.0 164.0
189.0 166.0
189.0 169.0
189.0 173.0
189.0 174.0
189.0 175.0
189.0 176.0
189.0 180.0
189.0 181.0
189.0 183.0
189.0 186.0
189.0 188.0
189.0 190.0
189.0 195.0
189.0 197.0
189.0 198.0
189.0 200.0
190.0 101.0
190.0 104.0
190.0 105.0
190.0 109.0
190.0 110.0
190.0 113.0
190.0 114.0
190.0 115.0
190.0 117.0
190.0 118.0
190.0 120.0
190.0 126.0
190.0 130.0
190.0 139.0
190.0 145.0
190.0 147.0
190.0 148.0
190.0 149.0
190.0 150.0
190.0 151.0
190.0 159.0
190.0 164.0
190.0 166.0
190.0 169.0
190.0 174.0
190.0 175.0
190.0 180.0
190.0 181.0
190.0 183.0
190.0 185.0
190.0 187.0
190.0 189.0
190.0 191.0
190.0 192.0
190.0 197.0
190.0 199.0
190.0 200.0
191.0 101.0
191.0 102.0
191.0 103.0
191.0 104.0
191.0 106.0
191.0 107.0
191.0 113.0
191.0 118.0
191.0 120.0
191.0 126.0
191.0 128.0
191.0 129.0
191.0 132.0
191.0 134.0
191.0 139.0
191.0 142.0
191.0 148.0
191.0 149.0
191.0 151.0
191.0 152.0
191.0 159.0
191.0 163.0
191.0 164.0
191.0 166.0
191.0 171.0
191.0 174.0
191.0 175.0
191.0 177.0
191.0 178.0
191.0 183.0
191.0 185.0
191.0 187.0
191.0 188.0
191.0 190.0
191.0 195.0
191.0 199.0
191.0 200.0
192.0 106.0
192.0 108.0
192.0 116.0
192.0 121.0
192.0 122.0
192.0 123.0
192.0 124.0
192.0 125.0
192.0 127.0
192.0 130.0
192.0 133.0
192.0 135.0
192.0 136.0
192.0 137.0
192.0 138.0
192.0 141.0
192.0 144.0
192.0 153.0
192.0 154.0
192.0 155.0
192.0 156.0
192.0 157.0
192.0 158.0
192.0 161.0
192.0 165.0
192.0 167.0
192.0 168.0
192.0 170.0
192.0 172.0
192.0 179.0
192.0 182.0
192.0 184.0
192.0 190.0
192.0 193.0
192.0 194.0
192.0 196.0
192.0 198.0
193.0 108.0
193.0 110.0
193.0 116.0
193.0 121.0
193.0 122.0
193.0 123.0
193.0 124.0
193.0 125.0
193.0 129.0
193.0 130.0
193.0 133.0
193.0 134.0
193.0 135.0
193.0 136.0
193.0 137.0
193.0 138.0
193.0 141.0
193.0 144.0
193.0 153.0
193.0 154.0
193.0 155.0
193.0 156.0
193.0 157.0
193.0 158.0
193.0 161.0
193.0 162.0
193.0 165.0
193.0 167.0
193.0 168.0
193.0 172.0
193.0 179.0
193.0 182.0
193.0 184.0
193.0 192.0
193.0 194.0
193.0 196.0
193.0 198.0
194.0 108.0
194.0 116.0
194.0 121.0
194.0 122.0
194.0 123.0
194.0 124.0
194.0 127.0
194.0 130.0
194.0 133.0
194.0 134.0
194.0 135.0
194.0 136.0
194.0 137.0
194.0 138.0
194.0 141.0
194.0 144.0
194.0 152.0
194.0 153.0
194.0 154.0
194.0 155.0
194.0 156.0
194.0 157.0
194.0 158.0
194.0 162.0
194.0 165.0
194.0 167.0
194.0 168.0
194.0 170.0
194.0 172.0
194.0 179.0
194.0 181.0
194.0 182.0
194.0 184.0
194.0 192.0
194.0 193.0
194.0 196.0
194.0 198.0
195.0 102.0
195.0 103.0
195.0 106.0
195.0 107.0
195.0 111.0
195.0 112.0
195.0 113.0
195.0 114.0
195.0 118.0
195.0 119.0
195.0 120.0
195.0 126.0
195.0 131.0
195.0 139.0
195.0 140.0
195.0 142.0
195.0 143.0
195.0 145.0
195.0 147.0
195.0 148.0
195.0 149.0
195.0 150.0
195.0 152.0
195.0 159.0
195.0 163.0
195.0 171.0
195.0 174.0
195.0 175.0
195.0 176.0
195.0 178.0
195.0 179.0
195.0 185.0
195.0 186.0
195.0 189.0
195.0 191.0
195.0 196.0
195.0 197.0
195.0 199.0
196.0 104.0
196.0 108.0
196.0 116.0
196.0 121.0
196.0 122.0
196.0 123.0
196.0 124.0
196.0 125.0
196.0 127.0
196.0 130.0
196.0 134.0
196.0 135.0
196.0 136.0
196.0 137.0
196.0 138.0
196.0 141.0
196.0 144.0
196.0 153.0
196.0 154.0
196.0 155.0
196.0 156.0
196.0 157.0
196.0 158.0
196.0 161.0
196.0 162.0
196.0 165.0
196.0 167.0
196.0 168.0
196.0 170.0
196.0 172.0
196.0 179.0
196.0 182.0
196.0 184.0
196.0 192.0
196.0 193.0
196.0 194.0
196.0 195.0
196.0 198.0
197.0 101.0
197.0 102.0
197.0 105.0
197.0 109.0
197.0 110.0
197.0 114.0
197.0 115.0
197.0 117.0
197.0 118.0
197.0 120.0
197.0 126.0
197.0 128.0
197.0 132.0
197.0 140.0
197.0 145.0
197.0 147.0
197.0 149.0
197.0 150.0
197.0 152.0
197.0 159.0
197.0 164.0
197.0 171.0
197.0 173.0
197.0 174.0
197.0 175.0
197.0 176.0
197.0 177.0
197.0 178.0
197.0 180.0
197.0 183.0
197.0 184.0
197.0 186.0
197.0 187.0
197.0 188.0
197.0 189.0
197.0 190.0
197.0 195.0
197.0 200.0
198.0 108.0
198.0 116.0
198.0 121.0
198.0 123.0
198.0 124.0
198.0 125.0
198.0 127.0
198.0 130.0
198.0 133.0
198.0 134.0
198.0 135.0
198.0 136.0
198.0 137.0
198.0 138.0
198.0 141.0
198.0 144.0
198.0 153.0
198.0 154.0
198.0 155.0
198.0 156.0
198.0 157.0
198.0 158.0
198.0 161.0
198.0 162.0
198.0 165.0
198.0 167.0
198.0 168.0
198.0 170.0
198.0 172.0
198.0 176.0
198.0 179.0
198.0 182.0
198.0 184.0
198.0 189.0
198.0 192.0
198.0 193.0
198.0 194.0
198.0 196.0
199.0 102.0
199.0 104.0
199.0 105.0
199.0 106.0
199.0 109.0
199.0 110.0
199.0 111.0
199.0 113.0
199.0 117.0
199.0 126.0
199.0 128.0
199.0 133.0
199.0 139.0
199.0 140.0
199.0 143.0
199.0 145.0
199.0 146.0
199.0 147.0
199.0 149.0
199.0 150.0
199.0 151.0
199.0 152.0
199.0 156.0
199.0 159.0
199.0 160.0
199.0 164.0
199.0 169.0
199.0 175.0
199.0 177.0
199.0 180.0
199.0 181.0
199.0 185.0
199.0 187.0
199.0 188.0
199.0 190.0
199.0 191.0
199.0 195.0
199.0 200.0
200.0 102.0
200.0 103.0
200.0 104.0
200.0 106.0
200.0 109.0
200.0 111.0
200.0 114.0
200.0 115.0
200.0 119.0
200.0 120.0
200.0 132.0
200.0 140.0
200.0 141.0
200.0 142.0
200.0 143.0
200.0 145.0
200.0 146.0
200.0 147.0
200.0 149.0
200.0 150.0
200.0 151.0
200.0 159.0
200.0 160.0
200.0 163.0
200.0 164.0
200.0 169.0
200.0 173.0
200.0 175.0
200.0 176.0
200.0 178.0
200.0 180.0
200.0 185.0
200.0 189.0
200.0 190.0
200.0 191.0
200.0 197.0
200.0 199.0
1
1 2
143
70 154.0
65 167.0
54 165.0
57 135.0
44 122.0
25 134.0
24 137.0
58 192.0
33 141.0
79 172.0
23 162.0
35 153.0
38 125.0
98 138.0
92 158.0
72 198.0
55 130.0
84 193.0
22 196.0
27 157.0
82 144.0
34 156.0
41 182.0
21 121.0
61 179.0
53 161.0
96 127.0
8 124.0
62 123.0
56 116.0
30 155.0
37 184.0
94 170.0
93 108.0
67 133.0
16 168.0
36 136.0
68 194.0
91 148.0
77 199.0
5 151.0
59 163.0
87 197.0
75 140.0
13 185.0
18 112.0
4 186.0
10 126.0
26 175.0
86 129.0
90 107.0
81 191.0
48 105.0
11 164.0
15 145.0
76 132.0
46 146.0
51 120.0
88 142.0
17 169.0
64 147.0
73 131.0
52 176.0
42 149.0
78 159.0
49 101.0
50 103.0
19 110.0
66 160.0
89 102.0
43 113.0
28 150.0
7 174.0
99 111.0
95 200.0
32 180.0
31 143.0
1 139.0
39 166.0
29 118.0
9 117.0
20 187.0
60 106.0
12 195.0
45 181.0
85 177.0
80 109.0
3 178.0
69 189.0
97 115.0
40 171.0
47 104.0
63 173.0
71 188.0
100 119.0
6 128.0
83 152.0
14 114.0
2 183.0
74 190.0
31 121.0
38 103.0
49 179.0
69 156.0
54 109.0
73 170.0
7 172.0
30 139.0
68 178.0
2 154.0
72 139.0
89 116.0
23 187.0
37 200.0
53 150.0
41 160.0
52 156.0
67 174.0
86 179.0
62 195.0
38 169.0
82 146.0
54 166.0
50 124.0
73 161.0
78 123.0
35 117.0
96 199.0
67 149.0
34 160.0
57 178.0
52 184.0
68 190.0
74 172.0
61 139.0
72 175.0
27 142.0
81 121.0
64 161.0
65 105.0
14 155.0
4 121.0
74 170.0
2
8 16 21 22 23 24 25 27 30 33 34 35 36 37 38 41 44 53 54 55 56 57 58 61 62 65 67 68 70 72 79 82 84 92 93 94 96 98 108.0 116.0 121.0 122.0 123.0 124.0 125.0 127.0 130.0 133.0 134.0 135.0 136.0 137.0 138.0 141.0 144.0 153.0 154.0 155.0 156.0 157.0 158.0 161.0 162.0 165.0 167.0 168.0 170.0 172.0 179.0 182.0 184.0 192.0 193.0 194.0 196.0 198.0 
1 2 3 4 5 6 7 9 10 11 12 13 14 15 17 18 19 20 26 28 29 31 32 39 40 42 43 45 46 47 48 49 50 51 52 59 60 63 64 66 69 71 73 74 75 76 77 78 80 81 83 85 86 87 88 89 90 91 95 97 99 100 101.0 102.0 103.0 104.0 105.0 106.0 107.0 109.0 110.0 111.0 112.0 113.0 114.0 115.0 117.0 118.0 119.0 120.0 126.0 128.0 129.0 131.0 132.0 139.0 140.0 142.0 143.0 145.0 146.0 147.0 148.0 149.0 150.0 151.0 152.0 159.0 160.0 163.0 164.0 166.0 169.0 171.0 173.0 174.0 175.0 176.0 177.0 178.0 180.0 181.0 183.0 185.0 186.0 187.0 188.0 189.0 190.0 191.0 195.0 197.0 199.0 200.0 
