2
1 2 3 4 5 6 7 8 9 10 11 12 13 14 15 16 17 18 19 20 21 22 23 24 25 26 27 28 29 30 31 32 33 34 35 36 37 38 39 40 41 42 43 44 45 46 47 48 49 50 51 52 53 54 55 56 57 58 59 60 61 62 63 64 65 66 67 68 69 70 71 72 73 74 75 76 77 78 79 80 81 82 83 84 85 86 87 88 89 90 91 92 93 94 95 96 97 98 99 100
3014
1 3
1 7
1 12
1 13
1 14
1 16
1 19
1 21
1 22
1 29
1 30
1 33
1 35
1 37
1 38
1 41
1 42
1 44
1 48
1 53
1 58
1 62
1 64
1 67
1 70
1 74
2 8
2 10
2 23
2 39
2 47
2 50
2 55
2 57
2 59
2 60
2 66
2 69
2 72
2 78
2 80
2 82
2 83
2 85
2 87
2 88
2 89
2 90
2 92
2 93
2 97
2 98
3 1
3 4
3 7
3 9
3 12
3 13
3 16
3 19
3 20
3 21
3 22
3 29
3 30
3 35
3 37
3 38
3 41
3 42
3 44
3 51
3 53
3 58
3 64
3 67
3 70
3 74
4 3
4 6
4 7
4 9
4 12
4 14
4 16
4 19
4 21
4 29
4 33
4 34
4 35
4 38
4 41
4 42
4 44
4 48
4 51
4 53
4 58
4 64
4 67
4 70
4 74
4 92
5 11
5 23
5 24
5 26
5 28
5 40
5 45
5 49
5 51
5 56
5 63
5 65
5 68
5 73
5 75
5 76
5 77
5 79
5 81
5 86
5 91
5 94
5 95
5 96
5 99
5 100
6 4
6 7
6 12
6 13
6 14
6 15
6 16
6 19
6 22
6 29
6 30
6 33
6 34
6 38
6 41
6 42
6 44
6 48
6 51
6 53
6 58
6 64
6 67
6 70
6 74
6 95
7 1
7 3
7 4
7 6
7 9
7 12
7 16
7 21
7 29
7 30
7 33
7 34
7 35
7 37
7 38
7 42
7 44
7 48
7 51
7 53
7 58
7 60
7 64
7 67
7 70
7 74
8 2
8 18
8 23
8 24
8 32
8 54
8 55
8 59
8 60
8 61
8 66
8 69
8 78
8 80
8 82
8 83
8 84
8 85
8 88
8 89
8 90
8 92
8 93
8 97
8 98
8 99
9 3
9 4
9 7
9 12
9 13
9 14
9 16
9 19
9 21
9 29
9 30
9 34
9 35
9 37
9 38
9 41
9 42
9 48
9 51
9 53
9 58
9 64
9 66
9 67
9 70
9 74
10 2
10 13
10 15
10 17
10 18
10 23
10 31
10 50
10 54
10 57
10 59
10 60
10 61
10 66
10 69
10 72
10 78
10 80
10 83
10 85
10 87
10 88
10 89
10 92
10 93
10 97
10 98
11 5
11 20
11 25
11 26
11 27
11 28
11 39
11 40
11 43
11 49
11 52
11 56
11 62
11 65
11 68
11 71
11 75
11 77
11 79
11 81
11 86
11 91
11 94
11 95
11 96
11 99
11 100
12 1
12 3
12 4
12 6
12 7
12 9
12 13
12 14
12 16
12 18
12 19
12 21
12 22
12 29
12 30
12 33
12 35
12 37
12 41
12 42
12 48
12 51
12 53
12 64
12 67
12 70
12 74
13 1
13 3
13 6
13 9
13 10
13 12
13 14
13 16
13 21
13 22
13 30
13 33
13 34
13 35
13 37
13 38
13 41
13 42
13 44
13 48
13 51
13 53
13 58
13 64
13 67
13 70
13 74
14 1
14 4
14 6
14 9
14 12
14 13
14 19
14 21
14 22
14 29
14 30
14 34
14 35
14 37
14 38
14 41
14 42
14 44
14 48
14 51
14 53
14 58
14 64
14 67
14 70
14 74
14 80
15 6
15 10
15 17
15 18
15 31
15 36
15 50
15 54
15 55
15 60
15 61
15 66
15 69
15 72
15 78
15 82
15 83
15 84
15 85
15 87
15 88
15 89
15 90
15 92
15 93
15 97
15 98
16 1
16 3
16 4
16 6
16 7
16 9
16 12
16 13
16 21
16 22
16 29
16 30
16 34
16 35
16 37
16 42
16 44
16 48
16 49
16 51
16 53
16 58
16 64
16 67
16 70
16 74
16 87
17 10
17 15
17 18
17 23
17 32
17 36
17 54
17 55
17 56
17 57
17 59
17 60
17 69
17 72
17 78
17 80
17 82
17 83
17 84
17 85
17 88
17 89
17 90
17 92
17 93
17 97
17 98
18 8
18 10
18 12
18 15
18 17
18 32
18 36
18 43
18 47
18 54
18 55
18 57
18 61
18 69
18 78
18 80
18 83
18 84
18 85
18 87
18 88
18 89
18 90
18 92
18 93
18 97
18 98
19 1
19 3
19 4
19 6
19 9
19 12
19 14
19 21
19 22
19 23
19 29
19 30
19 33
19 34
19 35
19 37
19 38
19 41
19 44
19 48
19 51
19 53
19 58
19 64
19 67
19 70
19 74
20 3
20 11
20 25
20 26
20 27
20 28
20 45
20 49
20 56
20 62
20 63
20 65
20 68
20 71
20 73
20 74
20 75
20 76
20 77
20 79
20 86
20 91
20 94
20 95
20 96
20 99
20 100
21 1
21 3
21 4
21 7
21 9
21 12
21 13
21 14
21 16
21 19
21 22
21 29
21 33
21 34
21 35
21 38
21 41
21 42
21 44
21 48
21 51
21 58
21 64
21 67
21 70
21 74
21 82
22 1
22 3
22 6
22 12
22 13
22 14
22 16
22 19
22 21
22 29
22 30
22 33
22 34
22 35
22 37
22 41
22 42
22 44
22 48
22 51
22 53
22 58
22 64
22 67
22 70
22 74
22 79
23 2
23 5
23 8
23 10
23 17
23 19
23 32
23 36
23 50
23 54
23 55
23 57
23 60
23 61
23 66
23 72
23 78
23 80
23 82
23 83
23 84
23 87
23 89
23 90
23 92
23 97
23 98
24 5
24 8
24 25
24 26
24 40
24 43
24 46
24 49
24 52
24 56
24 62
24 65
24 68
24 71
24 73
24 75
24 76
24 77
24 79
24 81
24 86
24 91
24 94
24 95
24 96
24 99
24 100
25 11
25 20
25 24
25 26
25 27
25 28
25 40
25 43
25 46
25 52
25 56
25 63
25 65
25 68
25 71
25 73
25 76
25 77
25 79
25 81
25 86
25 90
25 91
25 94
25 95
25 96
25 99
25 100
26 5
26 11
26 20
26 24
26 25
26 28
26 39
26 43
26 45
26 46
26 47
26 49
26 52
26 56
26 63
26 65
26 68
26 71
26 76
26 77
26 81
26 86
26 91
26 94
26 95
26 96
26 99
26 100
27 11
27 20
27 25
27 28
27 39
27 40
27 46
27 52
27 56
27 62
27 63
27 65
27 68
27 71
27 73
27 75
27 76
27 77
27 79
27 81
27 86
27 87
27 91
27 94
27 95
27 96
27 99
27 100
28 5
28 11
28 20
28 25
28 26
28 27
28 35
28 43
28 45
28 46
28 49
28 62
28 63
28 65
28 71
28 73
28 75
28 76
28 77
28 79
28 86
28 91
28 94
28 95
28 96
28 97
28 99
28 100
29 1
29 3
29 4
29 6
29 7
29 9
29 12
29 14
29 16
29 19
29 21
29 22
29 30
29 33
29 34
29 37
29 38
29 41
29 42
29 44
29 48
29 51
29 58
29 64
29 65
29 67
29 70
29 74
30 1
30 3
30 6
30 7
30 9
30 12
30 13
30 14
30 16
30 19
30 22
30 29
30 33
30 34
30 35
30 37
30 38
30 41
30 44
30 48
30 51
30 53
30 58
30 64
30 67
30 70
30 71
30 74
31 10
31 15
31 32
31 36
31 40
31 47
31 50
31 54
31 57
31 59
31 60
31 61
31 69
31 72
31 78
31 80
31 82
31 83
31 84
31 85
31 87
31 88
31 89
31 90
31 92
31 93
31 97
31 98
32 8
32 17
32 18
32 23
32 31
32 37
32 47
32 50
32 54
32 55
32 57
32 61
32 66
32 69
32 72
32 78
32 82
32 83
32 84
32 85
32 87
32 88
32 89
32 90
32 92
32 93
32 97
32 98
33 1
33 4
33 6
33 7
33 12
33 13
33 19
33 21
33 22
33 29
33 30
33 34
33 35
33 37
33 38
33 41
33 42
33 44
33 48
33 51
33 53
33 56
33 58
33 64
33 67
33 70
33 74
33 100
34 4
34 6
34 7
34 9
34 13
34 14
34 16
34 19
34 21
34 22
34 29
34 30
34 33
34 37
34 38
34 41
34 42
34 44
34 48
34 51
34 53
34 58
34 64
34 67
34 70
34 74
34 98
34 99
35 1
35 3
35 4
35 7
35 9
35 12
35 13
35 14
35 16
35 19
35 21
35 22
35 28
35 30
35 33
35 36
35 38
35 41
35 42
35 44
35 48
35 51
35 53
35 58
35 64
35 67
35 70
35 74
36 15
36 17
36 18
36 23
36 31
36 35
36 47
36 50
36 54
36 57
36 59
36 60
36 61
36 66
36 72
36 78
36 80
36 83
36 84
36 85
36 87
36 88
36 89
36 90
36 92
36 93
36 97
36 98
37 1
37 3
37 7
37 9
37 12
37 13
37 14
37 16
37 19
37 22
37 29
37 30
37 32
37 33
37 34
37 38
37 41
37 42
37 44
37 48
37 51
37 53
37 55
37 58
37 64
37 67
37 70
37 74
38 1
38 3
38 4
38 6
38 7
38 9
38 13
38 14
38 19
38 21
38 29
38 30
38 33
38 34
38 35
38 37
38 41
38 42
38 44
38 46
38 48
38 51
38 53
38 58
38 59
38 64
38 67
38 70
38 74
39 2
39 11
39 26
39 27
39 40
39 43
39 45
39 46
39 49
39 52
39 56
39 62
39 63
39 68
39 71
39 73
39 75
39 76
39 77
39 79
39 81
39 86
39 88
39 91
39 94
39 95
39 96
39 99
39 100
40 5
40 11
40 24
40 25
40 27
40 31
40 39
40 43
40 46
40 52
40 56
40 62
40 63
40 66
40 68
40 71
40 73
40 75
40 76
40 77
40 79
40 81
40 86
40 91
40 94
40 95
40 96
40 99
40 100
41 1
41 3
41 4
41 6
41 9
41 12
41 13
41 14
41 19
41 21
41 22
41 29
41 30
41 33
41 34
41 35
41 37
41 38
41 42
41 44
41 48
41 51
41 53
41 58
41 64
41 67
41 70
41 74
41 93
42 1
42 3
42 4
42 6
42 7
42 9
42 12
42 13
42 14
42 16
42 21
42 22
42 29
42 33
42 34
42 35
42 37
42 38
42 41
42 44
42 48
42 51
42 53
42 58
42 64
42 67
42 70
42 74
42 96
43 11
43 18
43 24
43 25
43 26
43 28
43 39
43 40
43 46
43 49
43 56
43 62
43 63
43 67
43 68
43 71
43 73
43 75
43 76
43 77
43 79
43 81
43 86
43 91
43 94
43 95
43 96
43 99
43 100
44 1
44 3
44 4
44 6
44 7
44 13
44 14
44 16
44 19
44 21
44 22
44 29
44 30
44 33
44 34
44 35
44 37
44 38
44 41
44 42
44 48
44 51
44 52
44 53
44 58
44 64
44 67
44 70
44 74
45 5
45 20
45 26
45 28
45 39
45 46
45 49
45 52
45 56
45 62
45 63
45 65
45 68
45 70
45 71
45 73
45 75
45 76
45 77
45 79
45 81
45 86
45 89
45 91
45 94
45 95
45 96
45 99
45 100
46 24
46 25
46 26
46 27
46 28
46 38
46 39
46 40
46 43
46 45
46 49
46 52
46 56
46 62
46 63
46 65
46 71
46 73
46 75
46 76
46 77
46 79
46 81
46 86
46 91
46 94
46 95
46 96
46 99
46 100
47 2
47 18
47 26
47 31
47 32
47 36
47 50
47 53
47 54
47 55
47 57
47 59
47 60
47 61
47 66
47 69
47 72
47 80
47 82
47 83
47 84
47 85
47 87
47 88
47 89
47 90
47 92
47 93
47 97
47 98
48 1
48 4
48 6
48 7
48 9
48 12
48 13
48 14
48 16
48 19
48 21
48 22
48 29
48 30
48 33
48 34
48 35
48 37
48 38
48 41
48 42
48 44
48 51
48 53
48 58
48 61
48 64
48 67
48 70
48 74
49 5
49 11
49 16
49 20
49 24
49 26
49 28
49 39
49 43
49 45
49 46
49 56
49 62
49 63
49 65
49 68
49 71
49 73
49 75
49 76
49 77
49 79
49 81
49 86
49 91
49 94
49 95
49 96
49 99
49 100
50 2
50 10
50 15
50 23
50 31
50 32
50 36
50 47
50 55
50 57
50 59
50 60
50 61
50 63
50 69
50 72
50 78
50 80
50 82
50 83
50 84
50 85
50 87
50 88
50 89
50 90
50 92
50 93
50 97
50 98
51 3
51 4
51 5
51 6
51 7
51 9
51 12
51 13
51 14
51 16
51 19
51 21
51 22
51 29
51 30
51 33
51 34
51 35
51 37
51 38
51 41
51 42
51 44
51 48
51 53
51 58
51 64
51 67
51 70
51 74
52 11
52 24
52 25
52 26
52 27
52 39
52 40
52 44
52 45
52 46
52 56
52 62
52 63
52 65
52 68
52 71
52 73
52 75
52 76
52 77
52 78
52 79
52 81
52 86
52 91
52 94
52 95
52 96
52 99
52 100
53 1
53 3
53 4
53 6
53 7
53 9
53 12
53 13
53 14
53 16
53 19
53 22
53 30
53 33
53 34
53 35
53 37
53 38
53 41
53 42
53 44
53 47
53 48
53 51
53 58
53 64
53 67
53 70
53 74
53 75
54 8
54 10
54 15
54 17
54 18
54 23
54 31
54 32
54 36
54 47
54 55
54 57
54 60
54 61
54 66
54 72
54 78
54 80
54 81
54 82
54 83
54 84
54 85
54 87
54 88
54 89
54 90
54 93
54 97
54 98
55 2
55 8
55 15
55 17
55 18
55 23
55 32
55 37
55 47
55 50
55 54
55 57
55 59
55 60
55 66
55 69
55 78
55 80
55 82
55 83
55 84
55 85
55 87
55 88
55 89
55 90
55 93
55 97
55 98
55 100
56 5
56 11
56 17
56 20
56 24
56 25
56 26
56 27
56 33
56 39
56 40
56 43
56 45
56 46
56 49
56 52
56 62
56 63
56 68
56 71
56 73
56 75
56 76
56 77
56 81
56 91
56 94
56 95
56 96
56 99
56 100
57 2
57 10
57 17
57 18
57 23
57 31
57 32
57 36
57 47
57 50
57 54
57 55
57 59
57 66
57 69
57 72
57 78
57 80
57 82
57 83
57 84
57 85
57 87
57 88
57 89
57 90
57 92
57 93
57 94
57 97
57 98
58 1
58 3
58 4
58 6
58 7
58 9
58 13
58 14
58 16
58 19
58 21
58 22
58 29
58 30
58 33
58 34
58 35
58 37
58 38
58 41
58 42
58 44
58 48
58 51
58 53
58 64
58 67
58 70
58 74
58 79
58 91
59 2
59 8
59 10
59 17
59 31
59 36
59 38
59 47
59 50
59 55
59 57
59 60
59 61
59 66
59 69
59 72
59 78
59 80
59 82
59 83
59 84
59 85
59 87
59 88
59 89
59 90
59 92
59 93
59 95
59 97
59 98
60 2
60 7
60 8
60 10
60 15
60 17
60 23
60 31
60 36
60 47
60 50
60 54
60 55
60 59
60 61
60 66
60 69
60 72
60 78
60 80
60 82
60 83
60 84
60 85
60 87
60 89
60 90
60 92
60 93
60 97
60 98
61 8
61 10
61 15
61 18
61 23
61 31
61 32
61 36
61 47
61 48
61 50
61 54
61 59
61 60
61 64
61 66
61 69
61 72
61 78
61 80
61 82
61 83
61 84
61 85
61 87
61 88
61 89
61 92
61 93
61 97
61 98
62 1
62 11
62 20
62 24
62 27
62 28
62 39
62 40
62 43
62 45
62 46
62 49
62 52
62 56
62 63
62 65
62 68
62 73
62 75
62 76
62 77
62 79
62 81
62 86
62 90
62 91
62 94
62 95
62 96
62 99
62 100
63 5
63 20
63 25
63 26
63 27
63 28
63 39
63 40
63 43
63 45
63 46
63 49
63 50
63 52
63 56
63 62
63 65
63 71
63 73
63 75
63 76
63 79
63 81
63 85
63 86
63 91
63 94
63 95
63 96
63 99
63 100
64 1
64 3
64 4
64 6
64 7
64 9
64 12
64 13
64 14
64 16
64 19
64 21
64 22
64 29
64 30
64 33
64 34
64 35
64 37
64 38
64 41
64 42
64 44
64 48
64 51
64 53
64 58
64 61
64 67
64 70
64 74
65 5
65 11
65 20
65 24
65 25
65 26
65 27
65 28
65 29
65 45
65 46
65 49
65 52
65 62
65 63
65 68
65 71
65 73
65 75
65 76
65 77
65 79
65 81
65 83
65 86
65 91
65 94
65 95
65 96
65 99
65 100
66 2
66 8
66 9
66 10
66 15
66 23
66 32
66 36
66 40
66 47
66 54
66 55
66 57
66 59
66 60
66 61
66 69
66 72
66 80
66 82
66 83
66 84
66 85
66 87
66 88
66 89
66 90
66 92
66 93
66 97
66 98
67 1
67 3
67 4
67 6
67 7
67 9
67 12
67 13
67 14
67 16
67 19
67 21
67 22
67 29
67 30
67 33
67 34
67 35
67 37
67 38
67 41
67 42
67 43
67 44
67 48
67 51
67 53
67 58
67 64
67 69
67 70
67 74
68 5
68 11
68 20
68 24
68 25
68 26
68 27
68 39
68 40
68 43
68 45
68 49
68 52
68 56
68 62
68 65
68 70
68 71
68 73
68 75
68 76
68 77
68 79
68 81
68 86
68 91
68 92
68 94
68 95
68 96
68 99
68 100
69 2
69 8
69 10
69 15
69 17
69 18
69 31
69 32
69 47
69 50
69 55
69 57
69 59
69 60
69 61
69 66
69 67
69 72
69 78
69 80
69 82
69 83
69 84
69 85
69 87
69 88
69 89
69 90
69 92
69 93
69 97
69 98
70 1
70 3
70 4
70 6
70 7
70 9
70 12
70 13
70 14
70 16
70 19
70 21
70 22
70 29
70 30
70 33
70 34
70 35
70 37
70 38
70 41
70 42
70 44
70 45
70 48
70 51
70 53
70 58
70 64
70 67
70 68
70 74
71 11
71 20
71 24
71 25
71 26
71 27
71 28
71 30
71 39
71 40
71 43
71 45
71 46
71 49
71 52
71 56
71 63
71 65
71 68
71 73
71 75
71 76
71 77
71 79
71 81
71 86
71 91
71 94
71 95
71 96
71 99
71 100
72 2
72 10
72 15
72 17
72 23
72 31
72 32
72 36
72 47
72 50
72 54
72 57
72 59
72 60
72 61
72 66
72 69
72 78
72 80
72 82
72 83
72 84
72 85
72 87
72 88
72 89
72 90
72 92
72 93
72 96
72 97
72 98
73 5
73 20
73 24
73 25
73 27
73 28
73 39
73 40
73 43
73 45
73 46
73 49
73 52
73 56
73 62
73 63
73 65
73 68
73 71
73 75
73 76
73 77
73 78
73 79
73 81
73 86
73 91
73 94
73 95
73 96
73 99
73 100
74 1
74 3
74 4
74 6
74 7
74 9
74 12
74 13
74 14
74 16
74 19
74 20
74 21
74 22
74 29
74 30
74 33
74 34
74 35
74 37
74 38
74 41
74 42
74 44
74 48
74 51
74 53
74 58
74 64
74 67
74 70
74 86
75 5
75 11
75 20
75 24
75 27
75 28
75 39
75 40
75 43
75 45
75 46
75 49
75 52
75 53
75 56
75 62
75 63
75 65
75 68
75 71
75 73
75 76
75 77
75 79
75 81
75 86
75 91
75 94
75 95
75 96
75 99
75 100
76 5
76 20
76 24
76 25
76 26
76 27
76 28
76 39
76 40
76 43
76 45
76 46
76 49
76 52
76 56
76 62
76 63
76 65
76 68
76 71
76 73
76 75
76 77
76 79
76 81
76 84
76 86
76 91
76 94
76 95
76 96
76 99
76 100
77 5
77 11
77 20
77 24
77 25
77 26
77 27
77 28
77 39
77 40
77 43
77 45
77 46
77 49
77 52
77 56
77 62
77 65
77 68
77 71
77 73
77 75
77 76
77 79
77 81
77 86
77 88
77 91
77 94
77 95
77 96
77 99
77 100
78 2
78 8
78 10
78 15
78 17
78 18
78 23
78 31
78 32
78 36
78 50
78 52
78 54
78 55
78 57
78 59
78 60
78 61
78 69
78 72
78 73
78 80
78 82
78 83
78 84
78 85
78 87
78 88
78 90
78 92
78 93
78 97
78 98
79 5
79 11
79 20
79 22
79 24
79 25
79 27
79 28
79 39
79 40
79 43
79 45
79 46
79 49
79 52
79 58
79 62
79 63
79 65
79 68
79 71
79 73
79 75
79 76
79 77
79 81
79 86
79 91
79 94
79 95
79 96
79 99
79 100
80 2
80 8
80 10
80 14
80 17
80 18
80 23
80 31
80 36
80 47
80 50
80 54
80 55
80 57
80 59
80 60
80 61
80 66
80 69
80 72
80 78
80 82
80 83
80 84
80 85
80 87
80 88
80 89
80 90
80 92
80 93
80 97
80 98
81 5
81 11
81 24
81 25
81 26
81 27
81 39
81 40
81 43
81 45
81 46
81 49
81 52
81 54
81 56
81 62
81 63
81 65
81 68
81 71
81 73
81 75
81 76
81 77
81 79
81 84
81 86
81 91
81 94
81 95
81 96
81 99
81 100
82 2
82 8
82 15
82 17
82 21
82 23
82 31
82 32
82 47
82 50
82 54
82 55
82 57
82 59
82 60
82 61
82 66
82 69
82 72
82 78
82 80
82 83
82 84
82 85
82 87
82 88
82 89
82 90
82 92
82 93
82 94
82 97
82 98
83 2
83 8
83 10
83 15
83 17
83 18
83 23
83 31
83 32
83 36
83 47
83 50
83 54
83 55
83 57
83 59
83 60
83 61
83 65
83 66
83 69
83 72
83 78
83 80
83 82
83 84
83 85
83 87
83 88
83 89
83 90
83 92
83 97
83 98
84 8
84 15
84 17
84 18
84 23
84 31
84 32
84 36
84 47
84 50
84 54
84 55
84 57
84 59
84 60
84 61
84 66
84 69
84 72
84 76
84 78
84 80
84 81
84 82
84 83
84 85
84 87
84 88
84 89
84 90
84 92
84 93
84 97
84 98
85 2
85 8
85 10
85 15
85 17
85 18
85 31
85 32
85 36
85 47
85 50
85 54
85 55
85 57
85 59
85 60
85 61
85 63
85 66
85 69
85 72
85 78
85 80
85 82
85 83
85 84
85 87
85 88
85 89
85 90
85 92
85 93
85 97
85 98
86 5
86 11
86 20
86 24
86 25
86 26
86 27
86 28
86 39
86 40
86 43
86 45
86 46
86 49
86 52
86 62
86 63
86 65
86 68
86 71
86 73
86 74
86 75
86 76
86 77
86 79
86 81
86 91
86 93
86 94
86 95
86 96
86 99
86 100
87 2
87 10
87 15
87 16
87 18
87 23
87 27
87 31
87 32
87 36
87 47
87 50
87 54
87 55
87 57
87 59
87 60
87 61
87 66
87 69
87 72
87 78
87 80
87 82
87 83
87 84
87 85
87 88
87 89
87 90
87 92
87 93
87 97
87 98
88 2
88 8
88 10
88 15
88 17
88 18
88 31
88 32
88 36
88 39
88 47
88 50
88 54
88 55
88 57
88 59
88 61
88 66
88 69
88 72
88 77
88 78
88 80
88 82
88 83
88 84
88 85
88 87
88 89
88 90
88 92
88 93
88 97
88 98
89 2
89 8
89 10
89 15
89 17
89 18
89 23
89 31
89 32
89 36
89 45
89 47
89 50
89 54
89 55
89 57
89 59
89 60
89 61
89 66
89 69
89 72
89 80
89 82
89 83
89 84
89 85
89 87
89 88
89 90
89 92
89 93
89 97
89 98
90 2
90 8
90 15
90 17
90 18
90 23
90 25
90 31
90 32
90 36
90 47
90 50
90 54
90 55
90 57
90 59
90 60
90 62
90 66
90 69
90 72
90 78
90 80
90 82
90 83
90 84
90 85
90 87
90 88
90 89
90 92
90 93
90 97
90 98
91 5
91 11
91 20
91 24
91 25
91 26
91 27
91 28
91 39
91 40
91 43
91 45
91 46
91 49
91 52
91 56
91 58
91 62
91 63
91 65
91 68
91 71
91 73
91 75
91 76
91 77
91 79
91 81
91 86
91 94
91 95
91 96
91 99
91 100
92 2
92 4
92 8
92 10
92 15
92 17
92 18
92 23
92 31
92 32
92 36
92 47
92 50
92 57
92 59
92 60
92 61
92 66
92 68
92 69
92 72
92 78
92 80
92 82
92 83
92 84
92 85
92 87
92 88
92 89
92 90
92 93
92 97
92 98
93 2
93 8
93 10
93 15
93 17
93 18
93 31
93 32
93 36
93 41
93 47
93 50
93 54
93 55
93 57
93 59
93 60
93 61
93 66
93 69
93 72
93 78
93 80
93 82
93 84
93 85
93 86
93 87
93 88
93 89
93 90
93 92
93 97
93 98
94 5
94 11
94 20
94 24
94 25
94 26
94 27
94 28
94 39
94 40
94 43
94 45
94 46
94 49
94 52
94 56
94 57
94 62
94 63
94 65
94 68
94 71
94 73
94 75
94 76
94 77
94 79
94 81
94 82
94 86
94 91
94 95
94 96
94 99
94 100
95 5
95 6
95 11
95 20
95 24
95 25
95 26
95 27
95 28
95 39
95 40
95 43
95 45
95 46
95 49
95 52
95 56
95 59
95 62
95 63
95 65
95 68
95 71
95 73
95 75
95 76
95 77
95 79
95 81
95 86
95 91
95 94
95 96
95 99
95 100
96 5
96 11
96 20
96 24
96 25
96 26
96 27
96 28
96 39
96 40
96 42
96 43
96 45
96 46
96 49
96 52
96 56
96 62
96 63
96 65
96 68
96 71
96 72
96 73
96 75
96 76
96 77
96 79
96 81
96 86
96 91
96 94
96 95
96 99
96 100
97 2
97 8
97 10
97 15
97 17
97 18
97 23
97 28
97 31
97 32
97 36
97 47
97 50
97 54
97 55
97 57
97 59
97 60
97 61
97 66
97 69
97 72
97 78
97 80
97 82
97 83
97 84
97 85
97 87
97 88
97 89
97 90
97 92
97 93
97 98
98 2
98 8
98 10
98 15
98 17
98 18
98 23
98 31
98 32
98 34
98 36
98 47
98 50
98 54
98 55
98 57
98 59
98 60
98 61
98 66
98 69
98 72
98 78
98 80
98 82
98 83
98 84
98 85
98 87
98 88
98 89
98 90
98 92
98 93
98 97
99 5
99 8
99 11
99 20
99 24
99 25
99 26
99 27
99 28
99 34
99 39
99 40
99 43
99 45
99 46
99 49
99 52
99 56
99 62
99 63
99 65
99 68
99 71
99 73
99 75
99 76
99 77
99 79
99 81
99 86
99 91
99 94
99 95
99 96
99 100
100 5
100 11
100 20
100 24
100 25
100 26
100 27
100 28
100 33
100 39
100 40
100 43
100 45
100 46
100 49
100 52
100 55
100 56
100 62
100 63
100 65
100 68
100 71
100 73
100 75
100 76
100 77
100 79
100 81
100 86
100 91
100 94
100 95
100 96
100 99
101.0 102.0 103.0 104.0 105.0 106.0 107.0 108.0 109.0 110.0 111.0 112.0 113.0 114.0 115.0 116.0 117.0 118.0 119.0 120.0 121.0 122.0 123.0 124.0 125.0 126.0 127.0 128.0 129.0 130.0 131.0 132.0 133.0 134.0 135.0 136.0 137.0 138.0 139.0 140.0 141.0 142.0 143.0 144.0 145.0 146.0 147.0 148.0 149.0 150.0 151.0 152.0 153.0 154.0 155.0 156.0 157.0 158.0 159.0 160.0 161.0 162.0 163.0 164.0 165.0 166.0 167.0 168.0 169.0 170.0 171.0 172.0 173.0 174.0 175.0 176.0 177.0 178.0 179.0 180.0 181.0 182.0 183.0 184.0 185.0 186.0 187.0 188.0 189.0 190.0 191.0 192.0 193.0 194.0 195.0 196.0 197.0 198.0 199.0 200.0
3014
101.0 103.0
101.0 107.0
101.0 112.0
101.0 113.0
101.0 114.0
101.0 116.0
101.0 119.0
101.0 121.0
101.0 122.0
101.0 129.0
101.0 130.0
101.0 133.0
101.0 135.0
101.0 137.0
101.0 138.0
101.0 141.0
101.0 142.0
101.0 144.0
101.0 148.0
101.0 153.0
101.0 158.0
101.0 162.0
101.0 164.0
101.0 167.0
101.0 170.0
101.0 174.0
102.0 108.0
102.0 110.0
102.0 123.0
102.0 139.0
102.0 147.0
102.0 150.0
102.0 155.0
102.0 157.0
102.0 159.0
102.0 160.0
102.0 166.0
102.0 169.0
102.0 172.0
102.0 178.0
102.0 180.0
102.0 182.0
102.0 183.0
102.0 185.0
102.0 187.0
102.0 188.0
102.0 189.0
102.0 190.0
102.0 192.0
102.0 193.0
102.0 197.0
102.0 198.0
103.0 101.0
103.0 104.0
103.0 107.0
103.0 109.0
103.0 112.0
103.0 113.0
103.0 116.0
103.0 119.0
103.0 120.0
103.0 121.0
103.0 122.0
103.0 129.0
103.0 130.0
103.0 135.0
103.0 137.0
103.0 138.0
103.0 141.0
103.0 142.0
103.0 144.0
103.0 151.0
103.0 153.0
103.0 158.0
103.0 164.0
103.0 167.0
103.0 170.0
103.0 174.0
104.0 103.0
104.0 106.0
104.0 107.0
104.0 109.0
104.0 112.0
104.0 114.0
104.0 116.0
104.0 119.0
104.0 121.0
104.0 129.0
104.0 133.0
104.0 134.0
104.0 135.0
104.0 138.0
104.0 141.0
104.0 142.0
104.0 144.0
104.0 148.0
104.0 151.0
104.0 153.0
104.0 158.0
104.0 164.0
104.0 167.0
104.0 170.0
104.0 174.0
104.0 192.0
105.0 111.0
105.0 123.0
105.0 124.0
105.0 126.0
105.0 128.0
105.0 140.0
105.0 145.0
105.0 149.0
105.0 151.0
105.0 156.0
105.0 163.0
105.0 165.0
105.0 168.0
105.0 173.0
105.0 175.0
105.0 176.0
105.0 177.0
105.0 179.0
105.0 181.0
105.0 186.0
105.0 191.0
105.0 194.0
105.0 195.0
105.0 196.0
105.0 199.0
105.0 200.0
106.0 104.0
106.0 107.0
106.0 112.0
106.0 113.0
106.0 114.0
106.0 115.0
106.0 116.0
106.0 119.0
106.0 122.0
106.0 129.0
106.0 130.0
106.0 133.0
106.0 134.0
106.0 138.0
106.0 141.0
106.0 142.0
106.0 144.0
106.0 148.0
106.0 151.0
106.0 153.0
106.0 158.0
106.0 164.0
106.0 167.0
106.0 170.0
106.0 174.0
106.0 195.0
107.0 101.0
107.0 103.0
107.0 104.0
107.0 106.0
107.0 109.0
107.0 112.0
107.0 116.0
107.0 121.0
107.0 129.0
107.0 130.0
107.0 133.0
107.0 134.0
107.0 135.0
107.0 137.0
107.0 138.0
107.0 142.0
107.0 144.0
107.0 148.0
107.0 151.0
107.0 153.0
107.0 158.0
107.0 160.0
107.0 164.0
107.0 167.0
107.0 170.0
107.0 174.0
108.0 102.0
108.0 118.0
108.0 123.0
108.0 124.0
108.0 132.0
108.0 154.0
108.0 155.0
108.0 159.0
108.0 160.0
108.0 161.0
108.0 166.0
108.0 169.0
108.0 178.0
108.0 180.0
108.0 182.0
108.0 183.0
108.0 184.0
108.0 185.0
108.0 188.0
108.0 189.0
108.0 190.0
108.0 192.0
108.0 193.0
108.0 197.0
108.0 198.0
108.0 199.0
109.0 103.0
109.0 104.0
109.0 107.0
109.0 112.0
109.0 113.0
109.0 114.0
109.0 116.0
109.0 119.0
109.0 121.0
109.0 129.0
109.0 130.0
109.0 134.0
109.0 135.0
109.0 137.0
109.0 138.0
109.0 141.0
109.0 142.0
109.0 148.0
109.0 151.0
109.0 153.0
109.0 158.0
109.0 164.0
109.0 166.0
109.0 167.0
109.0 170.0
109.0 174.0
110.0 102.0
110.0 113.0
110.0 115.0
110.0 117.0
110.0 118.0
110.0 123.0
110.0 131.0
110.0 150.0
110.0 154.0
110.0 157.0
110.0 159.0
110.0 160.0
110.0 161.0
110.0 166.0
110.0 169.0
110.0 172.0
110.0 178.0
110.0 180.0
110.0 183.0
110.0 185.0
110.0 187.0
110.0 188.0
110.0 189.0
110.0 192.0
110.0 193.0
110.0 197.0
110.0 198.0
111.0 105.0
111.0 120.0
111.0 125.0
111.0 126.0
111.0 127.0
111.0 128.0
111.0 139.0
111.0 140.0
111.0 143.0
111.0 149.0
111.0 152.0
111.0 156.0
111.0 162.0
111.0 165.0
111.0 168.0
111.0 171.0
111.0 175.0
111.0 177.0
111.0 179.0
111.0 181.0
111.0 186.0
111.0 191.0
111.0 194.0
111.0 195.0
111.0 196.0
111.0 199.0
111.0 200.0
112.0 101.0
112.0 103.0
112.0 104.0
112.0 106.0
112.0 107.0
112.0 109.0
112.0 113.0
112.0 114.0
112.0 116.0
112.0 118.0
112.0 119.0
112.0 121.0
112.0 122.0
112.0 129.0
112.0 130.0
112.0 133.0
112.0 135.0
112.0 137.0
112.0 141.0
112.0 142.0
112.0 148.0
112.0 151.0
112.0 153.0
112.0 164.0
112.0 167.0
112.0 170.0
112.0 174.0
113.0 101.0
113.0 103.0
113.0 106.0
113.0 109.0
113.0 110.0
113.0 112.0
113.0 114.0
113.0 116.0
113.0 121.0
113.0 122.0
113.0 130.0
113.0 133.0
113.0 134.0
113.0 135.0
113.0 137.0
113.0 138.0
113.0 141.0
113.0 142.0
113.0 144.0
113.0 148.0
113.0 151.0
113.0 153.0
113.0 158.0
113.0 164.0
113.0 167.0
113.0 170.0
113.0 174.0
114.0 101.0
114.0 104.0
114.0 106.0
114.0 109.0
114.0 112.0
114.0 113.0
114.0 119.0
114.0 121.0
114.0 122.0
114.0 129.0
114.0 130.0
114.0 134.0
114.0 135.0
114.0 137.0
114.0 138.0
114.0 141.0
114.0 142.0
114.0 144.0
114.0 148.0
114.0 151.0
114.0 153.0
114.0 158.0
114.0 164.0
114.0 167.0
114.0 170.0
114.0 174.0
114.0 180.0
115.0 106.0
115.0 110.0
115.0 117.0
115.0 118.0
115.0 131.0
115.0 136.0
115.0 150.0
115.0 154.0
115.0 155.0
115.0 160.0
115.0 161.0
115.0 166.0
115.0 169.0
115.0 172.0
115.0 178.0
115.0 182.0
115.0 183.0
115.0 184.0
115.0 185.0
115.0 187.0
115.0 188.0
115.0 189.0
115.0 190.0
115.0 192.0
115.0 193.0
115.0 197.0
115.0 198.0
116.0 101.0
116.0 103.0
116.0 104.0
116.0 106.0
116.0 107.0
116.0 109.0
116.0 112.0
116.0 113.0
116.0 121.0
116.0 122.0
116.0 129.0
116.0 130.0
116.0 134.0
116.0 135.0
116.0 137.0
116.0 142.0
116.0 144.0
116.0 148.0
116.0 149.0
116.0 151.0
116.0 153.0
116.0 158.0
116.0 164.0
116.0 167.0
116.0 170.0
116.0 174.0
116.0 187.0
117.0 110.0
117.0 115.0
117.0 118.0
117.0 123.0
117.0 132.0
117.0 136.0
117.0 154.0
117.0 155.0
117.0 156.0
117.0 157.0
117.0 159.0
117.0 160.0
117.0 169.0
117.0 172.0
117.0 178.0
117.0 180.0
117.0 182.0
117.0 183.0
117.0 184.0
117.0 185.0
117.0 188.0
117.0 189.0
117.0 190.0
117.0 192.0
117.0 193.0
117.0 197.0
117.0 198.0
118.0 108.0
118.0 110.0
118.0 112.0
118.0 115.0
118.0 117.0
118.0 132.0
118.0 136.0
118.0 143.0
118.0 147.0
118.0 154.0
118.0 155.0
118.0 157.0
118.0 161.0
118.0 169.0
118.0 178.0
118.0 180.0
118.0 183.0
118.0 184.0
118.0 185.0
118.0 187.0
118.0 188.0
118.0 189.0
118.0 190.0
118.0 192.0
118.0 193.0
118.0 197.0
118.0 198.0
119.0 101.0
119.0 103.0
119.0 104.0
119.0 106.0
119.0 109.0
119.0 112.0
119.0 114.0
119.0 121.0
119.0 122.0
119.0 123.0
119.0 129.0
119.0 130.0
119.0 133.0
119.0 134.0
119.0 135.0
119.0 137.0
119.0 138.0
119.0 141.0
119.0 144.0
119.0 148.0
119.0 151.0
119.0 153.0
119.0 158.0
119.0 164.0
119.0 167.0
119.0 170.0
119.0 174.0
120.0 103.0
120.0 111.0
120.0 125.0
120.0 126.0
120.0 127.0
120.0 128.0
120.0 145.0
120.0 149.0
120.0 156.0
120.0 162.0
120.0 163.0
120.0 165.0
120.0 168.0
120.0 171.0
120.0 173.0
120.0 174.0
120.0 175.0
120.0 176.0
120.0 177.0
120.0 179.0
120.0 186.0
120.0 191.0
120.0 194.0
120.0 195.0
120.0 196.0
120.0 199.0
120.0 200.0
121.0 101.0
121.0 103.0
121.0 104.0
121.0 107.0
121.0 109.0
121.0 112.0
121.0 113.0
121.0 114.0
121.0 116.0
121.0 119.0
121.0 122.0
121.0 129.0
121.0 133.0
121.0 134.0
121.0 135.0
121.0 138.0
121.0 141.0
121.0 142.0
121.0 144.0
121.0 148.0
121.0 151.0
121.0 158.0
121.0 164.0
121.0 167.0
121.0 170.0
121.0 174.0
121.0 182.0
122.0 101.0
122.0 103.0
122.0 106.0
122.0 112.0
122.0 113.0
122.0 114.0
122.0 116.0
122.0 119.0
122.0 121.0
122.0 129.0
122.0 130.0
122.0 133.0
122.0 134.0
122.0 135.0
122.0 137.0
122.0 141.0
122.0 142.0
122.0 144.0
122.0 148.0
122.0 151.0
122.0 153.0
122.0 158.0
122.0 164.0
122.0 167.0
122.0 170.0
122.0 174.0
122.0 179.0
123.0 102.0
123.0 105.0
123.0 108.0
123.0 110.0
123.0 117.0
123.0 119.0
123.0 132.0
123.0 136.0
123.0 150.0
123.0 154.0
123.0 155.0
123.0 157.0
123.0 160.0
123.0 161.0
123.0 166.0
123.0 172.0
123.0 178.0
123.0 180.0
123.0 182.0
123.0 183.0
123.0 184.0
123.0 187.0
123.0 189.0
123.0 190.0
123.0 192.0
123.0 197.0
123.0 198.0
124.0 105.0
124.0 108.0
124.0 125.0
124.0 126.0
124.0 140.0
124.0 143.0
124.0 146.0
124.0 149.0
124.0 152.0
124.0 156.0
124.0 162.0
124.0 165.0
124.0 168.0
124.0 171.0
124.0 173.0
124.0 175.0
124.0 176.0
124.0 177.0
124.0 179.0
124.0 181.0
124.0 186.0
124.0 191.0
124.0 194.0
124.0 195.0
124.0 196.0
124.0 199.0
124.0 200.0
125.0 111.0
125.0 120.0
125.0 124.0
125.0 126.0
125.0 127.0
125.0 128.0
125.0 140.0
125.0 143.0
125.0 146.0
125.0 152.0
125.0 156.0
125.0 163.0
125.0 165.0
125.0 168.0
125.0 171.0
125.0 173.0
125.0 176.0
125.0 177.0
125.0 179.0
125.0 181.0
125.0 186.0
125.0 190.0
125.0 191.0
125.0 194.0
125.0 195.0
125.0 196.0
125.0 199.0
125.0 200.0
126.0 105.0
126.0 111.0
126.0 120.0
126.0 124.0
126.0 125.0
126.0 128.0
126.0 139.0
126.0 143.0
126.0 145.0
126.0 146.0
126.0 147.0
126.0 149.0
126.0 152.0
126.0 156.0
126.0 163.0
126.0 165.0
126.0 168.0
126.0 171.0
126.0 176.0
126.0 177.0
126.0 181.0
126.0 186.0
126.0 191.0
126.0 194.0
126.0 195.0
126.0 196.0
126.0 199.0
126.0 200.0
127.0 111.0
127.0 120.0
127.0 125.0
127.0 128.0
127.0 139.0
127.0 140.0
127.0 146.0
127.0 152.0
127.0 156.0
127.0 162.0
127.0 163.0
127.0 165.0
127.0 168.0
127.0 171.0
127.0 173.0
127.0 175.0
127.0 176.0
127.0 177.0
127.0 179.0
127.0 181.0
127.0 186.0
127.0 187.0
127.0 191.0
127.0 194.0
127.0 195.0
127.0 196.0
127.0 199.0
127.0 200.0
128.0 105.0
128.0 111.0
128.0 120.0
128.0 125.0
128.0 126.0
128.0 127.0
128.0 135.0
128.0 143.0
128.0 145.0
128.0 146.0
128.0 149.0
128.0 162.0
128.0 163.0
128.0 165.0
128.0 171.0
128.0 173.0
128.0 175.0
128.0 176.0
128.0 177.0
128.0 179.0
128.0 186.0
128.0 191.0
128.0 194.0
128.0 195.0
128.0 196.0
128.0 197.0
128.0 199.0
128.0 200.0
129.0 101.0
129.0 103.0
129.0 104.0
129.0 106.0
129.0 107.0
129.0 109.0
129.0 112.0
129.0 114.0
129.0 116.0
129.0 119.0
129.0 121.0
129.0 122.0
129.0 130.0
129.0 133.0
129.0 134.0
129.0 137.0
129.0 138.0
129.0 141.0
129.0 142.0
129.0 144.0
129.0 148.0
129.0 151.0
129.0 158.0
129.0 164.0
129.0 165.0
129.0 167.0
129.0 170.0
129.0 174.0
130.0 101.0
130.0 103.0
130.0 106.0
130.0 107.0
130.0 109.0
130.0 112.0
130.0 113.0
130.0 114.0
130.0 116.0
130.0 119.0
130.0 122.0
130.0 129.0
130.0 133.0
130.0 134.0
130.0 135.0
130.0 137.0
130.0 138.0
130.0 141.0
130.0 144.0
130.0 148.0
130.0 151.0
130.0 153.0
130.0 158.0
130.0 164.0
130.0 167.0
130.0 170.0
130.0 171.0
130.0 174.0
131.0 110.0
131.0 115.0
131.0 132.0
131.0 136.0
131.0 140.0
131.0 147.0
131.0 150.0
131.0 154.0
131.0 157.0
131.0 159.0
131.0 160.0
131.0 161.0
131.0 169.0
131.0 172.0
131.0 178.0
131.0 180.0
131.0 182.0
131.0 183.0
131.0 184.0
131.0 185.0
131.0 187.0
131.0 188.0
131.0 189.0
131.0 190.0
131.0 192.0
131.0 193.0
131.0 197.0
131.0 198.0
132.0 108.0
132.0 117.0
132.0 118.0
132.0 123.0
132.0 131.0
132.0 137.0
132.0 147.0
132.0 150.0
132.0 154.0
132.0 155.0
132.0 157.0
132.0 161.0
132.0 166.0
132.0 169.0
132.0 172.0
132.0 178.0
132.0 182.0
132.0 183.0
132.0 184.0
132.0 185.0
132.0 187.0
132.0 188.0
132.0 189.0
132.0 190.0
132.0 192.0
132.0 193.0
132.0 197.0
132.0 198.0
133.0 101.0
133.0 104.0
133.0 106.0
133.0 107.0
133.0 112.0
133.0 113.0
133.0 119.0
133.0 121.0
133.0 122.0
133.0 129.0
133.0 130.0
133.0 134.0
133.0 135.0
133.0 137.0
133.0 138.0
133.0 141.0
133.0 142.0
133.0 144.0
133.0 148.0
133.0 151.0
133.0 153.0
133.0 156.0
133.0 158.0
133.0 164.0
133.0 167.0
133.0 170.0
133.0 174.0
133.0 200.0
134.0 104.0
134.0 106.0
134.0 107.0
134.0 109.0
134.0 113.0
134.0 114.0
134.0 116.0
134.0 119.0
134.0 121.0
134.0 122.0
134.0 129.0
134.0 130.0
134.0 133.0
134.0 137.0
134.0 138.0
134.0 141.0
134.0 142.0
134.0 144.0
134.0 148.0
134.0 151.0
134.0 153.0
134.0 158.0
134.0 164.0
134.0 167.0
134.0 170.0
134.0 174.0
134.0 198.0
134.0 199.0
135.0 101.0
135.0 103.0
135.0 104.0
135.0 107.0
135.0 109.0
135.0 112.0
135.0 113.0
135.0 114.0
135.0 116.0
135.0 119.0
135.0 121.0
135.0 122.0
135.0 128.0
135.0 130.0
135.0 133.0
135.0 136.0
135.0 138.0
135.0 141.0
135.0 142.0
135.0 144.0
135.0 148.0
135.0 151.0
135.0 153.0
135.0 158.0
135.0 164.0
135.0 167.0
135.0 170.0
135.0 174.0
136.0 115.0
136.0 117.0
136.0 118.0
136.0 123.0
136.0 131.0
136.0 135.0
136.0 147.0
136.0 150.0
136.0 154.0
136.0 157.0
136.0 159.0
136.0 160.0
136.0 161.0
136.0 166.0
136.0 172.0
136.0 178.0
136.0 180.0
136.0 183.0
136.0 184.0
136.0 185.0
136.0 187.0
136.0 188.0
136.0 189.0
136.0 190.0
136.0 192.0
136.0 193.0
136.0 197.0
136.0 198.0
137.0 101.0
137.0 103.0
137.0 107.0
137.0 109.0
137.0 112.0
137.0 113.0
137.0 114.0
137.0 116.0
137.0 119.0
137.0 122.0
137.0 129.0
137.0 130.0
137.0 132.0
137.0 133.0
137.0 134.0
137.0 138.0
137.0 141.0
137.0 142.0
137.0 144.0
137.0 148.0
137.0 151.0
137.0 153.0
137.0 155.0
137.0 158.0
137.0 164.0
137.0 167.0
137.0 170.0
137.0 174.0
138.0 101.0
138.0 103.0
138.0 104.0
138.0 106.0
138.0 107.0
138.0 109.0
138.0 113.0
138.0 114.0
138.0 119.0
138.0 121.0
138.0 129.0
138.0 130.0
138.0 133.0
138.0 134.0
138.0 135.0
138.0 137.0
138.0 141.0
138.0 142.0
138.0 144.0
138.0 146.0
138.0 148.0
138.0 151.0
138.0 153.0
138.0 158.0
138.0 159.0
138.0 164.0
138.0 167.0
138.0 170.0
138.0 174.0
139.0 102.0
139.0 111.0
139.0 126.0
139.0 127.0
139.0 140.0
139.0 143.0
139.0 145.0
139.0 146.0
139.0 149.0
139.0 152.0
139.0 156.0
139.0 162.0
139.0 163.0
139.0 168.0
139.0 171.0
139.0 173.0
139.0 175.0
139.0 176.0
139.0 177.0
139.0 179.0
139.0 181.0
139.0 186.0
139.0 188.0
139.0 191.0
139.0 194.0
139.0 195.0
139.0 196.0
139.0 199.0
139.0 200.0
140.0 105.0
140.0 111.0
140.0 124.0
140.0 125.0
140.0 127.0
140.0 131.0
140.0 139.0
140.0 143.0
140.0 146.0
140.0 152.0
140.0 156.0
140.0 162.0
140.0 163.0
140.0 166.0
140.0 168.0
140.0 171.0
140.0 173.0
140.0 175.0
140.0 176.0
140.0 177.0
140.0 179.0
140.0 181.0
140.0 186.0
140.0 191.0
140.0 194.0
140.0 195.0
140.0 196.0
140.0 199.0
140.0 200.0
141.0 101.0
141.0 103.0
141.0 104.0
141.0 106.0
141.0 109.0
141.0 112.0
141.0 113.0
141.0 114.0
141.0 119.0
141.0 121.0
141.0 122.0
141.0 129.0
141.0 130.0
141.0 133.0
141.0 134.0
141.0 135.0
141.0 137.0
141.0 138.0
141.0 142.0
141.0 144.0
141.0 148.0
141.0 151.0
141.0 153.0
141.0 158.0
141.0 164.0
141.0 167.0
141.0 170.0
141.0 174.0
141.0 193.0
142.0 101.0
142.0 103.0
142.0 104.0
142.0 106.0
142.0 107.0
142.0 109.0
142.0 112.0
142.0 113.0
142.0 114.0
142.0 116.0
142.0 121.0
142.0 122.0
142.0 129.0
142.0 133.0
142.0 134.0
142.0 135.0
142.0 137.0
142.0 138.0
142.0 141.0
142.0 144.0
142.0 148.0
142.0 151.0
142.0 153.0
142.0 158.0
142.0 164.0
142.0 167.0
142.0 170.0
142.0 174.0
142.0 196.0
143.0 111.0
143.0 118.0
143.0 124.0
143.0 125.0
143.0 126.0
143.0 128.0
143.0 139.0
143.0 140.0
143.0 146.0
143.0 149.0
143.0 156.0
143.0 162.0
143.0 163.0
143.0 167.0
143.0 168.0
143.0 171.0
143.0 173.0
143.0 175.0
143.0 176.0
143.0 177.0
143.0 179.0
143.0 181.0
143.0 186.0
143.0 191.0
143.0 194.0
143.0 195.0
143.0 196.0
143.0 199.0
143.0 200.0
144.0 101.0
144.0 103.0
144.0 104.0
144.0 106.0
144.0 107.0
144.0 113.0
144.0 114.0
144.0 116.0
144.0 119.0
144.0 121.0
144.0 122.0
144.0 129.0
144.0 130.0
144.0 133.0
144.0 134.0
144.0 135.0
144.0 137.0
144.0 138.0
144.0 141.0
144.0 142.0
144.0 148.0
144.0 151.0
144.0 152.0
144.0 153.0
144.0 158.0
144.0 164.0
144.0 167.0
144.0 170.0
144.0 174.0
145.0 105.0
145.0 120.0
145.0 126.0
145.0 128.0
145.0 139.0
145.0 146.0
145.0 149.0
145.0 152.0
145.0 156.0
145.0 162.0
145.0 163.0
145.0 165.0
145.0 168.0
145.0 170.0
145.0 171.0
145.0 173.0
145.0 175.0
145.0 176.0
145.0 177.0
145.0 179.0
145.0 181.0
145.0 186.0
145.0 189.0
145.0 191.0
145.0 194.0
145.0 195.0
145.0 196.0
145.0 199.0
145.0 200.0
146.0 124.0
146.0 125.0
146.0 126.0
146.0 127.0
146.0 128.0
146.0 138.0
146.0 139.0
146.0 140.0
146.0 143.0
146.0 145.0
146.0 149.0
146.0 152.0
146.0 156.0
146.0 162.0
146.0 163.0
146.0 165.0
146.0 171.0
146.0 173.0
146.0 175.0
146.0 176.0
146.0 177.0
146.0 179.0
146.0 181.0
146.0 186.0
146.0 191.0
146.0 194.0
146.0 195.0
146.0 196.0
146.0 199.0
146.0 200.0
147.0 102.0
147.0 118.0
147.0 126.0
147.0 131.0
147.0 132.0
147.0 136.0
147.0 150.0
147.0 153.0
147.0 154.0
147.0 155.0
147.0 157.0
147.0 159.0
147.0 160.0
147.0 161.0
147.0 166.0
147.0 169.0
147.0 172.0
147.0 180.0
147.0 182.0
147.0 183.0
147.0 184.0
147.0 185.0
147.0 187.0
147.0 188.0
147.0 189.0
147.0 190.0
147.0 192.0
147.0 193.0
147.0 197.0
147.0 198.0
148.0 101.0
148.0 104.0
148.0 106.0
148.0 107.0
148.0 109.0
148.0 112.0
148.0 113.0
148.0 114.0
148.0 116.0
148.0 119.0
148.0 121.0
148.0 122.0
148.0 129.0
148.0 130.0
148.0 133.0
148.0 134.0
148.0 135.0
148.0 137.0
148.0 138.0
148.0 141.0
148.0 142.0
148.0 144.0
148.0 151.0
148.0 153.0
148.0 158.0
148.0 161.0
148.0 164.0
148.0 167.0
148.0 170.0
148.0 174.0
149.0 105.0
149.0 111.0
149.0 116.0
149.0 120.0
149.0 124.0
149.0 126.0
149.0 128.0
149.0 139.0
149.0 143.0
149.0 145.0
149.0 146.0
149.0 156.0
149.0 162.0
149.0 163.0
149.0 165.0
149.0 168.0
149.0 171.0
149.0 173.0
149.0 175.0
149.0 176.0
149.0 177.0
149.0 179.0
149.0 181.0
149.0 186.0
149.0 191.0
149.0 194.0
149.0 195.0
149.0 196.0
149.0 199.0
149.0 200.0
150.0 102.0
150.0 110.0
150.0 115.0
150.0 123.0
150.0 131.0
150.0 132.0
150.0 136.0
150.0 147.0
150.0 155.0
150.0 157.0
150.0 159.0
150.0 160.0
150.0 161.0
150.0 163.0
150.0 169.0
150.0 172.0
150.0 178.0
150.0 180.0
150.0 182.0
150.0 183.0
150.0 184.0
150.0 185.0
150.0 187.0
150.0 188.0
150.0 189.0
150.0 190.0
150.0 192.0
150.0 193.0
150.0 197.0
150.0 198.0
151.0 103.0
151.0 104.0
151.0 105.0
151.0 106.0
151.0 107.0
151.0 109.0
151.0 112.0
151.0 113.0
151.0 114.0
151.0 116.0
151.0 119.0
151.0 121.0
151.0 122.0
151.0 129.0
151.0 130.0
151.0 133.0
151.0 134.0
151.0 135.0
151.0 137.0
151.0 138.0
151.0 141.0
151.0 142.0
151.0 144.0
151.0 148.0
151.0 153.0
151.0 158.0
151.0 164.0
151.0 167.0
151.0 170.0
151.0 174.0
152.0 111.0
152.0 124.0
152.0 125.0
152.0 126.0
152.0 127.0
152.0 139.0
152.0 140.0
152.0 144.0
152.0 145.0
152.0 146.0
152.0 156.0
152.0 162.0
152.0 163.0
152.0 165.0
152.0 168.0
152.0 171.0
152.0 173.0
152.0 175.0
152.0 176.0
152.0 177.0
152.0 178.0
152.0 179.0
152.0 181.0
152.0 186.0
152.0 191.0
152.0 194.0
152.0 195.0
152.0 196.0
152.0 199.0
152.0 200.0
153.0 101.0
153.0 103.0
153.0 104.0
153.0 106.0
153.0 107.0
153.0 109.0
153.0 112.0
153.0 113.0
153.0 114.0
153.0 116.0
153.0 119.0
153.0 122.0
153.0 130.0
153.0 133.0
153.0 134.0
153.0 135.0
153.0 137.0
153.0 138.0
153.0 141.0
153.0 142.0
153.0 144.0
153.0 147.0
153.0 148.0
153.0 151.0
153.0 158.0
153.0 164.0
153.0 167.0
153.0 170.0
153.0 174.0
153.0 175.0
154.0 108.0
154.0 110.0
154.0 115.0
154.0 117.0
154.0 118.0
154.0 123.0
154.0 131.0
154.0 132.0
154.0 136.0
154.0 147.0
154.0 155.0
154.0 157.0
154.0 160.0
154.0 161.0
154.0 166.0
154.0 172.0
154.0 178.0
154.0 180.0
154.0 181.0
154.0 182.0
154.0 183.0
154.0 184.0
154.0 185.0
154.0 187.0
154.0 188.0
154.0 189.0
154.0 190.0
154.0 193.0
154.0 197.0
154.0 198.0
155.0 102.0
155.0 108.0
155.0 115.0
155.0 117.0
155.0 118.0
155.0 123.0
155.0 132.0
155.0 137.0
155.0 147.0
155.0 150.0
155.0 154.0
155.0 157.0
155.0 159.0
155.0 160.0
155.0 166.0
155.0 169.0
155.0 178.0
155.0 180.0
155.0 182.0
155.0 183.0
155.0 184.0
155.0 185.0
155.0 187.0
155.0 188.0
155.0 189.0
155.0 190.0
155.0 193.0
155.0 197.0
155.0 198.0
155.0 200.0
156.0 105.0
156.0 111.0
156.0 117.0
156.0 120.0
156.0 124.0
156.0 125.0
156.0 126.0
156.0 127.0
156.0 133.0
156.0 139.0
156.0 140.0
156.0 143.0
156.0 145.0
156.0 146.0
156.0 149.0
156.0 152.0
156.0 162.0
156.0 163.0
156.0 168.0
156.0 171.0
156.0 173.0
156.0 175.0
156.0 176.0
156.0 177.0
156.0 181.0
156.0 191.0
156.0 194.0
156.0 195.0
156.0 196.0
156.0 199.0
156.0 200.0
157.0 102.0
157.0 110.0
157.0 117.0
157.0 118.0
157.0 123.0
157.0 131.0
157.0 132.0
157.0 136.0
157.0 147.0
157.0 150.0
157.0 154.0
157.0 155.0
157.0 159.0
157.0 166.0
157.0 169.0
157.0 172.0
157.0 178.0
157.0 180.0
157.0 182.0
157.0 183.0
157.0 184.0
157.0 185.0
157.0 187.0
157.0 188.0
157.0 189.0
157.0 190.0
157.0 192.0
157.0 193.0
157.0 194.0
157.0 197.0
157.0 198.0
158.0 101.0
158.0 103.0
158.0 104.0
158.0 106.0
158.0 107.0
158.0 109.0
158.0 113.0
158.0 114.0
158.0 116.0
158.0 119.0
158.0 121.0
158.0 122.0
158.0 129.0
158.0 130.0
158.0 133.0
158.0 134.0
158.0 135.0
158.0 137.0
158.0 138.0
158.0 141.0
158.0 142.0
158.0 144.0
158.0 148.0
158.0 151.0
158.0 153.0
158.0 164.0
158.0 167.0
158.0 170.0
158.0 174.0
158.0 179.0
158.0 191.0
159.0 102.0
159.0 108.0
159.0 110.0
159.0 117.0
159.0 131.0
159.0 136.0
159.0 138.0
159.0 147.0
159.0 150.0
159.0 155.0
159.0 157.0
159.0 160.0
159.0 161.0
159.0 166.0
159.0 169.0
159.0 172.0
159.0 178.0
159.0 180.0
159.0 182.0
159.0 183.0
159.0 184.0
159.0 185.0
159.0 187.0
159.0 188.0
159.0 189.0
159.0 190.0
159.0 192.0
159.0 193.0
159.0 195.0
159.0 197.0
159.0 198.0
160.0 102.0
160.0 107.0
160.0 108.0
160.0 110.0
160.0 115.0
160.0 117.0
160.0 123.0
160.0 131.0
160.0 136.0
160.0 147.0
160.0 150.0
160.0 154.0
160.0 155.0
160.0 159.0
160.0 161.0
160.0 166.0
160.0 169.0
160.0 172.0
160.0 178.0
160.0 180.0
160.0 182.0
160.0 183.0
160.0 184.0
160.0 185.0
160.0 187.0
160.0 189.0
160.0 190.0
160.0 192.0
160.0 193.0
160.0 197.0
160.0 198.0
161.0 108.0
161.0 110.0
161.0 115.0
161.0 118.0
161.0 123.0
161.0 131.0
161.0 132.0
161.0 136.0
161.0 147.0
161.0 148.0
161.0 150.0
161.0 154.0
161.0 159.0
161.0 160.0
161.0 164.0
161.0 166.0
161.0 169.0
161.0 172.0
161.0 178.0
161.0 180.0
161.0 182.0
161.0 183.0
161.0 184.0
161.0 185.0
161.0 187.0
161.0 188.0
161.0 189.0
161.0 192.0
161.0 193.0
161.0 197.0
161.0 198.0
162.0 101.0
162.0 111.0
162.0 120.0
162.0 124.0
162.0 127.0
162.0 128.0
162.0 139.0
162.0 140.0
162.0 143.0
162.0 145.0
162.0 146.0
162.0 149.0
162.0 152.0
162.0 156.0
162.0 163.0
162.0 165.0
162.0 168.0
162.0 173.0
162.0 175.0
162.0 176.0
162.0 177.0
162.0 179.0
162.0 181.0
162.0 186.0
162.0 190.0
162.0 191.0
162.0 194.0
162.0 195.0
162.0 196.0
162.0 199.0
162.0 200.0
163.0 105.0
163.0 120.0
163.0 125.0
163.0 126.0
163.0 127.0
163.0 128.0
163.0 139.0
163.0 140.0
163.0 143.0
163.0 145.0
163.0 146.0
163.0 149.0
163.0 150.0
163.0 152.0
163.0 156.0
163.0 162.0
163.0 165.0
163.0 171.0
163.0 173.0
163.0 175.0
163.0 176.0
163.0 179.0
163.0 181.0
163.0 185.0
163.0 186.0
163.0 191.0
163.0 194.0
163.0 195.0
163.0 196.0
163.0 199.0
163.0 200.0
164.0 101.0
164.0 103.0
164.0 104.0
164.0 106.0
164.0 107.0
164.0 109.0
164.0 112.0
164.0 113.0
164.0 114.0
164.0 116.0
164.0 119.0
164.0 121.0
164.0 122.0
164.0 129.0
164.0 130.0
164.0 133.0
164.0 134.0
164.0 135.0
164.0 137.0
164.0 138.0
164.0 141.0
164.0 142.0
164.0 144.0
164.0 148.0
164.0 151.0
164.0 153.0
164.0 158.0
164.0 161.0
164.0 167.0
164.0 170.0
164.0 174.0
165.0 105.0
165.0 111.0
165.0 120.0
165.0 124.0
165.0 125.0
165.0 126.0
165.0 127.0
165.0 128.0
165.0 129.0
165.0 145.0
165.0 146.0
165.0 149.0
165.0 152.0
165.0 162.0
165.0 163.0
165.0 168.0
165.0 171.0
165.0 173.0
165.0 175.0
165.0 176.0
165.0 177.0
165.0 179.0
165.0 181.0
165.0 183.0
165.0 186.0
165.0 191.0
165.0 194.0
165.0 195.0
165.0 196.0
165.0 199.0
165.0 200.0
166.0 102.0
166.0 108.0
166.0 109.0
166.0 110.0
166.0 115.0
166.0 123.0
166.0 132.0
166.0 136.0
166.0 140.0
166.0 147.0
166.0 154.0
166.0 155.0
166.0 157.0
166.0 159.0
166.0 160.0
166.0 161.0
166.0 169.0
166.0 172.0
166.0 180.0
166.0 182.0
166.0 183.0
166.0 184.0
166.0 185.0
166.0 187.0
166.0 188.0
166.0 189.0
166.0 190.0
166.0 192.0
166.0 193.0
166.0 197.0
166.0 198.0
167.0 101.0
167.0 103.0
167.0 104.0
167.0 106.0
167.0 107.0
167.0 109.0
167.0 112.0
167.0 113.0
167.0 114.0
167.0 116.0
167.0 119.0
167.0 121.0
167.0 122.0
167.0 129.0
167.0 130.0
167.0 133.0
167.0 134.0
167.0 135.0
167.0 137.0
167.0 138.0
167.0 141.0
167.0 142.0
167.0 143.0
167.0 144.0
167.0 148.0
167.0 151.0
167.0 153.0
167.0 158.0
167.0 164.0
167.0 169.0
167.0 170.0
167.0 174.0
168.0 105.0
168.0 111.0
168.0 120.0
168.0 124.0
168.0 125.0
168.0 126.0
168.0 127.0
168.0 139.0
168.0 140.0
168.0 143.0
168.0 145.0
168.0 149.0
168.0 152.0
168.0 156.0
168.0 162.0
168.0 165.0
168.0 170.0
168.0 171.0
168.0 173.0
168.0 175.0
168.0 176.0
168.0 177.0
168.0 179.0
168.0 181.0
168.0 186.0
168.0 191.0
168.0 192.0
168.0 194.0
168.0 195.0
168.0 196.0
168.0 199.0
168.0 200.0
169.0 102.0
169.0 108.0
169.0 110.0
169.0 115.0
169.0 117.0
169.0 118.0
169.0 131.0
169.0 132.0
169.0 147.0
169.0 150.0
169.0 155.0
169.0 157.0
169.0 159.0
169.0 160.0
169.0 161.0
169.0 166.0
169.0 167.0
169.0 172.0
169.0 178.0
169.0 180.0
169.0 182.0
169.0 183.0
169.0 184.0
169.0 185.0
169.0 187.0
169.0 188.0
169.0 189.0
169.0 190.0
169.0 192.0
169.0 193.0
169.0 197.0
169.0 198.0
170.0 101.0
170.0 103.0
170.0 104.0
170.0 106.0
170.0 107.0
170.0 109.0
170.0 112.0
170.0 113.0
170.0 114.0
170.0 116.0
170.0 119.0
170.0 121.0
170.0 122.0
170.0 129.0
170.0 130.0
170.0 133.0
170.0 134.0
170.0 135.0
170.0 137.0
170.0 138.0
170.0 141.0
170.0 142.0
170.0 144.0
170.0 145.0
170.0 148.0
170.0 151.0
170.0 153.0
170.0 158.0
170.0 164.0
170.0 167.0
170.0 168.0
170.0 174.0
171.0 111.0
171.0 120.0
171.0 124.0
171.0 125.0
171.0 126.0
171.0 127.0
171.0 128.0
171.0 130.0
171.0 139.0
171.0 140.0
171.0 143.0
171.0 145.0
171.0 146.0
171.0 149.0
171.0 152.0
171.0 156.0
171.0 163.0
171.0 165.0
171.0 168.0
171.0 173.0
171.0 175.0
171.0 176.0
171.0 177.0
171.0 179.0
171.0 181.0
171.0 186.0
171.0 191.0
171.0 194.0
171.0 195.0
171.0 196.0
171.0 199.0
171.0 200.0
172.0 102.0
172.0 110.0
172.0 115.0
172.0 117.0
172.0 123.0
172.0 131.0
172.0 132.0
172.0 136.0
172.0 147.0
172.0 150.0
172.0 154.0
172.0 157.0
172.0 159.0
172.0 160.0
172.0 161.0
172.0 166.0
172.0 169.0
172.0 178.0
172.0 180.0
172.0 182.0
172.0 183.0
172.0 184.0
172.0 185.0
172.0 187.0
172.0 188.0
172.0 189.0
172.0 190.0
172.0 192.0
172.0 193.0
172.0 196.0
172.0 197.0
172.0 198.0
173.0 105.0
173.0 120.0
173.0 124.0
173.0 125.0
173.0 127.0
173.0 128.0
173.0 139.0
173.0 140.0
173.0 143.0
173.0 145.0
173.0 146.0
173.0 149.0
173.0 152.0
173.0 156.0
173.0 162.0
173.0 163.0
173.0 165.0
173.0 168.0
173.0 171.0
173.0 175.0
173.0 176.0
173.0 177.0
173.0 178.0
173.0 179.0
173.0 181.0
173.0 186.0
173.0 191.0
173.0 194.0
173.0 195.0
173.0 196.0
173.0 199.0
173.0 200.0
174.0 101.0
174.0 103.0
174.0 104.0
174.0 106.0
174.0 107.0
174.0 109.0
174.0 112.0
174.0 113.0
174.0 114.0
174.0 116.0
174.0 119.0
174.0 120.0
174.0 121.0
174.0 122.0
174.0 129.0
174.0 130.0
174.0 133.0
174.0 134.0
174.0 135.0
174.0 137.0
174.0 138.0
174.0 141.0
174.0 142.0
174.0 144.0
174.0 148.0
174.0 151.0
174.0 153.0
174.0 158.0
174.0 164.0
174.0 167.0
174.0 170.0
174.0 186.0
175.0 105.0
175.0 111.0
175.0 120.0
175.0 124.0
175.0 127.0
175.0 128.0
175.0 139.0
175.0 140.0
175.0 143.0
175.0 145.0
175.0 146.0
175.0 149.0
175.0 152.0
175.0 153.0
175.0 156.0
175.0 162.0
175.0 163.0
175.0 165.0
175.0 168.0
175.0 171.0
175.0 173.0
175.0 176.0
175.0 177.0
175.0 179.0
175.0 181.0
175.0 186.0
175.0 191.0
175.0 194.0
175.0 195.0
175.0 196.0
175.0 199.0
175.0 200.0
176.0 105.0
176.0 120.0
176.0 124.0
176.0 125.0
176.0 126.0
176.0 127.0
176.0 128.0
176.0 139.0
176.0 140.0
176.0 143.0
176.0 145.0
176.0 146.0
176.0 149.0
176.0 152.0
176.0 156.0
176.0 162.0
176.0 163.0
176.0 165.0
176.0 168.0
176.0 171.0
176.0 173.0
176.0 175.0
176.0 177.0
176.0 179.0
176.0 181.0
176.0 184.0
176.0 186.0
176.0 191.0
176.0 194.0
176.0 195.0
176.0 196.0
176.0 199.0
176.0 200.0
177.0 105.0
177.0 111.0
177.0 120.0
177.0 124.0
177.0 125.0
177.0 126.0
177.0 127.0
177.0 128.0
177.0 139.0
177.0 140.0
177.0 143.0
177.0 145.0
177.0 146.0
177.0 149.0
177.0 152.0
177.0 156.0
177.0 162.0
177.0 165.0
177.0 168.0
177.0 171.0
177.0 173.0
177.0 175.0
177.0 176.0
177.0 179.0
177.0 181.0
177.0 186.0
177.0 188.0
177.0 191.0
177.0 194.0
177.0 195.0
177.0 196.0
177.0 199.0
177.0 200.0
178.0 102.0
178.0 108.0
178.0 110.0
178.0 115.0
178.0 117.0
178.0 118.0
178.0 123.0
178.0 131.0
178.0 132.0
178.0 136.0
178.0 150.0
178.0 152.0
178.0 154.0
178.0 155.0
178.0 157.0
178.0 159.0
178.0 160.0
178.0 161.0
178.0 169.0
178.0 172.0
178.0 173.0
178.0 180.0
178.0 182.0
178.0 183.0
178.0 184.0
178.0 185.0
178.0 187.0
178.0 188.0
178.0 190.0
178.0 192.0
178.0 193.0
178.0 197.0
178.0 198.0
179.0 105.0
179.0 111.0
179.0 120.0
179.0 122.0
179.0 124.0
179.0 125.0
179.0 127.0
179.0 128.0
179.0 139.0
179.0 140.0
179.0 143.0
179.0 145.0
179.0 146.0
179.0 149.0
179.0 152.0
179.0 158.0
179.0 162.0
179.0 163.0
179.0 165.0
179.0 168.0
179.0 171.0
179.0 173.0
179.0 175.0
179.0 176.0
179.0 177.0
179.0 181.0
179.0 186.0
179.0 191.0
179.0 194.0
179.0 195.0
179.0 196.0
179.0 199.0
179.0 200.0
180.0 102.0
180.0 108.0
180.0 110.0
180.0 114.0
180.0 117.0
180.0 118.0
180.0 123.0
180.0 131.0
180.0 136.0
180.0 147.0
180.0 150.0
180.0 154.0
180.0 155.0
180.0 157.0
180.0 159.0
180.0 160.0
180.0 161.0
180.0 166.0
180.0 169.0
180.0 172.0
180.0 178.0
180.0 182.0
180.0 183.0
180.0 184.0
180.0 185.0
180.0 187.0
180.0 188.0
180.0 189.0
180.0 190.0
180.0 192.0
180.0 193.0
180.0 197.0
180.0 198.0
181.0 105.0
181.0 111.0
181.0 124.0
181.0 125.0
181.0 126.0
181.0 127.0
181.0 139.0
181.0 140.0
181.0 143.0
181.0 145.0
181.0 146.0
181.0 149.0
181.0 152.0
181.0 154.0
181.0 156.0
181.0 162.0
181.0 163.0
181.0 165.0
181.0 168.0
181.0 171.0
181.0 173.0
181.0 175.0
181.0 176.0
181.0 177.0
181.0 179.0
181.0 184.0
181.0 186.0
181.0 191.0
181.0 194.0
181.0 195.0
181.0 196.0
181.0 199.0
181.0 200.0
182.0 102.0
182.0 108.0
182.0 115.0
182.0 117.0
182.0 121.0
182.0 123.0
182.0 131.0
182.0 132.0
182.0 147.0
182.0 150.0
182.0 154.0
182.0 155.0
182.0 157.0
182.0 159.0
182.0 160.0
182.0 161.0
182.0 166.0
182.0 169.0
182.0 172.0
182.0 178.0
182.0 180.0
182.0 183.0
182.0 184.0
182.0 185.0
182.0 187.0
182.0 188.0
182.0 189.0
182.0 190.0
182.0 192.0
182.0 193.0
182.0 194.0
182.0 197.0
182.0 198.0
183.0 102.0
183.0 108.0
183.0 110.0
183.0 115.0
183.0 117.0
183.0 118.0
183.0 123.0
183.0 131.0
183.0 132.0
183.0 136.0
183.0 147.0
183.0 150.0
183.0 154.0
183.0 155.0
183.0 157.0
183.0 159.0
183.0 160.0
183.0 161.0
183.0 165.0
183.0 166.0
183.0 169.0
183.0 172.0
183.0 178.0
183.0 180.0
183.0 182.0
183.0 184.0
183.0 185.0
183.0 187.0
183.0 188.0
183.0 189.0
183.0 190.0
183.0 192.0
183.0 197.0
183.0 198.0
184.0 108.0
184.0 115.0
184.0 117.0
184.0 118.0
184.0 123.0
184.0 131.0
184.0 132.0
184.0 136.0
184.0 147.0
184.0 150.0
184.0 154.0
184.0 155.0
184.0 157.0
184.0 159.0
184.0 160.0
184.0 161.0
184.0 166.0
184.0 169.0
184.0 172.0
184.0 176.0
184.0 178.0
184.0 180.0
184.0 181.0
184.0 182.0
184.0 183.0
184.0 185.0
184.0 187.0
184.0 188.0
184.0 189.0
184.0 190.0
184.0 192.0
184.0 193.0
184.0 197.0
184.0 198.0
185.0 102.0
185.0 108.0
185.0 110.0
185.0 115.0
185.0 117.0
185.0 118.0
185.0 131.0
185.0 132.0
185.0 136.0
185.0 147.0
185.0 150.0
185.0 154.0
185.0 155.0
185.0 157.0
185.0 159.0
185.0 160.0
185.0 161.0
185.0 163.0
185.0 166.0
185.0 169.0
185.0 172.0
185.0 178.0
185.0 180.0
185.0 182.0
185.0 183.0
185.0 184.0
185.0 187.0
185.0 188.0
185.0 189.0
185.0 190.0
185.0 192.0
185.0 193.0
185.0 197.0
185.0 198.0
186.0 105.0
186.0 111.0
186.0 120.0
186.0 124.0
186.0 125.0
186.0 126.0
186.0 127.0
186.0 128.0
186.0 139.0
186.0 140.0
186.0 143.0
186.0 145.0
186.0 146.0
186.0 149.0
186.0 152.0
186.0 162.0
186.0 163.0
186.0 165.0
186.0 168.0
186.0 171.0
186.0 173.0
186.0 174.0
186.0 175.0
186.0 176.0
186.0 177.0
186.0 179.0
186.0 181.0
186.0 191.0
186.0 193.0
186.0 194.0
186.0 195.0
186.0 196.0
186.0 199.0
186.0 200.0
187.0 102.0
187.0 110.0
187.0 115.0
187.0 116.0
187.0 118.0
187.0 123.0
187.0 127.0
187.0 131.0
187.0 132.0
187.0 136.0
187.0 147.0
187.0 150.0
187.0 154.0
187.0 155.0
187.0 157.0
187.0 159.0
187.0 160.0
187.0 161.0
187.0 166.0
187.0 169.0
187.0 172.0
187.0 178.0
187.0 180.0
187.0 182.0
187.0 183.0
187.0 184.0
187.0 185.0
187.0 188.0
187.0 189.0
187.0 190.0
187.0 192.0
187.0 193.0
187.0 197.0
187.0 198.0
188.0 102.0
188.0 108.0
188.0 110.0
188.0 115.0
188.0 117.0
188.0 118.0
188.0 131.0
188.0 132.0
188.0 136.0
188.0 139.0
188.0 147.0
188.0 150.0
188.0 154.0
188.0 155.0
188.0 157.0
188.0 159.0
188.0 161.0
188.0 166.0
188.0 169.0
188.0 172.0
188.0 177.0
188.0 178.0
188.0 180.0
188.0 182.0
188.0 183.0
188.0 184.0
188.0 185.0
188.0 187.0
188.0 189.0
188.0 190.0
188.0 192.0
188.0 193.0
188.0 197.0
188.0 198.0
189.0 102.0
189.0 108.0
189.0 110.0
189.0 115.0
189.0 117.0
189.0 118.0
189.0 123.0
189.0 131.0
189.0 132.0
189.0 136.0
189.0 145.0
189.0 147.0
189.0 150.0
189.0 154.0
189.0 155.0
189.0 157.0
189.0 159.0
189.0 160.0
189.0 161.0
189.0 166.0
189.0 169.0
189.0 172.0
189.0 180.0
189.0 182.0
189.0 183.0
189.0 184.0
189.0 185.0
189.0 187.0
189.0 188.0
189.0 190.0
189.0 192.0
189.0 193.0
189.0 197.0
189.0 198.0
190.0 102.0
190.0 108.0
190.0 115.0
190.0 117.0
190.0 118.0
190.0 123.0
190.0 125.0
190.0 131.0
190.0 132.0
190.0 136.0
190.0 147.0
190.0 150.0
190.0 154.0
190.0 155.0
190.0 157.0
190.0 159.0
190.0 160.0
190.0 162.0
190.0 166.0
190.0 169.0
190.0 172.0
190.0 178.0
190.0 180.0
190.0 182.0
190.0 183.0
190.0 184.0
190.0 185.0
190.0 187.0
190.0 188.0
190.0 189.0
190.0 192.0
190.0 193.0
190.0 197.0
190.0 198.0
191.0 105.0
191.0 111.0
191.0 120.0
191.0 124.0
191.0 125.0
191.0 126.0
191.0 127.0
191.0 128.0
191.0 139.0
191.0 140.0
191.0 143.0
191.0 145.0
191.0 146.0
191.0 149.0
191.0 152.0
191.0 156.0
191.0 158.0
191.0 162.0
191.0 163.0
191.0 165.0
191.0 168.0
191.0 171.0
191.0 173.0
191.0 175.0
191.0 176.0
191.0 177.0
191.0 179.0
191.0 181.0
191.0 186.0
191.0 194.0
191.0 195.0
191.0 196.0
191.0 199.0
191.0 200.0
192.0 102.0
192.0 104.0
192.0 108.0
192.0 110.0
192.0 115.0
192.0 117.0
192.0 118.0
192.0 123.0
192.0 131.0
192.0 132.0
192.0 136.0
192.0 147.0
192.0 150.0
192.0 157.0
192.0 159.0
192.0 160.0
192.0 161.0
192.0 166.0
192.0 168.0
192.0 169.0
192.0 172.0
192.0 178.0
192.0 180.0
192.0 182.0
192.0 183.0
192.0 184.0
192.0 185.0
192.0 187.0
192.0 188.0
192.0 189.0
192.0 190.0
192.0 193.0
192.0 197.0
192.0 198.0
193.0 102.0
193.0 108.0
193.0 110.0
193.0 115.0
193.0 117.0
193.0 118.0
193.0 131.0
193.0 132.0
193.0 136.0
193.0 141.0
193.0 147.0
193.0 150.0
193.0 154.0
193.0 155.0
193.0 157.0
193.0 159.0
193.0 160.0
193.0 161.0
193.0 166.0
193.0 169.0
193.0 172.0
193.0 178.0
193.0 180.0
193.0 182.0
193.0 184.0
193.0 185.0
193.0 186.0
193.0 187.0
193.0 188.0
193.0 189.0
193.0 190.0
193.0 192.0
193.0 197.0
193.0 198.0
194.0 105.0
194.0 111.0
194.0 120.0
194.0 124.0
194.0 125.0
194.0 126.0
194.0 127.0
194.0 128.0
194.0 139.0
194.0 140.0
194.0 143.0
194.0 145.0
194.0 146.0
194.0 149.0
194.0 152.0
194.0 156.0
194.0 157.0
194.0 162.0
194.0 163.0
194.0 165.0
194.0 168.0
194.0 171.0
194.0 173.0
194.0 175.0
194.0 176.0
194.0 177.0
194.0 179.0
194.0 181.0
194.0 182.0
194.0 186.0
194.0 191.0
194.0 195.0
194.0 196.0
194.0 199.0
194.0 200.0
195.0 105.0
195.0 106.0
195.0 111.0
195.0 120.0
195.0 124.0
195.0 125.0
195.0 126.0
195.0 127.0
195.0 128.0
195.0 139.0
195.0 140.0
195.0 143.0
195.0 145.0
195.0 146.0
195.0 149.0
195.0 152.0
195.0 156.0
195.0 159.0
195.0 162.0
195.0 163.0
195.0 165.0
195.0 168.0
195.0 171.0
195.0 173.0
195.0 175.0
195.0 176.0
195.0 177.0
195.0 179.0
195.0 181.0
195.0 186.0
195.0 191.0
195.0 194.0
195.0 196.0
195.0 199.0
195.0 200.0
196.0 105.0
196.0 111.0
196.0 120.0
196.0 124.0
196.0 125.0
196.0 126.0
196.0 127.0
196.0 128.0
196.0 139.0
196.0 140.0
196.0 142.0
196.0 143.0
196.0 145.0
196.0 146.0
196.0 149.0
196.0 152.0
196.0 156.0
196.0 162.0
196.0 163.0
196.0 165.0
196.0 168.0
196.0 171.0
196.0 172.0
196.0 173.0
196.0 175.0
196.0 176.0
196.0 177.0
196.0 179.0
196.0 181.0
196.0 186.0
196.0 191.0
196.0 194.0
196.0 195.0
196.0 199.0
196.0 200.0
197.0 102.0
197.0 108.0
197.0 110.0
197.0 115.0
197.0 117.0
197.0 118.0
197.0 123.0
197.0 128.0
197.0 131.0
197.0 132.0
197.0 136.0
197.0 147.0
197.0 150.0
197.0 154.0
197.0 155.0
197.0 157.0
197.0 159.0
197.0 160.0
197.0 161.0
197.0 166.0
197.0 169.0
197.0 172.0
197.0 178.0
197.0 180.0
197.0 182.0
197.0 183.0
197.0 184.0
197.0 185.0
197.0 187.0
197.0 188.0
197.0 189.0
197.0 190.0
197.0 192.0
197.0 193.0
197.0 198.0
198.0 102.0
198.0 108.0
198.0 110.0
198.0 115.0
198.0 117.0
198.0 118.0
198.0 123.0
198.0 131.0
198.0 132.0
198.0 134.0
198.0 136.0
198.0 147.0
198.0 150.0
198.0 154.0
198.0 155.0
198.0 157.0
198.0 159.0
198.0 160.0
198.0 161.0
198.0 166.0
198.0 169.0
198.0 172.0
198.0 178.0
198.0 180.0
198.0 182.0
198.0 183.0
198.0 184.0
198.0 185.0
198.0 187.0
198.0 188.0
198.0 189.0
198.0 190.0
198.0 192.0
198.0 193.0
198.0 197.0
199.0 105.0
199.0 108.0
199.0 111.0
199.0 120.0
199.0 124.0
199.0 125.0
199.0 126.0
199.0 127.0
199.0 128.0
199.0 134.0
199.0 139.0
199.0 140.0
199.0 143.0
199.0 145.0
199.0 146.0
199.0 149.0
199.0 152.0
199.0 156.0
199.0 162.0
199.0 163.0
199.0 165.0
199.0 168.0
199.0 171.0
199.0 173.0
199.0 175.0
199.0 176.0
199.0 177.0
199.0 179.0
199.0 181.0
199.0 186.0
199.0 191.0
199.0 194.0
199.0 195.0
199.0 196.0
199.0 200.0
200.0 105.0
200.0 111.0
200.0 120.0
200.0 124.0
200.0 125.0
200.0 126.0
200.0 127.0
200.0 128.0
200.0 133.0
200.0 139.0
200.0 140.0
200.0 143.0
200.0 145.0
200.0 146.0
200.0 149.0
200.0 152.0
200.0 155.0
200.0 156.0
200.0 162.0
200.0 163.0
200.0 165.0
200.0 168.0
200.0 171.0
200.0 173.0
200.0 175.0
200.0 176.0
200.0 177.0
200.0 179.0
200.0 181.0
200.0 186.0
200.0 191.0
200.0 194.0
200.0 195.0
200.0 196.0
200.0 199.0
1
1 2
45
54 190.0
98 110.0
80 136.0
97 187.0
82 150.0
90 185.0
66 161.0
32 118.0
61 183.0
88 154.0
31 166.0
96 130.0
75 113.0
68 148.0
62 114.0
56 167.0
11 144.0
95 129.0
76 107.0
73 104.0
86 107.0
41 175.0
30 145.0
37 156.0
35 146.0
29 179.0
13 143.0
70 194.0
4 163.0
51 168.0
29 140.0
41 190.0
68 145.0
68 143.0
88 129.0
97 107.0
30 148.0
80 140.0
68 146.0
82 175.0
54 175.0
61 194.0
41 114.0
75 175.0
96 154.0
3
2 8 10 15 17 18 23 31 32 36 47 50 54 55 57 59 60 61 66 69 72 78 80 82 83 84 85 87 88 89 90 92 93 97 98 102.0 108.0 110.0 115.0 117.0 118.0 123.0 131.0 132.0 136.0 147.0 150.0 154.0 155.0 157.0 159.0 160.0 161.0 166.0 169.0 172.0 178.0 180.0 182.0 183.0 184.0 185.0 187.0 188.0 189.0 190.0 192.0 193.0 197.0 198.0 
5 11 20 24 25 26 27 28 39 40 43 45 46 49 52 56 62 63 65 68 71 73 75 76 77 79 81 86 91 94 95 96 99 100 101.0 103.0 104.0 106.0 107.0 109.0 112.0 113.0 114.0 116.0 119.0 121.0 122.0 129.0 130.0 133.0 134.0 135.0 137.0 138.0 141.0 142.0 144.0 148.0 151.0 153.0 158.0 164.0 167.0 170.0 174.0 
1 3 4 6 7 9 12 13 14 16 19 21 22 29 30 33 34 35 37 38 41 42 44 48 51 53 58 64 67 70 74 105.0 111.0 120.0 124.0 125.0 126.0 127.0 128.0 139.0 140.0 143.0 145.0 146.0 149.0 152.0 156.0 162.0 163.0 165.0 168.0 171.0 173.0 175.0 176.0 177.0 179.0 181.0 186.0 191.0 194.0 195.0 196.0 199.0 200.0 
