2
1 2 3 4 5 6 7 8 9 10 11 12 13 14 15 16 17 18 19 20 21 22 23 24 25 26 27 28 29 30 31 32 33 34 35 36 37 38 39 40 41 42 43 44 45 46 47 48 49 50 51 52 53 54 55 56 57 58 59 60 61 62 63 64 65 66 67 68 69 70 71 72 73 74 75 76 77 78 79 80 81 82 83 84 85 86 87 88 89 90 91 92 93 94 95 96 97 98 99 100
3198
1 4
1 10
1 14
1 26
1 37
1 45
1 48
1 53
1 55
1 57
1 58
1 62
1 67
1 69
1 70
1 72
1 76
1 81
1 82
1 83
1 91
1 92
1 94
1 95
1 96
1 97
1 99
1 100
2 3
2 9
2 12
2 13
2 19
2 23
2 26
2 27
2 31
2 32
2 36
2 38
2 44
2 45
2 49
2 51
2 56
2 61
2 63
2 64
2 65
2 74
2 77
2 80
2 84
2 85
2 86
2 88
3 2
3 9
3 15
3 20
3 23
3 29
3 31
3 33
3 36
3 39
3 40
3 41
3 42
3 47
3 51
3 59
3 61
3 63
3 68
3 71
3 74
3 78
3 79
3 84
3 85
3 87
3 89
3 93
4 1
4 18
4 25
4 37
4 39
4 45
4 48
4 52
4 55
4 57
4 58
4 60
4 67
4 70
4 72
4 75
4 76
4 81
4 82
4 83
4 91
4 92
4 94
4 95
4 96
4 97
4 99
4 100
5 10
5 14
5 21
5 24
5 25
5 37
5 46
5 48
5 52
5 57
5 58
5 62
5 69
5 70
5 72
5 75
5 76
5 81
5 82
5 83
5 85
5 91
5 94
5 95
5 96
5 97
5 99
5 100
6 8
6 9
6 12
6 13
6 22
6 28
6 31
6 32
6 33
6 35
6 36
6 40
6 41
6 43
6 49
6 63
6 66
6 69
6 71
6 73
6 77
6 84
6 85
6 86
6 89
6 90
6 93
6 98
7 10
7 14
7 18
7 37
7 45
7 48
7 52
7 53
7 55
7 57
7 58
7 60
7 62
7 67
7 69
7 71
7 72
7 76
7 81
7 82
7 83
7 91
7 92
7 94
7 95
7 97
7 99
7 100
8 6
8 9
8 11
8 12
8 15
8 19
8 20
8 22
8 26
8 28
8 29
8 32
8 38
8 39
8 41
8 49
8 54
8 56
8 64
8 73
8 74
8 79
8 80
8 87
8 88
8 90
8 98
9 2
9 3
9 6
9 8
9 11
9 12
9 16
9 17
9 19
9 32
9 35
9 36
9 42
9 43
9 56
9 58
9 59
9 61
9 65
9 66
9 74
9 77
9 78
9 80
9 86
9 87
9 89
9 90
10 1
10 5
10 7
10 14
10 18
10 37
10 46
10 48
10 53
10 58
10 59
10 60
10 62
10 67
10 69
10 70
10 73
10 75
10 76
10 82
10 83
10 91
10 92
10 94
10 95
10 96
10 97
10 99
10 100
11 8
11 9
11 13
11 17
11 20
11 21
11 22
11 26
11 29
11 30
11 32
11 38
11 39
11 40
11 43
11 44
11 49
11 61
11 63
11 65
11 71
11 73
11 77
11 80
11 84
11 88
11 90
11 93
11 98
12 2
12 6
12 8
12 9
12 17
12 24
12 26
12 28
12 32
12 34
12 39
12 40
12 41
12 43
12 47
12 51
12 59
12 63
12 66
12 71
12 77
12 79
12 82
12 85
12 87
12 88
12 89
12 90
12 93
13 2
13 6
13 11
13 15
13 24
13 27
13 31
13 32
13 33
13 34
13 38
13 41
13 42
13 43
13 47
13 50
13 51
13 59
13 61
13 65
13 71
13 73
13 77
13 79
13 85
13 86
13 87
13 89
13 90
14 1
14 5
14 7
14 10
14 21
14 23
14 25
14 45
14 46
14 48
14 53
14 58
14 60
14 62
14 67
14 70
14 72
14 75
14 76
14 82
14 83
14 91
14 92
14 94
14 95
14 96
14 97
14 99
14 100
15 3
15 8
15 13
15 16
15 19
15 20
15 22
15 26
15 27
15 28
15 31
15 32
15 39
15 43
15 47
15 49
15 54
15 56
15 59
15 61
15 62
15 63
15 68
15 79
15 80
15 84
15 86
15 90
15 93
16 9
16 15
16 18
16 20
16 26
16 27
16 31
16 33
16 34
16 36
16 39
16 40
16 42
16 49
16 51
16 53
16 54
16 64
16 65
16 68
16 71
16 73
16 77
16 78
16 80
16 84
16 87
16 93
16 98
17 9
17 11
17 12
17 19
17 21
17 23
17 24
17 26
17 30
17 31
17 32
17 33
17 35
17 39
17 42
17 47
17 51
17 54
17 56
17 59
17 63
17 65
17 71
17 84
17 88
17 89
17 90
17 93
17 98
18 4
18 7
18 10
18 16
18 21
18 25
18 34
18 37
18 45
18 48
18 55
18 57
18 60
18 62
18 69
18 70
18 72
18 75
18 76
18 81
18 83
18 91
18 92
18 94
18 95
18 96
18 97
18 99
18 100
19 2
19 8
19 9
19 15
19 17
19 22
19 30
19 31
19 35
19 38
19 41
19 44
19 50
19 51
19 54
19 56
19 64
19 66
19 68
19 74
19 77
19 78
19 79
19 84
19 86
19 87
19 88
19 90
19 98
20 3
20 8
20 11
20 15
20 16
20 22
20 23
20 25
20 26
20 32
20 42
20 47
20 50
20 51
20 59
20 61
20 63
20 64
20 65
20 66
20 68
20 79
20 84
20 85
20 86
20 89
20 93
20 95
20 98
21 5
21 11
21 14
21 17
21 18
21 46
21 48
21 52
21 53
21 55
21 57
21 58
21 60
21 62
21 67
21 69
21 70
21 72
21 81
21 82
21 83
21 91
21 92
21 94
21 95
21 96
21 97
21 99
21 100
22 6
22 8
22 11
22 15
22 19
22 20
22 24
22 26
22 27
22 32
22 35
22 42
22 44
22 47
22 50
22 54
22 61
22 73
22 74
22 77
22 78
22 79
22 84
22 85
22 86
22 87
22 89
22 90
22 92
23 2
23 3
23 14
23 17
23 20
23 24
23 27
23 29
23 30
23 34
23 35
23 39
23 40
23 41
23 42
23 43
23 50
23 51
23 59
23 65
23 73
23 84
23 85
23 87
23 88
23 90
23 93
23 98
24 5
24 12
24 13
24 17
24 22
24 23
24 26
24 27
24 28
24 29
24 31
24 32
24 42
24 44
24 49
24 50
24 54
24 65
24 71
24 77
24 79
24 80
24 84
24 85
24 86
24 88
24 90
24 93
24 98
25 4
25 5
25 14
25 18
25 20
25 37
25 45
25 46
25 48
25 52
25 53
25 55
25 57
25 58
25 60
25 62
25 67
25 69
25 70
25 75
25 76
25 81
25 82
25 91
25 92
25 95
25 96
25 97
25 99
25 100
26 1
26 2
26 8
26 11
26 12
26 15
26 16
26 17
26 20
26 22
26 24
26 28
26 29
26 30
26 32
26 33
26 34
26 35
26 63
26 64
26 65
26 66
26 68
26 74
26 77
26 84
26 85
26 86
26 93
26 98
27 2
27 13
27 15
27 16
27 22
27 23
27 24
27 28
27 34
27 36
27 42
27 49
27 51
27 56
27 59
27 64
27 65
27 66
27 68
27 71
27 74
27 75
27 79
27 80
27 84
27 86
27 88
27 89
27 90
27 91
28 6
28 8
28 12
28 15
28 24
28 26
28 27
28 31
28 32
28 33
28 35
28 38
28 39
28 40
28 41
28 44
28 47
28 60
28 61
28 65
28 71
28 73
28 77
28 78
28 84
28 85
28 86
28 90
28 92
28 93
29 3
29 8
29 11
29 23
29 24
29 26
29 31
29 34
29 35
29 36
29 39
29 40
29 41
29 43
29 49
29 50
29 51
29 61
29 63
29 65
29 73
29 77
29 78
29 79
29 80
29 85
29 87
29 89
29 90
29 93
30 11
30 17
30 19
30 23
30 26
30 36
30 39
30 41
30 42
30 43
30 44
30 47
30 49
30 54
30 59
30 63
30 64
30 65
30 66
30 73
30 74
30 78
30 79
30 80
30 84
30 85
30 86
30 88
30 89
30 97
31 2
31 3
31 6
31 13
31 15
31 16
31 17
31 19
31 24
31 28
31 29
31 35
31 36
31 38
31 39
31 41
31 43
31 44
31 49
31 56
31 59
31 63
31 64
31 65
31 68
31 79
31 88
31 90
31 93
32 2
32 6
32 8
32 9
32 11
32 12
32 13
32 15
32 17
32 20
32 22
32 24
32 26
32 28
32 33
32 34
32 35
32 43
32 49
32 50
32 51
32 54
32 60
32 61
32 68
32 71
32 73
32 74
32 78
32 98
33 3
33 6
33 13
33 16
33 17
33 26
33 28
33 32
33 34
33 39
33 40
33 41
33 43
33 47
33 50
33 51
33 59
33 63
33 64
33 66
33 68
33 71
33 73
33 74
33 79
33 80
33 85
33 87
33 88
34 12
34 13
34 16
34 18
34 23
34 26
34 27
34 29
34 32
34 33
34 35
34 36
34 40
34 41
34 44
34 47
34 56
34 61
34 63
34 64
34 66
34 74
34 78
34 80
34 84
34 86
34 89
34 93
34 98
35 6
35 9
35 17
35 19
35 22
35 23
35 26
35 28
35 29
35 31
35 32
35 34
35 38
35 39
35 44
35 51
35 59
35 64
35 65
35 66
35 68
35 77
35 80
35 85
35 86
35 87
35 88
35 89
35 98
36 2
36 3
36 6
36 9
36 16
36 27
36 29
36 30
36 31
36 34
36 38
36 42
36 47
36 49
36 50
36 51
36 54
36 56
36 61
36 63
36 65
36 66
36 73
36 74
36 78
36 84
36 86
36 89
36 93
37 1
37 4
37 5
37 7
37 10
37 18
37 25
37 45
37 46
37 48
37 52
37 55
37 57
37 62
37 69
37 70
37 72
37 75
37 79
37 81
37 82
37 83
37 87
37 92
37 94
37 95
37 96
37 97
37 99
37 100
38 2
38 8
38 11
38 13
38 19
38 28
38 31
38 35
38 36
38 39
38 42
38 49
38 51
38 54
38 56
38 59
38 64
38 66
38 68
38 71
38 73
38 74
38 79
38 85
38 87
38 88
38 89
38 90
38 93
38 98
39 3
39 4
39 8
39 11
39 12
39 15
39 16
39 17
39 23
39 28
39 29
39 30
39 31
39 33
39 35
39 38
39 40
39 43
39 47
39 56
39 67
39 71
39 73
39 77
39 78
39 80
39 86
39 88
39 89
39 93
39 98
40 3
40 6
40 11
40 12
40 16
40 23
40 28
40 29
40 33
40 34
40 39
40 42
40 44
40 47
40 49
40 50
40 51
40 59
40 63
40 65
40 68
40 74
40 77
40 79
40 84
40 85
40 86
40 87
40 88
40 98
41 3
41 6
41 8
41 12
41 13
41 19
41 23
41 28
41 29
41 30
41 31
41 33
41 34
41 42
41 43
41 44
41 47
41 51
41 54
41 56
41 59
41 68
41 71
41 77
41 79
41 80
41 86
41 88
41 89
41 90
41 98
42 3
42 9
42 13
42 16
42 17
42 20
42 22
42 23
42 24
42 27
42 30
42 36
42 38
42 40
42 41
42 43
42 44
42 50
42 51
42 56
42 61
42 63
42 64
42 65
42 71
42 73
42 74
42 80
42 87
42 89
42 94
43 6
43 9
43 11
43 12
43 13
43 15
43 23
43 29
43 30
43 31
43 32
43 33
43 39
43 41
43 42
43 44
43 47
43 49
43 50
43 56
43 59
43 64
43 66
43 73
43 74
43 77
43 78
43 79
43 80
43 84
43 98
44 2
44 11
44 19
44 22
44 24
44 28
44 30
44 31
44 34
44 35
44 40
44 41
44 42
44 43
44 47
44 49
44 50
44 52
44 54
44 63
44 65
44 66
44 73
44 77
44 78
44 79
44 80
44 87
44 88
44 89
44 98
45 1
45 2
45 4
45 7
45 14
45 18
45 25
45 37
45 46
45 52
45 53
45 57
45 58
45 60
45 61
45 67
45 69
45 72
45 75
45 76
45 81
45 82
45 83
45 91
45 92
45 94
45 95
45 96
45 97
45 99
45 100
46 5
46 10
46 14
46 21
46 25
46 37
46 45
46 49
46 52
46 53
46 55
46 57
46 58
46 60
46 62
46 67
46 69
46 70
46 72
46 75
46 76
46 81
46 82
46 83
46 91
46 92
46 94
46 95
46 96
46 97
46 99
46 100
47 3
47 12
47 13
47 15
47 17
47 20
47 22
47 28
47 30
47 33
47 34
47 36
47 39
47 40
47 41
47 43
47 44
47 49
47 54
47 56
47 59
47 61
47 63
47 66
47 68
47 72
47 73
47 77
47 78
47 84
47 98
48 1
48 4
48 5
48 7
48 10
48 14
48 18
48 21
48 25
48 37
48 53
48 55
48 57
48 58
48 60
48 62
48 67
48 69
48 70
48 75
48 76
48 78
48 81
48 83
48 91
48 92
48 94
48 95
48 96
48 97
48 99
48 100
49 2
49 6
49 8
49 11
49 15
49 16
49 24
49 27
49 29
49 30
49 31
49 32
49 36
49 38
49 40
49 43
49 44
49 46
49 47
49 56
49 61
49 63
49 64
49 66
49 68
49 73
49 78
49 79
49 80
49 87
49 89
49 98
50 13
50 19
50 20
50 22
50 23
50 24
50 29
50 32
50 33
50 36
50 40
50 42
50 43
50 44
50 54
50 59
50 63
50 64
50 66
50 68
50 71
50 74
50 77
50 78
50 80
50 84
50 87
50 88
50 89
50 93
50 98
50 100
51 2
51 3
51 12
51 13
51 16
51 17
51 19
51 20
51 23
51 27
51 29
51 32
51 33
51 35
51 36
51 38
51 40
51 41
51 42
51 59
51 61
51 64
51 66
51 68
51 74
51 79
51 80
51 85
51 86
51 87
51 88
51 90
52 4
52 5
52 7
52 21
52 25
52 37
52 44
52 45
52 46
52 53
52 55
52 57
52 58
52 60
52 67
52 69
52 70
52 72
52 75
52 76
52 77
52 81
52 82
52 83
52 91
52 92
52 94
52 95
52 96
52 97
52 99
52 100
53 1
53 7
53 10
53 14
53 16
53 21
53 25
53 45
53 46
53 48
53 52
53 57
53 60
53 62
53 67
53 69
53 70
53 72
53 75
53 76
53 81
53 82
53 83
53 87
53 91
53 92
53 94
53 95
53 96
53 97
53 99
53 100
54 8
54 15
54 16
54 17
54 19
54 22
54 24
54 30
54 32
54 36
54 38
54 41
54 44
54 47
54 50
54 61
54 63
54 64
54 67
54 68
54 71
54 73
54 77
54 78
54 79
54 80
54 85
54 86
54 87
54 88
54 89
54 93
55 1
55 4
55 7
55 18
55 21
55 25
55 37
55 46
55 48
55 52
55 57
55 58
55 60
55 62
55 67
55 68
55 69
55 70
55 72
55 75
55 76
55 82
55 83
55 86
55 91
55 92
55 94
55 95
55 96
55 97
55 99
55 100
56 2
56 8
56 9
56 15
56 17
56 19
56 27
56 31
56 34
56 36
56 38
56 39
56 41
56 42
56 43
56 47
56 49
56 59
56 61
56 63
56 68
56 71
56 73
56 74
56 77
56 80
56 84
56 85
56 87
56 89
56 93
56 98
57 1
57 4
57 5
57 7
57 18
57 21
57 25
57 37
57 45
57 46
57 48
57 52
57 53
57 55
57 58
57 60
57 62
57 67
57 69
57 70
57 72
57 76
57 81
57 82
57 83
57 89
57 91
57 92
57 94
57 95
57 96
57 97
57 99
58 1
58 4
58 5
58 7
58 9
58 10
58 14
58 21
58 25
58 45
58 46
58 48
58 52
58 55
58 57
58 62
58 67
58 69
58 70
58 72
58 75
58 76
58 81
58 83
58 84
58 91
58 92
58 94
58 95
58 96
58 97
58 99
58 100
59 3
59 9
59 10
59 12
59 13
59 15
59 17
59 20
59 23
59 27
59 30
59 31
59 33
59 35
59 38
59 40
59 41
59 43
59 47
59 50
59 51
59 56
59 61
59 64
59 65
59 66
59 77
59 78
59 85
59 86
59 88
59 89
59 93
60 4
60 7
60 10
60 14
60 18
60 21
60 25
60 28
60 32
60 45
60 46
60 48
60 52
60 53
60 55
60 57
60 62
60 67
60 69
60 72
60 75
60 76
60 81
60 82
60 83
60 91
60 92
60 94
60 95
60 96
60 97
60 99
60 100
61 2
61 3
61 9
61 11
61 13
61 15
61 20
61 22
61 28
61 29
61 32
61 34
61 36
61 42
61 45
61 47
61 49
61 51
61 54
61 56
61 59
61 63
61 64
61 65
61 66
61 73
61 78
61 79
61 84
61 86
61 89
61 90
61 93
62 1
62 5
62 7
62 10
62 14
62 15
62 18
62 21
62 25
62 37
62 46
62 48
62 53
62 55
62 57
62 58
62 60
62 65
62 67
62 69
62 72
62 75
62 76
62 81
62 82
62 83
62 91
62 92
62 94
62 96
62 97
62 99
62 100
63 2
63 3
63 6
63 11
63 12
63 15
63 17
63 20
63 26
63 29
63 30
63 31
63 33
63 34
63 36
63 40
63 42
63 44
63 47
63 49
63 50
63 54
63 56
63 61
63 71
63 73
63 74
63 84
63 88
63 93
63 96
63 98
64 2
64 8
64 16
64 19
64 20
64 26
64 27
64 30
64 31
64 33
64 34
64 35
64 38
64 42
64 43
64 49
64 50
64 51
64 54
64 59
64 61
64 65
64 68
64 78
64 79
64 84
64 85
64 86
64 87
64 90
64 93
64 95
64 98
65 2
65 9
65 11
65 13
65 16
65 17
65 20
65 23
65 24
65 26
65 27
65 28
65 29
65 30
65 31
65 35
65 36
65 40
65 42
65 44
65 59
65 61
65 62
65 64
65 66
65 68
65 74
65 77
65 78
65 84
65 85
65 88
65 99
66 6
66 9
66 12
66 19
66 20
66 26
66 27
66 30
66 33
66 34
66 35
66 36
66 38
66 43
66 44
66 47
66 49
66 50
66 51
66 59
66 61
66 65
66 68
66 70
66 71
66 74
66 75
66 77
66 78
66 84
66 85
66 87
66 98
67 1
67 4
67 7
67 10
67 14
67 21
67 25
67 39
67 45
67 46
67 48
67 52
67 53
67 54
67 55
67 57
67 58
67 60
67 62
67 69
67 70
67 72
67 75
67 76
67 81
67 82
67 83
67 91
67 94
67 95
67 96
67 97
67 99
67 100
68 3
68 15
68 16
68 19
68 20
68 26
68 27
68 31
68 32
68 33
68 35
68 38
68 40
68 41
68 47
68 49
68 50
68 51
68 54
68 55
68 56
68 64
68 65
68 66
68 71
68 74
68 79
68 80
68 84
68 85
68 88
68 93
68 98
69 1
69 5
69 6
69 7
69 10
69 18
69 21
69 25
69 37
69 45
69 46
69 48
69 52
69 53
69 55
69 57
69 58
69 60
69 62
69 67
69 70
69 72
69 75
69 76
69 81
69 82
69 83
69 91
69 92
69 94
69 95
69 96
69 97
69 100
70 1
70 4
70 5
70 10
70 14
70 18
70 21
70 25
70 37
70 46
70 48
70 52
70 53
70 55
70 57
70 58
70 66
70 67
70 69
70 72
70 75
70 76
70 81
70 82
70 83
70 91
70 92
70 93
70 94
70 95
70 96
70 97
70 99
70 100
71 3
71 6
71 7
71 11
71 12
71 13
71 16
71 17
71 24
71 27
71 28
71 32
71 33
71 38
71 39
71 41
71 42
71 50
71 54
71 56
71 63
71 66
71 68
71 77
71 79
71 84
71 85
71 86
71 87
71 88
71 89
71 90
71 93
71 98
72 1
72 4
72 5
72 7
72 14
72 18
72 21
72 37
72 45
72 46
72 47
72 52
72 53
72 55
72 57
72 58
72 60
72 62
72 67
72 69
72 70
72 75
72 76
72 81
72 82
72 83
72 91
72 92
72 94
72 95
72 96
72 97
72 99
72 100
73 6
73 8
73 10
73 11
73 13
73 16
73 22
73 23
73 28
73 29
73 30
73 32
73 33
73 36
73 38
73 39
73 42
73 43
73 44
73 47
73 49
73 54
73 56
73 61
73 63
73 77
73 78
73 79
73 80
73 86
73 89
73 90
73 93
73 99
74 2
74 3
74 8
74 9
74 19
74 22
74 26
74 27
74 30
74 32
74 33
74 34
74 36
74 38
74 40
74 42
74 43
74 50
74 51
74 56
74 63
74 65
74 66
74 68
74 78
74 79
74 84
74 85
74 86
74 87
74 88
74 93
74 96
75 4
75 5
75 10
75 14
75 18
75 25
75 27
75 37
75 45
75 46
75 48
75 52
75 53
75 55
75 58
75 60
75 62
75 66
75 67
75 69
75 70
75 72
75 76
75 81
75 82
75 83
75 91
75 92
75 94
75 95
75 96
75 97
75 99
75 100
76 1
76 4
76 5
76 7
76 10
76 14
76 18
76 25
76 45
76 46
76 48
76 52
76 53
76 55
76 57
76 58
76 60
76 62
76 67
76 69
76 70
76 72
76 75
76 80
76 81
76 82
76 83
76 91
76 92
76 94
76 95
76 96
76 97
76 99
76 100
77 2
77 6
77 9
77 11
77 12
77 13
77 16
77 19
77 22
77 24
77 26
77 28
77 29
77 35
77 39
77 40
77 41
77 43
77 44
77 47
77 50
77 52
77 54
77 56
77 59
77 65
77 66
77 71
77 73
77 78
77 85
77 86
77 88
77 90
77 98
78 3
78 9
78 16
78 19
78 22
78 28
78 29
78 30
78 32
78 34
78 36
78 39
78 43
78 44
78 47
78 48
78 49
78 50
78 54
78 59
78 61
78 64
78 65
78 66
78 73
78 74
78 77
78 79
78 80
78 85
78 88
78 89
78 90
78 94
78 98
79 3
79 8
79 12
79 13
79 15
79 19
79 20
79 22
79 24
79 27
79 29
79 30
79 31
79 33
79 37
79 38
79 40
79 41
79 43
79 44
79 49
79 51
79 54
79 61
79 64
79 68
79 71
79 73
79 74
79 78
79 81
79 89
79 90
79 93
79 98
80 2
80 8
80 9
80 11
80 15
80 16
80 24
80 27
80 29
80 30
80 33
80 34
80 35
80 39
80 41
80 42
80 43
80 44
80 49
80 50
80 51
80 54
80 56
80 68
80 73
80 76
80 78
80 84
80 85
80 87
80 88
80 89
80 90
80 93
80 98
81 1
81 4
81 5
81 7
81 18
81 21
81 25
81 37
81 45
81 46
81 48
81 52
81 53
81 57
81 58
81 60
81 62
81 67
81 69
81 70
81 72
81 75
81 76
81 79
81 82
81 83
81 90
81 91
81 92
81 94
81 95
81 96
81 97
81 99
81 100
82 1
82 4
82 5
82 7
82 10
82 12
82 14
82 21
82 25
82 37
82 45
82 46
82 52
82 53
82 55
82 57
82 60
82 62
82 67
82 69
82 70
82 72
82 75
82 76
82 81
82 83
82 89
82 91
82 92
82 94
82 95
82 96
82 97
82 99
82 100
83 1
83 4
83 5
83 7
83 10
83 14
83 18
83 21
83 37
83 45
83 46
83 48
83 52
83 53
83 55
83 57
83 58
83 60
83 62
83 67
83 69
83 70
83 72
83 75
83 76
83 81
83 82
83 86
83 91
83 92
83 94
83 95
83 96
83 97
83 99
83 100
84 2
84 3
84 6
84 11
84 15
84 16
84 17
84 19
84 20
84 22
84 23
84 24
84 26
84 27
84 28
84 30
84 34
84 36
84 40
84 43
84 47
84 50
84 56
84 58
84 61
84 63
84 64
84 65
84 66
84 68
84 71
84 74
84 80
84 87
84 90
84 98
85 2
85 3
85 5
85 6
85 12
85 13
85 20
85 22
85 23
85 24
85 26
85 28
85 29
85 30
85 33
85 35
85 38
85 40
85 51
85 54
85 56
85 59
85 64
85 65
85 66
85 68
85 71
85 74
85 77
85 78
85 80
85 86
85 87
85 88
85 90
85 93
86 2
86 6
86 9
86 13
86 15
86 19
86 20
86 22
86 24
86 26
86 27
86 28
86 30
86 34
86 35
86 36
86 39
86 40
86 41
86 51
86 54
86 55
86 59
86 61
86 64
86 71
86 73
86 74
86 77
86 83
86 85
86 87
86 88
86 89
86 90
86 98
87 3
87 8
87 9
87 12
87 13
87 16
87 19
87 22
87 23
87 29
87 33
87 35
87 37
87 38
87 40
87 42
87 44
87 49
87 50
87 51
87 53
87 54
87 56
87 64
87 66
87 71
87 74
87 80
87 84
87 85
87 86
87 88
87 89
87 90
87 93
87 98
88 2
88 8
88 11
88 12
88 17
88 19
88 23
88 24
88 27
88 30
88 31
88 33
88 35
88 38
88 39
88 40
88 41
88 44
88 50
88 51
88 54
88 59
88 63
88 65
88 68
88 71
88 74
88 77
88 78
88 80
88 85
88 86
88 87
88 90
89 3
89 6
89 9
89 12
89 13
89 17
89 20
89 22
89 27
89 29
89 30
89 34
89 35
89 36
89 38
89 39
89 41
89 42
89 44
89 49
89 50
89 54
89 56
89 57
89 59
89 61
89 71
89 73
89 78
89 79
89 80
89 82
89 86
89 87
89 90
89 93
90 6
90 8
90 9
90 11
90 12
90 13
90 15
90 17
90 19
90 22
90 23
90 24
90 27
90 28
90 29
90 31
90 38
90 41
90 51
90 61
90 64
90 71
90 73
90 77
90 78
90 79
90 80
90 81
90 84
90 85
90 86
90 87
90 88
90 89
90 98
90 100
91 1
91 4
91 5
91 7
91 10
91 14
91 18
91 21
91 25
91 27
91 45
91 46
91 48
91 52
91 53
91 55
91 57
91 58
91 60
91 62
91 67
91 69
91 70
91 72
91 75
91 76
91 81
91 82
91 83
91 92
91 94
91 95
91 96
91 97
91 99
91 100
92 1
92 4
92 7
92 10
92 14
92 18
92 21
92 22
92 25
92 28
92 37
92 45
92 46
92 48
92 52
92 53
92 55
92 57
92 58
92 60
92 62
92 69
92 70
92 72
92 75
92 76
92 81
92 82
92 83
92 91
92 94
92 95
92 96
92 97
92 99
92 100
93 3
93 6
93 11
93 12
93 15
93 16
93 17
93 20
93 23
93 24
93 26
93 28
93 29
93 31
93 34
93 36
93 38
93 39
93 50
93 54
93 56
93 59
93 61
93 63
93 64
93 68
93 70
93 71
93 73
93 74
93 79
93 80
93 85
93 87
93 89
93 98
94 1
94 4
94 5
94 7
94 10
94 14
94 18
94 21
94 37
94 42
94 45
94 46
94 48
94 52
94 53
94 55
94 57
94 58
94 60
94 62
94 67
94 69
94 70
94 72
94 75
94 76
94 78
94 81
94 82
94 83
94 91
94 92
94 95
94 96
94 97
94 99
94 100
95 1
95 4
95 5
95 7
95 10
95 14
95 18
95 20
95 21
95 25
95 37
95 45
95 46
95 48
95 52
95 53
95 55
95 57
95 58
95 60
95 64
95 67
95 69
95 70
95 72
95 75
95 76
95 81
95 82
95 83
95 91
95 92
95 94
95 96
95 97
95 99
95 100
96 1
96 4
96 5
96 10
96 14
96 18
96 21
96 25
96 37
96 45
96 46
96 48
96 52
96 53
96 55
96 57
96 58
96 60
96 62
96 63
96 67
96 69
96 70
96 72
96 74
96 75
96 76
96 81
96 82
96 83
96 91
96 92
96 94
96 95
96 97
96 99
96 100
97 1
97 4
97 5
97 7
97 10
97 14
97 18
97 21
97 25
97 30
97 37
97 45
97 46
97 48
97 52
97 53
97 55
97 57
97 58
97 60
97 62
97 67
97 69
97 70
97 72
97 75
97 76
97 81
97 82
97 83
97 91
97 92
97 94
97 95
97 96
97 99
97 100
98 6
98 8
98 11
98 16
98 17
98 19
98 20
98 23
98 24
98 26
98 32
98 34
98 35
98 38
98 39
98 40
98 41
98 43
98 44
98 47
98 49
98 50
98 56
98 63
98 64
98 66
98 68
98 71
98 77
98 78
98 79
98 80
98 84
98 86
98 87
98 90
98 93
99 1
99 4
99 5
99 7
99 10
99 14
99 18
99 21
99 25
99 37
99 45
99 46
99 48
99 52
99 53
99 55
99 57
99 58
99 60
99 62
99 65
99 67
99 70
99 72
99 73
99 75
99 76
99 81
99 82
99 83
99 91
99 92
99 94
99 95
99 96
99 97
99 100
100 1
100 4
100 5
100 7
100 10
100 14
100 18
100 21
100 25
100 37
100 45
100 46
100 48
100 50
100 52
100 53
100 55
100 58
100 60
100 62
100 67
100 69
100 70
100 72
100 75
100 76
100 81
100 82
100 83
100 90
100 91
100 92
100 94
100 95
100 96
100 97
100 99
101.0 102.0 103.0 104.0 105.0 106.0 107.0 108.0 109.0 110.0 111.0 112.0 113.0 114.0 115.0 116.0 117.0 118.0 119.0 120.0 121.0 122.0 123.0 124.0 125.0 126.0 127.0 128.0 129.0 130.0 131.0 132.0 133.0 134.0 135.0 136.0 137.0 138.0 139.0 140.0 141.0 142.0 143.0 144.0 145.0 146.0 147.0 148.0 149.0 150.0 151.0 152.0 153.0 154.0 155.0 156.0 157.0 158.0 159.0 160.0 161.0 162.0 163.0 164.0 165.0 166.0 167.0 168.0 169.0 170.0 171.0 172.0 173.0 174.0 175.0 176.0 177.0 178.0 179.0 180.0 181.0 182.0 183.0 184.0 185.0 186.0 187.0 188.0 189.0 190.0 191.0 192.0 193.0 194.0 195.0 196.0 197.0 198.0 199.0 200.0
3198
101.0 104.0
101.0 110.0
101.0 114.0
101.0 126.0
101.0 137.0
101.0 145.0
101.0 148.0
101.0 153.0
101.0 155.0
101.0 157.0
101.0 158.0
101.0 162.0
101.0 167.0
101.0 169.0
101.0 170.0
101.0 172.0
101.0 176.0
101.0 181.0
101.0 182.0
101.0 183.0
101.0 191.0
101.0 192.0
101.0 194.0
101.0 195.0
101.0 196.0
101.0 197.0
101.0 199.0
101.0 200.0
102.0 103.0
102.0 109.0
102.0 112.0
102.0 113.0
102.0 119.0
102.0 123.0
102.0 126.0
102.0 127.0
102.0 131.0
102.0 132.0
102.0 136.0
102.0 138.0
102.0 144.0
102.0 145.0
102.0 149.0
102.0 151.0
102.0 156.0
102.0 161.0
102.0 163.0
102.0 164.0
102.0 165.0
102.0 174.0
102.0 177.0
102.0 180.0
102.0 184.0
102.0 185.0
102.0 186.0
102.0 188.0
103.0 102.0
103.0 109.0
103.0 115.0
103.0 120.0
103.0 123.0
103.0 129.0
103.0 131.0
103.0 133.0
103.0 136.0
103.0 139.0
103.0 140.0
103.0 141.0
103.0 142.0
103.0 147.0
103.0 151.0
103.0 159.0
103.0 161.0
103.0 163.0
103.0 168.0
103.0 171.0
103.0 174.0
103.0 178.0
103.0 179.0
103.0 184.0
103.0 185.0
103.0 187.0
103.0 189.0
103.0 193.0
104.0 101.0
104.0 118.0
104.0 125.0
104.0 137.0
104.0 139.0
104.0 145.0
104.0 148.0
104.0 152.0
104.0 155.0
104.0 157.0
104.0 158.0
104.0 160.0
104.0 167.0
104.0 170.0
104.0 172.0
104.0 175.0
104.0 176.0
104.0 181.0
104.0 182.0
104.0 183.0
104.0 191.0
104.0 192.0
104.0 194.0
104.0 195.0
104.0 196.0
104.0 197.0
104.0 199.0
104.0 200.0
105.0 110.0
105.0 114.0
105.0 121.0
105.0 124.0
105.0 125.0
105.0 137.0
105.0 146.0
105.0 148.0
105.0 152.0
105.0 157.0
105.0 158.0
105.0 162.0
105.0 169.0
105.0 170.0
105.0 172.0
105.0 175.0
105.0 176.0
105.0 181.0
105.0 182.0
105.0 183.0
105.0 185.0
105.0 191.0
105.0 194.0
105.0 195.0
105.0 196.0
105.0 197.0
105.0 199.0
105.0 200.0
106.0 108.0
106.0 109.0
106.0 112.0
106.0 113.0
106.0 122.0
106.0 128.0
106.0 131.0
106.0 132.0
106.0 133.0
106.0 135.0
106.0 136.0
106.0 140.0
106.0 141.0
106.0 143.0
106.0 149.0
106.0 163.0
106.0 166.0
106.0 169.0
106.0 171.0
106.0 173.0
106.0 177.0
106.0 184.0
106.0 185.0
106.0 186.0
106.0 189.0
106.0 190.0
106.0 193.0
106.0 198.0
107.0 110.0
107.0 114.0
107.0 118.0
107.0 137.0
107.0 145.0
107.0 148.0
107.0 152.0
107.0 153.0
107.0 155.0
107.0 157.0
107.0 158.0
107.0 160.0
107.0 162.0
107.0 167.0
107.0 169.0
107.0 171.0
107.0 172.0
107.0 176.0
107.0 181.0
107.0 182.0
107.0 183.0
107.0 191.0
107.0 192.0
107.0 194.0
107.0 195.0
107.0 197.0
107.0 199.0
107.0 200.0
108.0 106.0
108.0 109.0
108.0 111.0
108.0 112.0
108.0 115.0
108.0 119.0
108.0 120.0
108.0 122.0
108.0 126.0
108.0 128.0
108.0 129.0
108.0 132.0
108.0 138.0
108.0 139.0
108.0 141.0
108.0 149.0
108.0 154.0
108.0 156.0
108.0 164.0
108.0 173.0
108.0 174.0
108.0 179.0
108.0 180.0
108.0 187.0
108.0 188.0
108.0 190.0
108.0 198.0
109.0 102.0
109.0 103.0
109.0 106.0
109.0 108.0
109.0 111.0
109.0 112.0
109.0 116.0
109.0 117.0
109.0 119.0
109.0 132.0
109.0 135.0
109.0 136.0
109.0 142.0
109.0 143.0
109.0 156.0
109.0 158.0
109.0 159.0
109.0 161.0
109.0 165.0
109.0 166.0
109.0 174.0
109.0 177.0
109.0 178.0
109.0 180.0
109.0 186.0
109.0 187.0
109.0 189.0
109.0 190.0
110.0 101.0
110.0 105.0
110.0 107.0
110.0 114.0
110.0 118.0
110.0 137.0
110.0 146.0
110.0 148.0
110.0 153.0
110.0 158.0
110.0 159.0
110.0 160.0
110.0 162.0
110.0 167.0
110.0 169.0
110.0 170.0
110.0 173.0
110.0 175.0
110.0 176.0
110.0 182.0
110.0 183.0
110.0 191.0
110.0 192.0
110.0 194.0
110.0 195.0
110.0 196.0
110.0 197.0
110.0 199.0
110.0 200.0
111.0 108.0
111.0 109.0
111.0 113.0
111.0 117.0
111.0 120.0
111.0 121.0
111.0 122.0
111.0 126.0
111.0 129.0
111.0 130.0
111.0 132.0
111.0 138.0
111.0 139.0
111.0 140.0
111.0 143.0
111.0 144.0
111.0 149.0
111.0 161.0
111.0 163.0
111.0 165.0
111.0 171.0
111.0 173.0
111.0 177.0
111.0 180.0
111.0 184.0
111.0 188.0
111.0 190.0
111.0 193.0
111.0 198.0
112.0 102.0
112.0 106.0
112.0 108.0
112.0 109.0
112.0 117.0
112.0 124.0
112.0 126.0
112.0 128.0
112.0 132.0
112.0 134.0
112.0 139.0
112.0 140.0
112.0 141.0
112.0 143.0
112.0 147.0
112.0 151.0
112.0 159.0
112.0 163.0
112.0 166.0
112.0 171.0
112.0 177.0
112.0 179.0
112.0 182.0
112.0 185.0
112.0 187.0
112.0 188.0
112.0 189.0
112.0 190.0
112.0 193.0
113.0 102.0
113.0 106.0
113.0 111.0
113.0 115.0
113.0 124.0
113.0 127.0
113.0 131.0
113.0 132.0
113.0 133.0
113.0 134.0
113.0 138.0
113.0 141.0
113.0 142.0
113.0 143.0
113.0 147.0
113.0 150.0
113.0 151.0
113.0 159.0
113.0 161.0
113.0 165.0
113.0 171.0
113.0 173.0
113.0 177.0
113.0 179.0
113.0 185.0
113.0 186.0
113.0 187.0
113.0 189.0
113.0 190.0
114.0 101.0
114.0 105.0
114.0 107.0
114.0 110.0
114.0 121.0
114.0 123.0
114.0 125.0
114.0 145.0
114.0 146.0
114.0 148.0
114.0 153.0
114.0 158.0
114.0 160.0
114.0 162.0
114.0 167.0
114.0 170.0
114.0 172.0
114.0 175.0
114.0 176.0
114.0 182.0
114.0 183.0
114.0 191.0
114.0 192.0
114.0 194.0
114.0 195.0
114.0 196.0
114.0 197.0
114.0 199.0
114.0 200.0
115.0 103.0
115.0 108.0
115.0 113.0
115.0 116.0
115.0 119.0
115.0 120.0
115.0 122.0
115.0 126.0
115.0 127.0
115.0 128.0
115.0 131.0
115.0 132.0
115.0 139.0
115.0 143.0
115.0 147.0
115.0 149.0
115.0 154.0
115.0 156.0
115.0 159.0
115.0 161.0
115.0 162.0
115.0 163.0
115.0 168.0
115.0 179.0
115.0 180.0
115.0 184.0
115.0 186.0
115.0 190.0
115.0 193.0
116.0 109.0
116.0 115.0
116.0 118.0
116.0 120.0
116.0 126.0
116.0 127.0
116.0 131.0
116.0 133.0
116.0 134.0
116.0 136.0
116.0 139.0
116.0 140.0
116.0 142.0
116.0 149.0
116.0 151.0
116.0 153.0
116.0 154.0
116.0 164.0
116.0 165.0
116.0 168.0
116.0 171.0
116.0 173.0
116.0 177.0
116.0 178.0
116.0 180.0
116.0 184.0
116.0 187.0
116.0 193.0
116.0 198.0
117.0 109.0
117.0 111.0
117.0 112.0
117.0 119.0
117.0 121.0
117.0 123.0
117.0 124.0
117.0 126.0
117.0 130.0
117.0 131.0
117.0 132.0
117.0 133.0
117.0 135.0
117.0 139.0
117.0 142.0
117.0 147.0
117.0 151.0
117.0 154.0
117.0 156.0
117.0 159.0
117.0 163.0
117.0 165.0
117.0 171.0
117.0 184.0
117.0 188.0
117.0 189.0
117.0 190.0
117.0 193.0
117.0 198.0
118.0 104.0
118.0 107.0
118.0 110.0
118.0 116.0
118.0 121.0
118.0 125.0
118.0 134.0
118.0 137.0
118.0 145.0
118.0 148.0
118.0 155.0
118.0 157.0
118.0 160.0
118.0 162.0
118.0 169.0
118.0 170.0
118.0 172.0
118.0 175.0
118.0 176.0
118.0 181.0
118.0 183.0
118.0 191.0
118.0 192.0
118.0 194.0
118.0 195.0
118.0 196.0
118.0 197.0
118.0 199.0
118.0 200.0
119.0 102.0
119.0 108.0
119.0 109.0
119.0 115.0
119.0 117.0
119.0 122.0
119.0 130.0
119.0 131.0
119.0 135.0
119.0 138.0
119.0 141.0
119.0 144.0
119.0 150.0
119.0 151.0
119.0 154.0
119.0 156.0
119.0 164.0
119.0 166.0
119.0 168.0
119.0 174.0
119.0 177.0
119.0 178.0
119.0 179.0
119.0 184.0
119.0 186.0
119.0 187.0
119.0 188.0
119.0 190.0
119.0 198.0
120.0 103.0
120.0 108.0
120.0 111.0
120.0 115.0
120.0 116.0
120.0 122.0
120.0 123.0
120.0 125.0
120.0 126.0
120.0 132.0
120.0 142.0
120.0 147.0
120.0 150.0
120.0 151.0
120.0 159.0
120.0 161.0
120.0 163.0
120.0 164.0
120.0 165.0
120.0 166.0
120.0 168.0
120.0 179.0
120.0 184.0
120.0 185.0
120.0 186.0
120.0 189.0
120.0 193.0
120.0 195.0
120.0 198.0
121.0 105.0
121.0 111.0
121.0 114.0
121.0 117.0
121.0 118.0
121.0 146.0
121.0 148.0
121.0 152.0
121.0 153.0
121.0 155.0
121.0 157.0
121.0 158.0
121.0 160.0
121.0 162.0
121.0 167.0
121.0 169.0
121.0 170.0
121.0 172.0
121.0 181.0
121.0 182.0
121.0 183.0
121.0 191.0
121.0 192.0
121.0 194.0
121.0 195.0
121.0 196.0
121.0 197.0
121.0 199.0
121.0 200.0
122.0 106.0
122.0 108.0
122.0 111.0
122.0 115.0
122.0 119.0
122.0 120.0
122.0 124.0
122.0 126.0
122.0 127.0
122.0 132.0
122.0 135.0
122.0 142.0
122.0 144.0
122.0 147.0
122.0 150.0
122.0 154.0
122.0 161.0
122.0 173.0
122.0 174.0
122.0 177.0
122.0 178.0
122.0 179.0
122.0 184.0
122.0 185.0
122.0 186.0
122.0 187.0
122.0 189.0
122.0 190.0
122.0 192.0
123.0 102.0
123.0 103.0
123.0 114.0
123.0 117.0
123.0 120.0
123.0 124.0
123.0 127.0
123.0 129.0
123.0 130.0
123.0 134.0
123.0 135.0
123.0 139.0
123.0 140.0
123.0 141.0
123.0 142.0
123.0 143.0
123.0 150.0
123.0 151.0
123.0 159.0
123.0 165.0
123.0 173.0
123.0 184.0
123.0 185.0
123.0 187.0
123.0 188.0
123.0 190.0
123.0 193.0
123.0 198.0
124.0 105.0
124.0 112.0
124.0 113.0
124.0 117.0
124.0 122.0
124.0 123.0
124.0 126.0
124.0 127.0
124.0 128.0
124.0 129.0
124.0 131.0
124.0 132.0
124.0 142.0
124.0 144.0
124.0 149.0
124.0 150.0
124.0 154.0
124.0 165.0
124.0 171.0
124.0 177.0
124.0 179.0
124.0 180.0
124.0 184.0
124.0 185.0
124.0 186.0
124.0 188.0
124.0 190.0
124.0 193.0
124.0 198.0
125.0 104.0
125.0 105.0
125.0 114.0
125.0 118.0
125.0 120.0
125.0 137.0
125.0 145.0
125.0 146.0
125.0 148.0
125.0 152.0
125.0 153.0
125.0 155.0
125.0 157.0
125.0 158.0
125.0 160.0
125.0 162.0
125.0 167.0
125.0 169.0
125.0 170.0
125.0 175.0
125.0 176.0
125.0 181.0
125.0 182.0
125.0 191.0
125.0 192.0
125.0 195.0
125.0 196.0
125.0 197.0
125.0 199.0
125.0 200.0
126.0 101.0
126.0 102.0
126.0 108.0
126.0 111.0
126.0 112.0
126.0 115.0
126.0 116.0
126.0 117.0
126.0 120.0
126.0 122.0
126.0 124.0
126.0 128.0
126.0 129.0
126.0 130.0
126.0 132.0
126.0 133.0
126.0 134.0
126.0 135.0
126.0 163.0
126.0 164.0
126.0 165.0
126.0 166.0
126.0 168.0
126.0 174.0
126.0 177.0
126.0 184.0
126.0 185.0
126.0 186.0
126.0 193.0
126.0 198.0
127.0 102.0
127.0 113.0
127.0 115.0
127.0 116.0
127.0 122.0
127.0 123.0
127.0 124.0
127.0 128.0
127.0 134.0
127.0 136.0
127.0 142.0
127.0 149.0
127.0 151.0
127.0 156.0
127.0 159.0
127.0 164.0
127.0 165.0
127.0 166.0
127.0 168.0
127.0 171.0
127.0 174.0
127.0 175.0
127.0 179.0
127.0 180.0
127.0 184.0
127.0 186.0
127.0 188.0
127.0 189.0
127.0 190.0
127.0 191.0
128.0 106.0
128.0 108.0
128.0 112.0
128.0 115.0
128.0 124.0
128.0 126.0
128.0 127.0
128.0 131.0
128.0 132.0
128.0 133.0
128.0 135.0
128.0 138.0
128.0 139.0
128.0 140.0
128.0 141.0
128.0 144.0
128.0 147.0
128.0 160.0
128.0 161.0
128.0 165.0
128.0 171.0
128.0 173.0
128.0 177.0
128.0 178.0
128.0 184.0
128.0 185.0
128.0 186.0
128.0 190.0
128.0 192.0
128.0 193.0
129.0 103.0
129.0 108.0
129.0 111.0
129.0 123.0
129.0 124.0
129.0 126.0
129.0 131.0
129.0 134.0
129.0 135.0
129.0 136.0
129.0 139.0
129.0 140.0
129.0 141.0
129.0 143.0
129.0 149.0
129.0 150.0
129.0 151.0
129.0 161.0
129.0 163.0
129.0 165.0
129.0 173.0
129.0 177.0
129.0 178.0
129.0 179.0
129.0 180.0
129.0 185.0
129.0 187.0
129.0 189.0
129.0 190.0
129.0 193.0
130.0 111.0
130.0 117.0
130.0 119.0
130.0 123.0
130.0 126.0
130.0 136.0
130.0 139.0
130.0 141.0
130.0 142.0
130.0 143.0
130.0 144.0
130.0 147.0
130.0 149.0
130.0 154.0
130.0 159.0
130.0 163.0
130.0 164.0
130.0 165.0
130.0 166.0
130.0 173.0
130.0 174.0
130.0 178.0
130.0 179.0
130.0 180.0
130.0 184.0
130.0 185.0
130.0 186.0
130.0 188.0
130.0 189.0
130.0 197.0
131.0 102.0
131.0 103.0
131.0 106.0
131.0 113.0
131.0 115.0
131.0 116.0
131.0 117.0
131.0 119.0
131.0 124.0
131.0 128.0
131.0 129.0
131.0 135.0
131.0 136.0
131.0 138.0
131.0 139.0
131.0 141.0
131.0 143.0
131.0 144.0
131.0 149.0
131.0 156.0
131.0 159.0
131.0 163.0
131.0 164.0
131.0 165.0
131.0 168.0
131.0 179.0
131.0 188.0
131.0 190.0
131.0 193.0
132.0 102.0
132.0 106.0
132.0 108.0
132.0 109.0
132.0 111.0
132.0 112.0
132.0 113.0
132.0 115.0
132.0 117.0
132.0 120.0
132.0 122.0
132.0 124.0
132.0 126.0
132.0 128.0
132.0 133.0
132.0 134.0
132.0 135.0
132.0 143.0
132.0 149.0
132.0 150.0
132.0 151.0
132.0 154.0
132.0 160.0
132.0 161.0
132.0 168.0
132.0 171.0
132.0 173.0
132.0 174.0
132.0 178.0
132.0 198.0
133.0 103.0
133.0 106.0
133.0 113.0
133.0 116.0
133.0 117.0
133.0 126.0
133.0 128.0
133.0 132.0
133.0 134.0
133.0 139.0
133.0 140.0
133.0 141.0
133.0 143.0
133.0 147.0
133.0 150.0
133.0 151.0
133.0 159.0
133.0 163.0
133.0 164.0
133.0 166.0
133.0 168.0
133.0 171.0
133.0 173.0
133.0 174.0
133.0 179.0
133.0 180.0
133.0 185.0
133.0 187.0
133.0 188.0
134.0 112.0
134.0 113.0
134.0 116.0
134.0 118.0
134.0 123.0
134.0 126.0
134.0 127.0
134.0 129.0
134.0 132.0
134.0 133.0
134.0 135.0
134.0 136.0
134.0 140.0
134.0 141.0
134.0 144.0
134.0 147.0
134.0 156.0
134.0 161.0
134.0 163.0
134.0 164.0
134.0 166.0
134.0 174.0
134.0 178.0
134.0 180.0
134.0 184.0
134.0 186.0
134.0 189.0
134.0 193.0
134.0 198.0
135.0 106.0
135.0 109.0
135.0 117.0
135.0 119.0
135.0 122.0
135.0 123.0
135.0 126.0
135.0 128.0
135.0 129.0
135.0 131.0
135.0 132.0
135.0 134.0
135.0 138.0
135.0 139.0
135.0 144.0
135.0 151.0
135.0 159.0
135.0 164.0
135.0 165.0
135.0 166.0
135.0 168.0
135.0 177.0
135.0 180.0
135.0 185.0
135.0 186.0
135.0 187.0
135.0 188.0
135.0 189.0
135.0 198.0
136.0 102.0
136.0 103.0
136.0 106.0
136.0 109.0
136.0 116.0
136.0 127.0
136.0 129.0
136.0 130.0
136.0 131.0
136.0 134.0
136.0 138.0
136.0 142.0
136.0 147.0
136.0 149.0
136.0 150.0
136.0 151.0
136.0 154.0
136.0 156.0
136.0 161.0
136.0 163.0
136.0 165.0
136.0 166.0
136.0 173.0
136.0 174.0
136.0 178.0
136.0 184.0
136.0 186.0
136.0 189.0
136.0 193.0
137.0 101.0
137.0 104.0
137.0 105.0
137.0 107.0
137.0 110.0
137.0 118.0
137.0 125.0
137.0 145.0
137.0 146.0
137.0 148.0
137.0 152.0
137.0 155.0
137.0 157.0
137.0 162.0
137.0 169.0
137.0 170.0
137.0 172.0
137.0 175.0
137.0 179.0
137.0 181.0
137.0 182.0
137.0 183.0
137.0 187.0
137.0 192.0
137.0 194.0
137.0 195.0
137.0 196.0
137.0 197.0
137.0 199.0
137.0 200.0
138.0 102.0
138.0 108.0
138.0 111.0
138.0 113.0
138.0 119.0
138.0 128.0
138.0 131.0
138.0 135.0
138.0 136.0
138.0 139.0
138.0 142.0
138.0 149.0
138.0 151.0
138.0 154.0
138.0 156.0
138.0 159.0
138.0 164.0
138.0 166.0
138.0 168.0
138.0 171.0
138.0 173.0
138.0 174.0
138.0 179.0
138.0 185.0
138.0 187.0
138.0 188.0
138.0 189.0
138.0 190.0
138.0 193.0
138.0 198.0
139.0 103.0
139.0 104.0
139.0 108.0
139.0 111.0
139.0 112.0
139.0 115.0
139.0 116.0
139.0 117.0
139.0 123.0
139.0 128.0
139.0 129.0
139.0 130.0
139.0 131.0
139.0 133.0
139.0 135.0
139.0 138.0
139.0 140.0
139.0 143.0
139.0 147.0
139.0 156.0
139.0 167.0
139.0 171.0
139.0 173.0
139.0 177.0
139.0 178.0
139.0 180.0
139.0 186.0
139.0 188.0
139.0 189.0
139.0 193.0
139.0 198.0
140.0 103.0
140.0 106.0
140.0 111.0
140.0 112.0
140.0 116.0
140.0 123.0
140.0 128.0
140.0 129.0
140.0 133.0
140.0 134.0
140.0 139.0
140.0 142.0
140.0 144.0
140.0 147.0
140.0 149.0
140.0 150.0
140.0 151.0
140.0 159.0
140.0 163.0
140.0 165.0
140.0 168.0
140.0 174.0
140.0 177.0
140.0 179.0
140.0 184.0
140.0 185.0
140.0 186.0
140.0 187.0
140.0 188.0
140.0 198.0
141.0 103.0
141.0 106.0
141.0 108.0
141.0 112.0
141.0 113.0
141.0 119.0
141.0 123.0
141.0 128.0
141.0 129.0
141.0 130.0
141.0 131.0
141.0 133.0
141.0 134.0
141.0 142.0
141.0 143.0
141.0 144.0
141.0 147.0
141.0 151.0
141.0 154.0
141.0 156.0
141.0 159.0
141.0 168.0
141.0 171.0
141.0 177.0
141.0 179.0
141.0 180.0
141.0 186.0
141.0 188.0
141.0 189.0
141.0 190.0
141.0 198.0
142.0 103.0
142.0 109.0
142.0 113.0
142.0 116.0
142.0 117.0
142.0 120.0
142.0 122.0
142.0 123.0
142.0 124.0
142.0 127.0
142.0 130.0
142.0 136.0
142.0 138.0
142.0 140.0
142.0 141.0
142.0 143.0
142.0 144.0
142.0 150.0
142.0 151.0
142.0 156.0
142.0 161.0
142.0 163.0
142.0 164.0
142.0 165.0
142.0 171.0
142.0 173.0
142.0 174.0
142.0 180.0
142.0 187.0
142.0 189.0
142.0 194.0
143.0 106.0
143.0 109.0
143.0 111.0
143.0 112.0
143.0 113.0
143.0 115.0
143.0 123.0
143.0 129.0
143.0 130.0
143.0 131.0
143.0 132.0
143.0 133.0
143.0 139.0
143.0 141.0
143.0 142.0
143.0 144.0
143.0 147.0
143.0 149.0
143.0 150.0
143.0 156.0
143.0 159.0
143.0 164.0
143.0 166.0
143.0 173.0
143.0 174.0
143.0 177.0
143.0 178.0
143.0 179.0
143.0 180.0
143.0 184.0
143.0 198.0
144.0 102.0
144.0 111.0
144.0 119.0
144.0 122.0
144.0 124.0
144.0 128.0
144.0 130.0
144.0 131.0
144.0 134.0
144.0 135.0
144.0 140.0
144.0 141.0
144.0 142.0
144.0 143.0
144.0 147.0
144.0 149.0
144.0 150.0
144.0 152.0
144.0 154.0
144.0 163.0
144.0 165.0
144.0 166.0
144.0 173.0
144.0 177.0
144.0 178.0
144.0 179.0
144.0 180.0
144.0 187.0
144.0 188.0
144.0 189.0
144.0 198.0
145.0 101.0
145.0 102.0
145.0 104.0
145.0 107.0
145.0 114.0
145.0 118.0
145.0 125.0
145.0 137.0
145.0 146.0
145.0 152.0
145.0 153.0
145.0 157.0
145.0 158.0
145.0 160.0
145.0 161.0
145.0 167.0
145.0 169.0
145.0 172.0
145.0 175.0
145.0 176.0
145.0 181.0
145.0 182.0
145.0 183.0
145.0 191.0
145.0 192.0
145.0 194.0
145.0 195.0
145.0 196.0
145.0 197.0
145.0 199.0
145.0 200.0
146.0 105.0
146.0 110.0
146.0 114.0
146.0 121.0
146.0 125.0
146.0 137.0
146.0 145.0
146.0 149.0
146.0 152.0
146.0 153.0
146.0 155.0
146.0 157.0
146.0 158.0
146.0 160.0
146.0 162.0
146.0 167.0
146.0 169.0
146.0 170.0
146.0 172.0
146.0 175.0
146.0 176.0
146.0 181.0
146.0 182.0
146.0 183.0
146.0 191.0
146.0 192.0
146.0 194.0
146.0 195.0
146.0 196.0
146.0 197.0
146.0 199.0
146.0 200.0
147.0 103.0
147.0 112.0
147.0 113.0
147.0 115.0
147.0 117.0
147.0 120.0
147.0 122.0
147.0 128.0
147.0 130.0
147.0 133.0
147.0 134.0
147.0 136.0
147.0 139.0
147.0 140.0
147.0 141.0
147.0 143.0
147.0 144.0
147.0 149.0
147.0 154.0
147.0 156.0
147.0 159.0
147.0 161.0
147.0 163.0
147.0 166.0
147.0 168.0
147.0 172.0
147.0 173.0
147.0 177.0
147.0 178.0
147.0 184.0
147.0 198.0
148.0 101.0
148.0 104.0
148.0 105.0
148.0 107.0
148.0 110.0
148.0 114.0
148.0 118.0
148.0 121.0
148.0 125.0
148.0 137.0
148.0 153.0
148.0 155.0
148.0 157.0
148.0 158.0
148.0 160.0
148.0 162.0
148.0 167.0
148.0 169.0
148.0 170.0
148.0 175.0
148.0 176.0
148.0 178.0
148.0 181.0
148.0 183.0
148.0 191.0
148.0 192.0
148.0 194.0
148.0 195.0
148.0 196.0
148.0 197.0
148.0 199.0
148.0 200.0
149.0 102.0
149.0 106.0
149.0 108.0
149.0 111.0
149.0 115.0
149.0 116.0
149.0 124.0
149.0 127.0
149.0 129.0
149.0 130.0
149.0 131.0
149.0 132.0
149.0 136.0
149.0 138.0
149.0 140.0
149.0 143.0
149.0 144.0
149.0 146.0
149.0 147.0
149.0 156.0
149.0 161.0
149.0 163.0
149.0 164.0
149.0 166.0
149.0 168.0
149.0 173.0
149.0 178.0
149.0 179.0
149.0 180.0
149.0 187.0
149.0 189.0
149.0 198.0
150.0 113.0
150.0 119.0
150.0 120.0
150.0 122.0
150.0 123.0
150.0 124.0
150.0 129.0
150.0 132.0
150.0 133.0
150.0 136.0
150.0 140.0
150.0 142.0
150.0 143.0
150.0 144.0
150.0 154.0
150.0 159.0
150.0 163.0
150.0 164.0
150.0 166.0
150.0 168.0
150.0 171.0
150.0 174.0
150.0 177.0
150.0 178.0
150.0 180.0
150.0 184.0
150.0 187.0
150.0 188.0
150.0 189.0
150.0 193.0
150.0 198.0
150.0 200.0
151.0 102.0
151.0 103.0
151.0 112.0
151.0 113.0
151.0 116.0
151.0 117.0
151.0 119.0
151.0 120.0
151.0 123.0
151.0 127.0
151.0 129.0
151.0 132.0
151.0 133.0
151.0 135.0
151.0 136.0
151.0 138.0
151.0 140.0
151.0 141.0
151.0 142.0
151.0 159.0
151.0 161.0
151.0 164.0
151.0 166.0
151.0 168.0
151.0 174.0
151.0 179.0
151.0 180.0
151.0 185.0
151.0 186.0
151.0 187.0
151.0 188.0
151.0 190.0
152.0 104.0
152.0 105.0
152.0 107.0
152.0 121.0
152.0 125.0
152.0 137.0
152.0 144.0
152.0 145.0
152.0 146.0
152.0 153.0
152.0 155.0
152.0 157.0
152.0 158.0
152.0 160.0
152.0 167.0
152.0 169.0
152.0 170.0
152.0 172.0
152.0 175.0
152.0 176.0
152.0 177.0
152.0 181.0
152.0 182.0
152.0 183.0
152.0 191.0
152.0 192.0
152.0 194.0
152.0 195.0
152.0 196.0
152.0 197.0
152.0 199.0
152.0 200.0
153.0 101.0
153.0 107.0
153.0 110.0
153.0 114.0
153.0 116.0
153.0 121.0
153.0 125.0
153.0 145.0
153.0 146.0
153.0 148.0
153.0 152.0
153.0 157.0
153.0 160.0
153.0 162.0
153.0 167.0
153.0 169.0
153.0 170.0
153.0 172.0
153.0 175.0
153.0 176.0
153.0 181.0
153.0 182.0
153.0 183.0
153.0 187.0
153.0 191.0
153.0 192.0
153.0 194.0
153.0 195.0
153.0 196.0
153.0 197.0
153.0 199.0
153.0 200.0
154.0 108.0
154.0 115.0
154.0 116.0
154.0 117.0
154.0 119.0
154.0 122.0
154.0 124.0
154.0 130.0
154.0 132.0
154.0 136.0
154.0 138.0
154.0 141.0
154.0 144.0
154.0 147.0
154.0 150.0
154.0 161.0
154.0 163.0
154.0 164.0
154.0 167.0
154.0 168.0
154.0 171.0
154.0 173.0
154.0 177.0
154.0 178.0
154.0 179.0
154.0 180.0
154.0 185.0
154.0 186.0
154.0 187.0
154.0 188.0
154.0 189.0
154.0 193.0
155.0 101.0
155.0 104.0
155.0 107.0
155.0 118.0
155.0 121.0
155.0 125.0
155.0 137.0
155.0 146.0
155.0 148.0
155.0 152.0
155.0 157.0
155.0 158.0
155.0 160.0
155.0 162.0
155.0 167.0
155.0 168.0
155.0 169.0
155.0 170.0
155.0 172.0
155.0 175.0
155.0 176.0
155.0 182.0
155.0 183.0
155.0 186.0
155.0 191.0
155.0 192.0
155.0 194.0
155.0 195.0
155.0 196.0
155.0 197.0
155.0 199.0
155.0 200.0
156.0 102.0
156.0 108.0
156.0 109.0
156.0 115.0
156.0 117.0
156.0 119.0
156.0 127.0
156.0 131.0
156.0 134.0
156.0 136.0
156.0 138.0
156.0 139.0
156.0 141.0
156.0 142.0
156.0 143.0
156.0 147.0
156.0 149.0
156.0 159.0
156.0 161.0
156.0 163.0
156.0 168.0
156.0 171.0
156.0 173.0
156.0 174.0
156.0 177.0
156.0 180.0
156.0 184.0
156.0 185.0
156.0 187.0
156.0 189.0
156.0 193.0
156.0 198.0
157.0 101.0
157.0 104.0
157.0 105.0
157.0 107.0
157.0 118.0
157.0 121.0
157.0 125.0
157.0 137.0
157.0 145.0
157.0 146.0
157.0 148.0
157.0 152.0
157.0 153.0
157.0 155.0
157.0 158.0
157.0 160.0
157.0 162.0
157.0 167.0
157.0 169.0
157.0 170.0
157.0 172.0
157.0 176.0
157.0 181.0
157.0 182.0
157.0 183.0
157.0 189.0
157.0 191.0
157.0 192.0
157.0 194.0
157.0 195.0
157.0 196.0
157.0 197.0
157.0 199.0
158.0 101.0
158.0 104.0
158.0 105.0
158.0 107.0
158.0 109.0
158.0 110.0
158.0 114.0
158.0 121.0
158.0 125.0
158.0 145.0
158.0 146.0
158.0 148.0
158.0 152.0
158.0 155.0
158.0 157.0
158.0 162.0
158.0 167.0
158.0 169.0
158.0 170.0
158.0 172.0
158.0 175.0
158.0 176.0
158.0 181.0
158.0 183.0
158.0 184.0
158.0 191.0
158.0 192.0
158.0 194.0
158.0 195.0
158.0 196.0
158.0 197.0
158.0 199.0
158.0 200.0
159.0 103.0
159.0 109.0
159.0 110.0
159.0 112.0
159.0 113.0
159.0 115.0
159.0 117.0
159.0 120.0
159.0 123.0
159.0 127.0
159.0 130.0
159.0 131.0
159.0 133.0
159.0 135.0
159.0 138.0
159.0 140.0
159.0 141.0
159.0 143.0
159.0 147.0
159.0 150.0
159.0 151.0
159.0 156.0
159.0 161.0
159.0 164.0
159.0 165.0
159.0 166.0
159.0 177.0
159.0 178.0
159.0 185.0
159.0 186.0
159.0 188.0
159.0 189.0
159.0 193.0
160.0 104.0
160.0 107.0
160.0 110.0
160.0 114.0
160.0 118.0
160.0 121.0
160.0 125.0
160.0 128.0
160.0 132.0
160.0 145.0
160.0 146.0
160.0 148.0
160.0 152.0
160.0 153.0
160.0 155.0
160.0 157.0
160.0 162.0
160.0 167.0
160.0 169.0
160.0 172.0
160.0 175.0
160.0 176.0
160.0 181.0
160.0 182.0
160.0 183.0
160.0 191.0
160.0 192.0
160.0 194.0
160.0 195.0
160.0 196.0
160.0 197.0
160.0 199.0
160.0 200.0
161.0 102.0
161.0 103.0
161.0 109.0
161.0 111.0
161.0 113.0
161.0 115.0
161.0 120.0
161.0 122.0
161.0 128.0
161.0 129.0
161.0 132.0
161.0 134.0
161.0 136.0
161.0 142.0
161.0 145.0
161.0 147.0
161.0 149.0
161.0 151.0
161.0 154.0
161.0 156.0
161.0 159.0
161.0 163.0
161.0 164.0
161.0 165.0
161.0 166.0
161.0 173.0
161.0 178.0
161.0 179.0
161.0 184.0
161.0 186.0
161.0 189.0
161.0 190.0
161.0 193.0
162.0 101.0
162.0 105.0
162.0 107.0
162.0 110.0
162.0 114.0
162.0 115.0
162.0 118.0
162.0 121.0
162.0 125.0
162.0 137.0
162.0 146.0
162.0 148.0
162.0 153.0
162.0 155.0
162.0 157.0
162.0 158.0
162.0 160.0
162.0 165.0
162.0 167.0
162.0 169.0
162.0 172.0
162.0 175.0
162.0 176.0
162.0 181.0
162.0 182.0
162.0 183.0
162.0 191.0
162.0 192.0
162.0 194.0
162.0 196.0
162.0 197.0
162.0 199.0
162.0 200.0
163.0 102.0
163.0 103.0
163.0 106.0
163.0 111.0
163.0 112.0
163.0 115.0
163.0 117.0
163.0 120.0
163.0 126.0
163.0 129.0
163.0 130.0
163.0 131.0
163.0 133.0
163.0 134.0
163.0 136.0
163.0 140.0
163.0 142.0
163.0 144.0
163.0 147.0
163.0 149.0
163.0 150.0
163.0 154.0
163.0 156.0
163.0 161.0
163.0 171.0
163.0 173.0
163.0 174.0
163.0 184.0
163.0 188.0
163.0 193.0
163.0 196.0
163.0 198.0
164.0 102.0
164.0 108.0
164.0 116.0
164.0 119.0
164.0 120.0
164.0 126.0
164.0 127.0
164.0 130.0
164.0 131.0
164.0 133.0
164.0 134.0
164.0 135.0
164.0 138.0
164.0 142.0
164.0 143.0
164.0 149.0
164.0 150.0
164.0 151.0
164.0 154.0
164.0 159.0
164.0 161.0
164.0 165.0
164.0 168.0
164.0 178.0
164.0 179.0
164.0 184.0
164.0 185.0
164.0 186.0
164.0 187.0
164.0 190.0
164.0 193.0
164.0 195.0
164.0 198.0
165.0 102.0
165.0 109.0
165.0 111.0
165.0 113.0
165.0 116.0
165.0 117.0
165.0 120.0
165.0 123.0
165.0 124.0
165.0 126.0
165.0 127.0
165.0 128.0
165.0 129.0
165.0 130.0
165.0 131.0
165.0 135.0
165.0 136.0
165.0 140.0
165.0 142.0
165.0 144.0
165.0 159.0
165.0 161.0
165.0 162.0
165.0 164.0
165.0 166.0
165.0 168.0
165.0 174.0
165.0 177.0
165.0 178.0
165.0 184.0
165.0 185.0
165.0 188.0
165.0 199.0
166.0 106.0
166.0 109.0
166.0 112.0
166.0 119.0
166.0 120.0
166.0 126.0
166.0 127.0
166.0 130.0
166.0 133.0
166.0 134.0
166.0 135.0
166.0 136.0
166.0 138.0
166.0 143.0
166.0 144.0
166.0 147.0
166.0 149.0
166.0 150.0
166.0 151.0
166.0 159.0
166.0 161.0
166.0 165.0
166.0 168.0
166.0 170.0
166.0 171.0
166.0 174.0
166.0 175.0
166.0 177.0
166.0 178.0
166.0 184.0
166.0 185.0
166.0 187.0
166.0 198.0
167.0 101.0
167.0 104.0
167.0 107.0
167.0 110.0
167.0 114.0
167.0 121.0
167.0 125.0
167.0 139.0
167.0 145.0
167.0 146.0
167.0 148.0
167.0 152.0
167.0 153.0
167.0 154.0
167.0 155.0
167.0 157.0
167.0 158.0
167.0 160.0
167.0 162.0
167.0 169.0
167.0 170.0
167.0 172.0
167.0 175.0
167.0 176.0
167.0 181.0
167.0 182.0
167.0 183.0
167.0 191.0
167.0 194.0
167.0 195.0
167.0 196.0
167.0 197.0
167.0 199.0
167.0 200.0
168.0 103.0
168.0 115.0
168.0 116.0
168.0 119.0
168.0 120.0
168.0 126.0
168.0 127.0
168.0 131.0
168.0 132.0
168.0 133.0
168.0 135.0
168.0 138.0
168.0 140.0
168.0 141.0
168.0 147.0
168.0 149.0
168.0 150.0
168.0 151.0
168.0 154.0
168.0 155.0
168.0 156.0
168.0 164.0
168.0 165.0
168.0 166.0
168.0 171.0
168.0 174.0
168.0 179.0
168.0 180.0
168.0 184.0
168.0 185.0
168.0 188.0
168.0 193.0
168.0 198.0
169.0 101.0
169.0 105.0
169.0 106.0
169.0 107.0
169.0 110.0
169.0 118.0
169.0 121.0
169.0 125.0
169.0 137.0
169.0 145.0
169.0 146.0
169.0 148.0
169.0 152.0
169.0 153.0
169.0 155.0
169.0 157.0
169.0 158.0
169.0 160.0
169.0 162.0
169.0 167.0
169.0 170.0
169.0 172.0
169.0 175.0
169.0 176.0
169.0 181.0
169.0 182.0
169.0 183.0
169.0 191.0
169.0 192.0
169.0 194.0
169.0 195.0
169.0 196.0
169.0 197.0
169.0 200.0
170.0 101.0
170.0 104.0
170.0 105.0
170.0 110.0
170.0 114.0
170.0 118.0
170.0 121.0
170.0 125.0
170.0 137.0
170.0 146.0
170.0 148.0
170.0 152.0
170.0 153.0
170.0 155.0
170.0 157.0
170.0 158.0
170.0 166.0
170.0 167.0
170.0 169.0
170.0 172.0
170.0 175.0
170.0 176.0
170.0 181.0
170.0 182.0
170.0 183.0
170.0 191.0
170.0 192.0
170.0 193.0
170.0 194.0
170.0 195.0
170.0 196.0
170.0 197.0
170.0 199.0
170.0 200.0
171.0 103.0
171.0 106.0
171.0 107.0
171.0 111.0
171.0 112.0
171.0 113.0
171.0 116.0
171.0 117.0
171.0 124.0
171.0 127.0
171.0 128.0
171.0 132.0
171.0 133.0
171.0 138.0
171.0 139.0
171.0 141.0
171.0 142.0
171.0 150.0
171.0 154.0
171.0 156.0
171.0 163.0
171.0 166.0
171.0 168.0
171.0 177.0
171.0 179.0
171.0 184.0
171.0 185.0
171.0 186.0
171.0 187.0
171.0 188.0
171.0 189.0
171.0 190.0
171.0 193.0
171.0 198.0
172.0 101.0
172.0 104.0
172.0 105.0
172.0 107.0
172.0 114.0
172.0 118.0
172.0 121.0
172.0 137.0
172.0 145.0
172.0 146.0
172.0 147.0
172.0 152.0
172.0 153.0
172.0 155.0
172.0 157.0
172.0 158.0
172.0 160.0
172.0 162.0
172.0 167.0
172.0 169.0
172.0 170.0
172.0 175.0
172.0 176.0
172.0 181.0
172.0 182.0
172.0 183.0
172.0 191.0
172.0 192.0
172.0 194.0
172.0 195.0
172.0 196.0
172.0 197.0
172.0 199.0
172.0 200.0
173.0 106.0
173.0 108.0
173.0 110.0
173.0 111.0
173.0 113.0
173.0 116.0
173.0 122.0
173.0 123.0
173.0 128.0
173.0 129.0
173.0 130.0
173.0 132.0
173.0 133.0
173.0 136.0
173.0 138.0
173.0 139.0
173.0 142.0
173.0 143.0
173.0 144.0
173.0 147.0
173.0 149.0
173.0 154.0
173.0 156.0
173.0 161.0
173.0 163.0
173.0 177.0
173.0 178.0
173.0 179.0
173.0 180.0
173.0 186.0
173.0 189.0
173.0 190.0
173.0 193.0
173.0 199.0
174.0 102.0
174.0 103.0
174.0 108.0
174.0 109.0
174.0 119.0
174.0 122.0
174.0 126.0
174.0 127.0
174.0 130.0
174.0 132.0
174.0 133.0
174.0 134.0
174.0 136.0
174.0 138.0
174.0 140.0
174.0 142.0
174.0 143.0
174.0 150.0
174.0 151.0
174.0 156.0
174.0 163.0
174.0 165.0
174.0 166.0
174.0 168.0
174.0 178.0
174.0 179.0
174.0 184.0
174.0 185.0
174.0 186.0
174.0 187.0
174.0 188.0
174.0 193.0
174.0 196.0
175.0 104.0
175.0 105.0
175.0 110.0
175.0 114.0
175.0 118.0
175.0 125.0
175.0 127.0
175.0 137.0
175.0 145.0
175.0 146.0
175.0 148.0
175.0 152.0
175.0 153.0
175.0 155.0
175.0 158.0
175.0 160.0
175.0 162.0
175.0 166.0
175.0 167.0
175.0 169.0
175.0 170.0
175.0 172.0
175.0 176.0
175.0 181.0
175.0 182.0
175.0 183.0
175.0 191.0
175.0 192.0
175.0 194.0
175.0 195.0
175.0 196.0
175.0 197.0
175.0 199.0
175.0 200.0
176.0 101.0
176.0 104.0
176.0 105.0
176.0 107.0
176.0 110.0
176.0 114.0
176.0 118.0
176.0 125.0
176.0 145.0
176.0 146.0
176.0 148.0
176.0 152.0
176.0 153.0
176.0 155.0
176.0 157.0
176.0 158.0
176.0 160.0
176.0 162.0
176.0 167.0
176.0 169.0
176.0 170.0
176.0 172.0
176.0 175.0
176.0 180.0
176.0 181.0
176.0 182.0
176.0 183.0
176.0 191.0
176.0 192.0
176.0 194.0
176.0 195.0
176.0 196.0
176.0 197.0
176.0 199.0
176.0 200.0
177.0 102.0
177.0 106.0
177.0 109.0
177.0 111.0
177.0 112.0
177.0 113.0
177.0 116.0
177.0 119.0
177.0 122.0
177.0 124.0
177.0 126.0
177.0 128.0
177.0 129.0
177.0 135.0
177.0 139.0
177.0 140.0
177.0 141.0
177.0 143.0
177.0 144.0
177.0 147.0
177.0 150.0
177.0 152.0
177.0 154.0
177.0 156.0
177.0 159.0
177.0 165.0
177.0 166.0
177.0 171.0
177.0 173.0
177.0 178.0
177.0 185.0
177.0 186.0
177.0 188.0
177.0 190.0
177.0 198.0
178.0 103.0
178.0 109.0
178.0 116.0
178.0 119.0
178.0 122.0
178.0 128.0
178.0 129.0
178.0 130.0
178.0 132.0
178.0 134.0
178.0 136.0
178.0 139.0
178.0 143.0
178.0 144.0
178.0 147.0
178.0 148.0
178.0 149.0
178.0 150.0
178.0 154.0
178.0 159.0
178.0 161.0
178.0 164.0
178.0 165.0
178.0 166.0
178.0 173.0
178.0 174.0
178.0 177.0
178.0 179.0
178.0 180.0
178.0 185.0
178.0 188.0
178.0 189.0
178.0 190.0
178.0 194.0
178.0 198.0
179.0 103.0
179.0 108.0
179.0 112.0
179.0 113.0
179.0 115.0
179.0 119.0
179.0 120.0
179.0 122.0
179.0 124.0
179.0 127.0
179.0 129.0
179.0 130.0
179.0 131.0
179.0 133.0
179.0 137.0
179.0 138.0
179.0 140.0
179.0 141.0
179.0 143.0
179.0 144.0
179.0 149.0
179.0 151.0
179.0 154.0
179.0 161.0
179.0 164.0
179.0 168.0
179.0 171.0
179.0 173.0
179.0 174.0
179.0 178.0
179.0 181.0
179.0 189.0
179.0 190.0
179.0 193.0
179.0 198.0
180.0 102.0
180.0 108.0
180.0 109.0
180.0 111.0
180.0 115.0
180.0 116.0
180.0 124.0
180.0 127.0
180.0 129.0
180.0 130.0
180.0 133.0
180.0 134.0
180.0 135.0
180.0 139.0
180.0 141.0
180.0 142.0
180.0 143.0
180.0 144.0
180.0 149.0
180.0 150.0
180.0 151.0
180.0 154.0
180.0 156.0
180.0 168.0
180.0 173.0
180.0 176.0
180.0 178.0
180.0 184.0
180.0 185.0
180.0 187.0
180.0 188.0
180.0 189.0
180.0 190.0
180.0 193.0
180.0 198.0
181.0 101.0
181.0 104.0
181.0 105.0
181.0 107.0
181.0 118.0
181.0 121.0
181.0 125.0
181.0 137.0
181.0 145.0
181.0 146.0
181.0 148.0
181.0 152.0
181.0 153.0
181.0 157.0
181.0 158.0
181.0 160.0
181.0 162.0
181.0 167.0
181.0 169.0
181.0 170.0
181.0 172.0
181.0 175.0
181.0 176.0
181.0 179.0
181.0 182.0
181.0 183.0
181.0 190.0
181.0 191.0
181.0 192.0
181.0 194.0
181.0 195.0
181.0 196.0
181.0 197.0
181.0 199.0
181.0 200.0
182.0 101.0
182.0 104.0
182.0 105.0
182.0 107.0
182.0 110.0
182.0 112.0
182.0 114.0
182.0 121.0
182.0 125.0
182.0 137.0
182.0 145.0
182.0 146.0
182.0 152.0
182.0 153.0
182.0 155.0
182.0 157.0
182.0 160.0
182.0 162.0
182.0 167.0
182.0 169.0
182.0 170.0
182.0 172.0
182.0 175.0
182.0 176.0
182.0 181.0
182.0 183.0
182.0 189.0
182.0 191.0
182.0 192.0
182.0 194.0
182.0 195.0
182.0 196.0
182.0 197.0
182.0 199.0
182.0 200.0
183.0 101.0
183.0 104.0
183.0 105.0
183.0 107.0
183.0 110.0
183.0 114.0
183.0 118.0
183.0 121.0
183.0 137.0
183.0 145.0
183.0 146.0
183.0 148.0
183.0 152.0
183.0 153.0
183.0 155.0
183.0 157.0
183.0 158.0
183.0 160.0
183.0 162.0
183.0 167.0
183.0 169.0
183.0 170.0
183.0 172.0
183.0 175.0
183.0 176.0
183.0 181.0
183.0 182.0
183.0 186.0
183.0 191.0
183.0 192.0
183.0 194.0
183.0 195.0
183.0 196.0
183.0 197.0
183.0 199.0
183.0 200.0
184.0 102.0
184.0 103.0
184.0 106.0
184.0 111.0
184.0 115.0
184.0 116.0
184.0 117.0
184.0 119.0
184.0 120.0
184.0 122.0
184.0 123.0
184.0 124.0
184.0 126.0
184.0 127.0
184.0 128.0
184.0 130.0
184.0 134.0
184.0 136.0
184.0 140.0
184.0 143.0
184.0 147.0
184.0 150.0
184.0 156.0
184.0 158.0
184.0 161.0
184.0 163.0
184.0 164.0
184.0 165.0
184.0 166.0
184.0 168.0
184.0 171.0
184.0 174.0
184.0 180.0
184.0 187.0
184.0 190.0
184.0 198.0
185.0 102.0
185.0 103.0
185.0 105.0
185.0 106.0
185.0 112.0
185.0 113.0
185.0 120.0
185.0 122.0
185.0 123.0
185.0 124.0
185.0 126.0
185.0 128.0
185.0 129.0
185.0 130.0
185.0 133.0
185.0 135.0
185.0 138.0
185.0 140.0
185.0 151.0
185.0 154.0
185.0 156.0
185.0 159.0
185.0 164.0
185.0 165.0
185.0 166.0
185.0 168.0
185.0 171.0
185.0 174.0
185.0 177.0
185.0 178.0
185.0 180.0
185.0 186.0
185.0 187.0
185.0 188.0
185.0 190.0
185.0 193.0
186.0 102.0
186.0 106.0
186.0 109.0
186.0 113.0
186.0 115.0
186.0 119.0
186.0 120.0
186.0 122.0
186.0 124.0
186.0 126.0
186.0 127.0
186.0 128.0
186.0 130.0
186.0 134.0
186.0 135.0
186.0 136.0
186.0 139.0
186.0 140.0
186.0 141.0
186.0 151.0
186.0 154.0
186.0 155.0
186.0 159.0
186.0 161.0
186.0 164.0
186.0 171.0
186.0 173.0
186.0 174.0
186.0 177.0
186.0 183.0
186.0 185.0
186.0 187.0
186.0 188.0
186.0 189.0
186.0 190.0
186.0 198.0
187.0 103.0
187.0 108.0
187.0 109.0
187.0 112.0
187.0 113.0
187.0 116.0
187.0 119.0
187.0 122.0
187.0 123.0
187.0 129.0
187.0 133.0
187.0 135.0
187.0 137.0
187.0 138.0
187.0 140.0
187.0 142.0
187.0 144.0
187.0 149.0
187.0 150.0
187.0 151.0
187.0 153.0
187.0 154.0
187.0 156.0
187.0 164.0
187.0 166.0
187.0 171.0
187.0 174.0
187.0 180.0
187.0 184.0
187.0 185.0
187.0 186.0
187.0 188.0
187.0 189.0
187.0 190.0
187.0 193.0
187.0 198.0
188.0 102.0
188.0 108.0
188.0 111.0
188.0 112.0
188.0 117.0
188.0 119.0
188.0 123.0
188.0 124.0
188.0 127.0
188.0 130.0
188.0 131.0
188.0 133.0
188.0 135.0
188.0 138.0
188.0 139.0
188.0 140.0
188.0 141.0
188.0 144.0
188.0 150.0
188.0 151.0
188.0 154.0
188.0 159.0
188.0 163.0
188.0 165.0
188.0 168.0
188.0 171.0
188.0 174.0
188.0 177.0
188.0 178.0
188.0 180.0
188.0 185.0
188.0 186.0
188.0 187.0
188.0 190.0
189.0 103.0
189.0 106.0
189.0 109.0
189.0 112.0
189.0 113.0
189.0 117.0
189.0 120.0
189.0 122.0
189.0 127.0
189.0 129.0
189.0 130.0
189.0 134.0
189.0 135.0
189.0 136.0
189.0 138.0
189.0 139.0
189.0 141.0
189.0 142.0
189.0 144.0
189.0 149.0
189.0 150.0
189.0 154.0
189.0 156.0
189.0 157.0
189.0 159.0
189.0 161.0
189.0 171.0
189.0 173.0
189.0 178.0
189.0 179.0
189.0 180.0
189.0 182.0
189.0 186.0
189.0 187.0
189.0 190.0
189.0 193.0
190.0 106.0
190.0 108.0
190.0 109.0
190.0 111.0
190.0 112.0
190.0 113.0
190.0 115.0
190.0 117.0
190.0 119.0
190.0 122.0
190.0 123.0
190.0 124.0
190.0 127.0
190.0 128.0
190.0 129.0
190.0 131.0
190.0 138.0
190.0 141.0
190.0 151.0
190.0 161.0
190.0 164.0
190.0 171.0
190.0 173.0
190.0 177.0
190.0 178.0
190.0 179.0
190.0 180.0
190.0 181.0
190.0 184.0
190.0 185.0
190.0 186.0
190.0 187.0
190.0 188.0
190.0 189.0
190.0 198.0
190.0 200.0
191.0 101.0
191.0 104.0
191.0 105.0
191.0 107.0
191.0 110.0
191.0 114.0
191.0 118.0
191.0 121.0
191.0 125.0
191.0 127.0
191.0 145.0
191.0 146.0
191.0 148.0
191.0 152.0
191.0 153.0
191.0 155.0
191.0 157.0
191.0 158.0
191.0 160.0
191.0 162.0
191.0 167.0
191.0 169.0
191.0 170.0
191.0 172.0
191.0 175.0
191.0 176.0
191.0 181.0
191.0 182.0
191.0 183.0
191.0 192.0
191.0 194.0
191.0 195.0
191.0 196.0
191.0 197.0
191.0 199.0
191.0 200.0
192.0 101.0
192.0 104.0
192.0 107.0
192.0 110.0
192.0 114.0
192.0 118.0
192.0 121.0
192.0 122.0
192.0 125.0
192.0 128.0
192.0 137.0
192.0 145.0
192.0 146.0
192.0 148.0
192.0 152.0
192.0 153.0
192.0 155.0
192.0 157.0
192.0 158.0
192.0 160.0
192.0 162.0
192.0 169.0
192.0 170.0
192.0 172.0
192.0 175.0
192.0 176.0
192.0 181.0
192.0 182.0
192.0 183.0
192.0 191.0
192.0 194.0
192.0 195.0
192.0 196.0
192.0 197.0
192.0 199.0
192.0 200.0
193.0 103.0
193.0 106.0
193.0 111.0
193.0 112.0
193.0 115.0
193.0 116.0
193.0 117.0
193.0 120.0
193.0 123.0
193.0 124.0
193.0 126.0
193.0 128.0
193.0 129.0
193.0 131.0
193.0 134.0
193.0 136.0
193.0 138.0
193.0 139.0
193.0 150.0
193.0 154.0
193.0 156.0
193.0 159.0
193.0 161.0
193.0 163.0
193.0 164.0
193.0 168.0
193.0 170.0
193.0 171.0
193.0 173.0
193.0 174.0
193.0 179.0
193.0 180.0
193.0 185.0
193.0 187.0
193.0 189.0
193.0 198.0
194.0 101.0
194.0 104.0
194.0 105.0
194.0 107.0
194.0 110.0
194.0 114.0
194.0 118.0
194.0 121.0
194.0 137.0
194.0 142.0
194.0 145.0
194.0 146.0
194.0 148.0
194.0 152.0
194.0 153.0
194.0 155.0
194.0 157.0
194.0 158.0
194.0 160.0
194.0 162.0
194.0 167.0
194.0 169.0
194.0 170.0
194.0 172.0
194.0 175.0
194.0 176.0
194.0 178.0
194.0 181.0
194.0 182.0
194.0 183.0
194.0 191.0
194.0 192.0
194.0 195.0
194.0 196.0
194.0 197.0
194.0 199.0
194.0 200.0
195.0 101.0
195.0 104.0
195.0 105.0
195.0 107.0
195.0 110.0
195.0 114.0
195.0 118.0
195.0 120.0
195.0 121.0
195.0 125.0
195.0 137.0
195.0 145.0
195.0 146.0
195.0 148.0
195.0 152.0
195.0 153.0
195.0 155.0
195.0 157.0
195.0 158.0
195.0 160.0
195.0 164.0
195.0 167.0
195.0 169.0
195.0 170.0
195.0 172.0
195.0 175.0
195.0 176.0
195.0 181.0
195.0 182.0
195.0 183.0
195.0 191.0
195.0 192.0
195.0 194.0
195.0 196.0
195.0 197.0
195.0 199.0
195.0 200.0
196.0 101.0
196.0 104.0
196.0 105.0
196.0 110.0
196.0 114.0
196.0 118.0
196.0 121.0
196.0 125.0
196.0 137.0
196.0 145.0
196.0 146.0
196.0 148.0
196.0 152.0
196.0 153.0
196.0 155.0
196.0 157.0
196.0 158.0
196.0 160.0
196.0 162.0
196.0 163.0
196.0 167.0
196.0 169.0
196.0 170.0
196.0 172.0
196.0 174.0
196.0 175.0
196.0 176.0
196.0 181.0
196.0 182.0
196.0 183.0
196.0 191.0
196.0 192.0
196.0 194.0
196.0 195.0
196.0 197.0
196.0 199.0
196.0 200.0
197.0 101.0
197.0 104.0
197.0 105.0
197.0 107.0
197.0 110.0
197.0 114.0
197.0 118.0
197.0 121.0
197.0 125.0
197.0 130.0
197.0 137.0
197.0 145.0
197.0 146.0
197.0 148.0
197.0 152.0
197.0 153.0
197.0 155.0
197.0 157.0
197.0 158.0
197.0 160.0
197.0 162.0
197.0 167.0
197.0 169.0
197.0 170.0
197.0 172.0
197.0 175.0
197.0 176.0
197.0 181.0
197.0 182.0
197.0 183.0
197.0 191.0
197.0 192.0
197.0 194.0
197.0 195.0
197.0 196.0
197.0 199.0
197.0 200.0
198.0 106.0
198.0 108.0
198.0 111.0
198.0 116.0
198.0 117.0
198.0 119.0
198.0 120.0
198.0 123.0
198.0 124.0
198.0 126.0
198.0 132.0
198.0 134.0
198.0 135.0
198.0 138.0
198.0 139.0
198.0 140.0
198.0 141.0
198.0 143.0
198.0 144.0
198.0 147.0
198.0 149.0
198.0 150.0
198.0 156.0
198.0 163.0
198.0 164.0
198.0 166.0
198.0 168.0
198.0 171.0
198.0 177.0
198.0 178.0
198.0 179.0
198.0 180.0
198.0 184.0
198.0 186.0
198.0 187.0
198.0 190.0
198.0 193.0
199.0 101.0
199.0 104.0
199.0 105.0
199.0 107.0
199.0 110.0
199.0 114.0
199.0 118.0
199.0 121.0
199.0 125.0
199.0 137.0
199.0 145.0
199.0 146.0
199.0 148.0
199.0 152.0
199.0 153.0
199.0 155.0
199.0 157.0
199.0 158.0
199.0 160.0
199.0 162.0
199.0 165.0
199.0 167.0
199.0 170.0
199.0 172.0
199.0 173.0
199.0 175.0
199.0 176.0
199.0 181.0
199.0 182.0
199.0 183.0
199.0 191.0
199.0 192.0
199.0 194.0
199.0 195.0
199.0 196.0
199.0 197.0
199.0 200.0
200.0 101.0
200.0 104.0
200.0 105.0
200.0 107.0
200.0 110.0
200.0 114.0
200.0 118.0
200.0 121.0
200.0 125.0
200.0 137.0
200.0 145.0
200.0 146.0
200.0 148.0
200.0 150.0
200.0 152.0
200.0 153.0
200.0 155.0
200.0 158.0
200.0 160.0
200.0 162.0
200.0 167.0
200.0 169.0
200.0 170.0
200.0 172.0
200.0 175.0
200.0 176.0
200.0 181.0
200.0 182.0
200.0 183.0
200.0 190.0
200.0 191.0
200.0 192.0
200.0 194.0
200.0 195.0
200.0 196.0
200.0 197.0
200.0 199.0
1
1 2
55
57 187.0
76 151.0
58 156.0
5 150.0
91 126.0
25 147.0
46 188.0
62 171.0
69 124.0
55 159.0
83 180.0
69 122.0
76 184.0
57 132.0
83 161.0
62 119.0
5 111.0
25 189.0
55 144.0
44 167.0
35 157.0
89 114.0
85 176.0
88 162.0
80 192.0
2 158.0
30 146.0
19 172.0
11 197.0
13 121.0
93 172.0
31 121.0
71 114.0
20 197.0
38 157.0
66 167.0
39 176.0
86 158.0
62 162.0
39 147.0
30 124.0
80 126.0
66 124.0
31 132.0
66 111.0
20 156.0
91 157.0
5 157.0
2 132.0
91 121.0
91 114.0
46 157.0
57 197.0
46 114.0
11 132.0
2
1 4 5 7 10 14 18 21 25 37 45 46 48 52 53 55 57 58 60 62 67 69 70 72 75 76 81 82 83 91 92 94 95 96 97 99 100 102.0 103.0 106.0 108.0 109.0 111.0 112.0 113.0 115.0 116.0 117.0 119.0 120.0 122.0 123.0 124.0 126.0 127.0 128.0 129.0 130.0 131.0 132.0 133.0 134.0 135.0 136.0 138.0 139.0 140.0 141.0 142.0 143.0 144.0 147.0 149.0 150.0 151.0 154.0 156.0 159.0 161.0 163.0 164.0 165.0 166.0 168.0 171.0 173.0 174.0 177.0 178.0 179.0 180.0 184.0 185.0 186.0 187.0 188.0 189.0 190.0 193.0 198.0 
2 3 6 8 9 11 12 13 15 16 17 19 20 22 23 24 26 27 28 29 30 31 32 33 34 35 36 38 39 40 41 42 43 44 47 49 50 51 54 56 59 61 63 64 65 66 68 71 73 74 77 78 79 80 84 85 86 87 88 89 90 93 98 101.0 104.0 105.0 107.0 110.0 114.0 118.0 121.0 125.0 137.0 145.0 146.0 148.0 152.0 153.0 155.0 157.0 158.0 160.0 162.0 167.0 169.0 170.0 172.0 175.0 176.0 181.0 182.0 183.0 191.0 192.0 194.0 195.0 196.0 197.0 199.0 200.0 
