2
1 2 3 4 5 6 7 8 9 10 11 12 13 14 15 16 17 18 19 20 21 22 23 24 25 26 27 28 29 30 31 32 33 34 35 36 37 38 39 40 41 42 43 44 45 46 47 48 49 50 51 52 53 54 55 56 57 58 59 60 61 62 63 64 65 66 67 68 69 70 71 72 73 74 75 76 77 78 79 80 81 82 83 84 85 86 87 88 89 90 91 92 93 94 95 96 97 98 99 100
4218
1 2
1 6
1 9
1 10
1 12
1 13
1 17
1 20
1 21
1 24
1 32
1 33
1 34
1 35
1 36
1 37
1 38
1 39
1 40
1 41
1 48
1 50
1 57
1 62
1 65
1 66
1 68
1 75
1 79
1 85
1 87
1 92
1 93
1 94
1 95
1 98
1 99
2 1
2 12
2 13
2 14
2 17
2 18
2 21
2 22
2 27
2 31
2 32
2 33
2 35
2 36
2 38
2 40
2 41
2 46
2 48
2 51
2 53
2 57
2 63
2 64
2 65
2 68
2 69
2 70
2 73
2 85
2 86
2 87
2 92
2 93
2 94
2 95
2 98
2 99
3 5
3 17
3 18
3 22
3 24
3 27
3 31
3 32
3 33
3 34
3 35
3 36
3 37
3 39
3 40
3 46
3 48
3 50
3 53
3 54
3 57
3 60
3 63
3 64
3 65
3 66
3 68
3 70
3 75
3 79
3 85
3 86
3 87
3 92
3 93
3 94
3 95
3 97
4 10
4 15
4 19
4 25
4 29
4 30
4 42
4 43
4 44
4 45
4 46
4 49
4 52
4 54
4 55
4 58
4 59
4 63
4 67
4 69
4 71
4 72
4 73
4 76
4 77
4 78
4 80
4 81
4 82
4 83
4 84
4 88
4 89
4 90
4 91
4 96
4 97
4 100
5 3
5 6
5 9
5 12
5 13
5 14
5 17
5 20
5 22
5 24
5 26
5 33
5 35
5 36
5 37
5 39
5 41
5 46
5 48
5 57
5 60
5 62
5 63
5 64
5 66
5 68
5 75
5 79
5 85
5 86
5 87
5 92
5 94
5 95
5 98
5 99
6 1
6 5
6 8
6 9
6 12
6 13
6 18
6 20
6 21
6 22
6 24
6 26
6 28
6 33
6 34
6 36
6 38
6 39
6 40
6 41
6 45
6 46
6 48
6 50
6 51
6 57
6 62
6 63
6 64
6 70
6 75
6 79
6 85
6 87
6 92
6 93
6 95
6 99
7 8
7 10
7 12
7 16
7 19
7 21
7 23
7 25
7 30
7 42
7 44
7 47
7 52
7 54
7 55
7 56
7 58
7 59
7 61
7 69
7 71
7 73
7 74
7 76
7 77
7 78
7 80
7 81
7 82
7 83
7 84
7 88
7 89
7 90
7 91
7 96
7 97
7 100
8 6
8 7
8 10
8 11
8 15
8 19
8 23
8 25
8 29
8 42
8 44
8 45
8 47
8 49
8 52
8 54
8 55
8 56
8 58
8 59
8 67
8 69
8 72
8 76
8 77
8 78
8 80
8 81
8 82
8 83
8 84
8 88
8 89
8 90
8 91
8 92
8 96
8 97
8 100
9 1
9 5
9 6
9 12
9 14
9 17
9 18
9 20
9 21
9 24
9 26
9 28
9 31
9 32
9 33
9 38
9 39
9 41
9 42
9 46
9 48
9 50
9 51
9 62
9 64
9 65
9 68
9 70
9 79
9 85
9 86
9 87
9 92
9 93
9 94
9 95
9 98
9 99
10 1
10 4
10 7
10 8
10 11
10 15
10 16
10 19
10 30
10 42
10 43
10 44
10 47
10 49
10 52
10 55
10 56
10 59
10 61
10 69
10 70
10 71
10 72
10 73
10 74
10 76
10 77
10 78
10 81
10 82
10 83
10 84
10 88
10 89
10 90
10 91
10 96
10 97
10 100
11 8
11 10
11 15
11 19
11 23
11 25
11 26
11 30
11 34
11 42
11 43
11 45
11 47
11 52
11 54
11 55
11 56
11 58
11 61
11 67
11 69
11 71
11 72
11 74
11 76
11 77
11 78
11 80
11 81
11 82
11 83
11 84
11 88
11 89
11 90
11 91
11 96
11 97
11 100
12 1
12 2
12 5
12 6
12 7
12 9
12 14
12 21
12 22
12 24
12 27
12 28
12 33
12 34
12 35
12 37
12 38
12 40
12 41
12 48
12 50
12 51
12 53
12 57
12 60
12 62
12 64
12 65
12 66
12 68
12 70
12 75
12 79
12 85
12 86
12 87
12 94
12 95
12 99
13 1
13 2
13 5
13 6
13 14
13 18
13 20
13 21
13 22
13 24
13 27
13 28
13 31
13 35
13 36
13 38
13 39
13 40
13 41
13 46
13 48
13 51
13 53
13 62
13 63
13 64
13 65
13 66
13 68
13 70
13 75
13 79
13 81
13 85
13 86
13 93
13 94
13 98
14 2
14 5
14 9
14 12
14 13
14 17
14 18
14 20
14 21
14 27
14 28
14 31
14 32
14 33
14 34
14 35
14 36
14 41
14 46
14 48
14 50
14 57
14 60
14 62
14 63
14 64
14 65
14 66
14 68
14 70
14 79
14 85
14 86
14 92
14 93
14 94
14 95
14 96
14 98
15 4
15 8
15 10
15 11
15 16
15 23
15 25
15 28
15 42
15 43
15 44
15 45
15 47
15 54
15 55
15 56
15 58
15 59
15 67
15 69
15 71
15 72
15 73
15 74
15 76
15 77
15 78
15 80
15 81
15 82
15 83
15 84
15 88
15 90
15 91
15 92
15 96
15 97
15 100
16 7
16 10
16 15
16 23
16 25
16 29
16 42
16 43
16 44
16 47
16 52
16 54
16 55
16 56
16 58
16 59
16 61
16 65
16 67
16 69
16 71
16 73
16 74
16 76
16 77
16 78
16 80
16 81
16 82
16 83
16 84
16 87
16 88
16 89
16 90
16 91
16 96
16 97
16 100
17 1
17 2
17 3
17 5
17 9
17 14
17 19
17 20
17 21
17 22
17 26
17 28
17 31
17 36
17 37
17 40
17 42
17 46
17 48
17 51
17 53
17 57
17 60
17 62
17 63
17 64
17 65
17 66
17 68
17 75
17 85
17 86
17 87
17 92
17 93
17 94
17 95
17 98
17 99
18 2
18 3
18 6
18 9
18 13
18 14
18 20
18 27
18 31
18 33
18 35
18 37
18 39
18 40
18 46
18 48
18 50
18 51
18 53
18 57
18 60
18 62
18 63
18 64
18 65
18 66
18 68
18 70
18 75
18 77
18 79
18 85
18 86
18 87
18 91
18 92
18 94
18 98
18 99
19 4
19 7
19 8
19 10
19 11
19 17
19 25
19 30
19 40
19 42
19 43
19 44
19 45
19 49
19 52
19 55
19 56
19 58
19 59
19 61
19 67
19 71
19 72
19 73
19 74
19 77
19 78
19 80
19 81
19 82
19 83
19 84
19 88
19 89
19 90
19 91
19 96
19 97
19 100
20 1
20 5
20 6
20 9
20 13
20 14
20 17
20 18
20 21
20 25
20 26
20 27
20 28
20 32
20 37
20 38
20 39
20 41
20 46
20 50
20 51
20 53
20 57
20 60
20 62
20 64
20 65
20 68
20 70
20 75
20 79
20 80
20 86
20 87
20 92
20 93
20 94
20 98
20 99
21 1
21 2
21 6
21 7
21 9
21 12
21 13
21 14
21 17
21 20
21 24
21 28
21 32
21 34
21 35
21 36
21 37
21 38
21 39
21 40
21 41
21 48
21 51
21 53
21 60
21 62
21 63
21 65
21 75
21 79
21 85
21 87
21 92
21 93
21 94
21 95
21 97
21 98
21 99
22 2
22 3
22 5
22 6
22 12
22 13
22 17
22 24
22 26
22 27
22 28
22 31
22 32
22 34
22 37
22 38
22 41
22 46
22 48
22 51
22 53
22 57
22 58
22 60
22 62
22 64
22 65
22 66
22 70
22 75
22 77
22 85
22 86
22 92
22 93
22 94
22 95
22 98
22 99
23 7
23 8
23 11
23 15
23 16
23 39
23 42
23 43
23 44
23 45
23 47
23 49
23 52
23 54
23 55
23 56
23 59
23 61
23 67
23 69
23 71
23 72
23 73
23 74
23 76
23 77
23 78
23 80
23 81
23 83
23 84
23 86
23 88
23 89
23 90
23 91
23 96
23 97
23 100
24 1
24 3
24 5
24 6
24 9
24 12
24 13
24 21
24 22
24 26
24 28
24 31
24 33
24 34
24 35
24 38
24 39
24 41
24 46
24 48
24 50
24 51
24 57
24 60
24 63
24 64
24 66
24 67
24 68
24 70
24 75
24 79
24 85
24 87
24 93
24 94
24 95
24 98
24 99
25 4
25 7
25 8
25 11
25 15
25 16
25 19
25 20
25 29
25 30
25 42
25 44
25 45
25 47
25 54
25 55
25 56
25 58
25 59
25 61
25 67
25 69
25 71
25 72
25 73
25 74
25 77
25 80
25 81
25 82
25 83
25 84
25 88
25 89
25 90
25 91
25 96
25 97
25 99
25 100
26 5
26 6
26 9
26 11
26 17
26 20
26 22
26 24
26 27
26 28
26 31
26 36
26 37
26 38
26 39
26 40
26 41
26 46
26 50
26 53
26 56
26 57
26 60
26 62
26 63
26 64
26 65
26 66
26 68
26 70
26 75
26 85
26 86
26 87
26 92
26 93
26 94
26 95
26 98
26 99
27 2
27 3
27 12
27 13
27 14
27 18
27 20
27 22
27 26
27 31
27 33
27 35
27 36
27 37
27 39
27 40
27 41
27 46
27 48
27 50
27 51
27 53
27 57
27 60
27 62
27 63
27 65
27 66
27 70
27 71
27 79
27 85
27 86
27 92
27 93
27 94
27 95
27 98
27 99
28 6
28 9
28 12
28 13
28 14
28 15
28 17
28 20
28 21
28 22
28 24
28 26
28 32
28 33
28 34
28 36
28 39
28 40
28 41
28 46
28 48
28 50
28 51
28 53
28 60
28 62
28 63
28 64
28 65
28 66
28 79
28 82
28 85
28 86
28 87
28 93
28 94
28 95
28 98
28 99
29 4
29 8
29 16
29 25
29 30
29 42
29 43
29 44
29 45
29 47
29 49
29 52
29 54
29 55
29 56
29 58
29 59
29 60
29 61
29 67
29 69
29 72
29 73
29 74
29 75
29 76
29 77
29 78
29 80
29 81
29 82
29 83
29 84
29 88
29 89
29 90
29 91
29 96
29 97
29 100
30 4
30 7
30 10
30 11
30 19
30 25
30 29
30 43
30 44
30 45
30 47
30 49
30 52
30 55
30 56
30 58
30 59
30 61
30 67
30 71
30 72
30 73
30 74
30 76
30 77
30 78
30 80
30 81
30 82
30 83
30 84
30 87
30 88
30 89
30 90
30 91
30 93
30 96
30 97
30 100
31 2
31 3
31 9
31 13
31 14
31 17
31 18
31 22
31 24
31 26
31 27
31 33
31 34
31 36
31 37
31 38
31 39
31 40
31 41
31 46
31 48
31 50
31 51
31 53
31 57
31 60
31 62
31 63
31 64
31 65
31 70
31 75
31 79
31 80
31 82
31 86
31 92
31 93
31 95
31 99
32 1
32 2
32 3
32 9
32 14
32 20
32 21
32 22
32 28
32 33
32 34
32 35
32 36
32 37
32 38
32 40
32 41
32 46
32 48
32 50
32 51
32 57
32 60
32 62
32 63
32 64
32 65
32 66
32 68
32 70
32 75
32 83
32 86
32 90
32 92
32 93
32 94
32 95
32 98
32 99
33 1
33 2
33 3
33 5
33 6
33 9
33 12
33 14
33 18
33 24
33 27
33 28
33 31
33 32
33 34
33 35
33 37
33 38
33 39
33 40
33 41
33 46
33 48
33 51
33 53
33 57
33 60
33 63
33 64
33 66
33 75
33 79
33 85
33 91
33 92
33 93
33 94
33 95
33 98
33 99
34 1
34 3
34 6
34 11
34 12
34 14
34 21
34 22
34 24
34 28
34 31
34 32
34 33
34 35
34 36
34 37
34 40
34 46
34 48
34 50
34 54
34 57
34 60
34 62
34 64
34 65
34 66
34 68
34 70
34 75
34 79
34 85
34 86
34 87
34 92
34 93
34 94
34 95
34 98
34 99
35 1
35 2
35 3
35 5
35 12
35 13
35 14
35 18
35 21
35 24
35 27
35 32
35 33
35 34
35 38
35 39
35 41
35 45
35 46
35 50
35 51
35 53
35 57
35 60
35 63
35 64
35 65
35 66
35 70
35 71
35 79
35 85
35 86
35 87
35 92
35 93
35 94
35 95
35 98
35 99
36 1
36 2
36 3
36 5
36 6
36 13
36 14
36 17
36 21
36 26
36 27
36 28
36 31
36 32
36 34
36 37
36 39
36 41
36 48
36 50
36 51
36 57
36 60
36 62
36 63
36 64
36 66
36 68
36 70
36 72
36 75
36 79
36 85
36 86
36 87
36 89
36 92
36 93
36 94
36 95
36 98
37 1
37 3
37 5
37 12
37 17
37 18
37 20
37 21
37 22
37 26
37 27
37 31
37 32
37 33
37 34
37 36
37 38
37 40
37 46
37 48
37 51
37 52
37 53
37 57
37 59
37 60
37 62
37 63
37 64
37 65
37 66
37 68
37 70
37 75
37 79
37 86
37 87
37 92
37 94
37 95
37 98
38 1
38 2
38 6
38 9
38 12
38 13
38 20
38 21
38 22
38 24
38 26
38 31
38 32
38 33
38 35
38 37
38 39
38 40
38 41
38 46
38 53
38 57
38 60
38 62
38 63
38 65
38 66
38 68
38 69
38 70
38 75
38 79
38 85
38 86
38 87
38 92
38 95
38 98
38 99
38 100
39 1
39 3
39 5
39 6
39 9
39 13
39 18
39 20
39 21
39 23
39 24
39 26
39 27
39 28
39 31
39 33
39 35
39 36
39 38
39 40
39 46
39 51
39 53
39 60
39 62
39 63
39 65
39 66
39 68
39 70
39 75
39 78
39 79
39 87
39 90
39 92
39 93
39 94
39 95
39 98
39 99
40 1
40 2
40 3
40 6
40 12
40 13
40 17
40 18
40 19
40 21
40 26
40 27
40 28
40 31
40 32
40 33
40 34
40 37
40 38
40 39
40 41
40 46
40 48
40 50
40 51
40 53
40 60
40 62
40 63
40 64
40 66
40 67
40 68
40 70
40 75
40 85
40 86
40 92
40 94
40 99
41 1
41 2
41 5
41 6
41 9
41 12
41 13
41 14
41 20
41 21
41 22
41 24
41 26
41 27
41 28
41 31
41 32
41 33
41 35
41 36
41 38
41 40
41 48
41 53
41 56
41 57
41 60
41 63
41 64
41 65
41 66
41 68
41 70
41 73
41 79
41 85
41 86
41 87
41 92
41 98
41 99
42 4
42 7
42 8
42 9
42 10
42 11
42 15
42 16
42 17
42 19
42 23
42 25
42 29
42 43
42 47
42 49
42 52
42 54
42 55
42 56
42 58
42 61
42 67
42 69
42 71
42 72
42 73
42 74
42 76
42 77
42 78
42 80
42 81
42 82
42 83
42 84
42 88
42 89
42 90
42 97
42 100
43 4
43 10
43 11
43 15
43 16
43 19
43 23
43 29
43 30
43 42
43 44
43 47
43 49
43 52
43 54
43 56
43 59
43 61
43 67
43 69
43 70
43 71
43 72
43 73
43 74
43 76
43 77
43 78
43 80
43 81
43 82
43 83
43 84
43 88
43 89
43 90
43 91
43 93
43 96
43 97
43 100
44 4
44 7
44 8
44 10
44 15
44 16
44 19
44 23
44 25
44 29
44 30
44 43
44 45
44 47
44 49
44 51
44 52
44 54
44 59
44 61
44 67
44 69
44 71
44 72
44 73
44 74
44 76
44 77
44 79
44 80
44 81
44 82
44 83
44 84
44 88
44 89
44 90
44 91
44 96
44 97
44 100
45 4
45 6
45 8
45 11
45 15
45 19
45 23
45 25
45 29
45 30
45 35
45 44
45 47
45 49
45 52
45 54
45 55
45 56
45 57
45 58
45 59
45 61
45 69
45 71
45 72
45 73
45 74
45 76
45 77
45 78
45 80
45 81
45 82
45 83
45 84
45 88
45 89
45 90
45 91
45 96
45 97
45 100
46 2
46 3
46 4
46 5
46 6
46 9
46 13
46 14
46 17
46 18
46 20
46 22
46 24
46 26
46 27
46 28
46 31
46 32
46 33
46 34
46 35
46 37
46 38
46 39
46 40
46 48
46 50
46 51
46 53
46 57
46 61
46 62
46 63
46 66
46 68
46 75
46 85
46 86
46 87
46 94
46 95
46 98
47 7
47 8
47 10
47 11
47 15
47 16
47 23
47 25
47 29
47 30
47 42
47 43
47 44
47 45
47 49
47 54
47 55
47 56
47 58
47 59
47 61
47 62
47 67
47 69
47 72
47 73
47 74
47 76
47 77
47 78
47 79
47 80
47 81
47 82
47 88
47 89
47 90
47 91
47 95
47 96
47 97
47 100
48 1
48 2
48 3
48 5
48 6
48 9
48 12
48 13
48 14
48 17
48 18
48 21
48 22
48 24
48 27
48 28
48 31
48 32
48 33
48 34
48 36
48 37
48 40
48 41
48 46
48 50
48 63
48 64
48 65
48 66
48 68
48 75
48 76
48 78
48 85
48 86
48 92
48 93
48 94
48 95
48 98
48 99
49 4
49 8
49 10
49 19
49 23
49 29
49 30
49 42
49 43
49 44
49 45
49 47
49 52
49 54
49 55
49 56
49 58
49 59
49 61
49 67
49 69
49 71
49 72
49 73
49 74
49 76
49 77
49 78
49 80
49 81
49 82
49 83
49 84
49 87
49 88
49 89
49 90
49 91
49 96
49 97
49 99
49 100
50 1
50 3
50 6
50 9
50 12
50 14
50 18
50 20
50 24
50 26
50 27
50 28
50 31
50 32
50 34
50 35
50 36
50 40
50 46
50 48
50 51
50 53
50 57
50 60
50 62
50 63
50 64
50 65
50 66
50 70
50 75
50 79
50 83
50 85
50 86
50 87
50 88
50 93
50 94
50 95
50 98
50 99
51 2
51 6
51 9
51 12
51 13
51 17
51 18
51 20
51 21
51 22
51 24
51 27
51 28
51 31
51 32
51 33
51 35
51 36
51 37
51 39
51 40
51 44
51 46
51 50
51 53
51 57
51 60
51 63
51 64
51 65
51 66
51 68
51 70
51 75
51 79
51 81
51 86
51 87
51 92
51 94
51 95
51 98
52 4
52 7
52 8
52 10
52 11
52 16
52 19
52 23
52 29
52 30
52 37
52 42
52 43
52 44
52 45
52 49
52 54
52 55
52 56
52 58
52 61
52 67
52 69
52 71
52 72
52 73
52 74
52 75
52 76
52 77
52 78
52 81
52 82
52 83
52 84
52 88
52 89
52 90
52 91
52 96
52 97
52 100
53 2
53 3
53 12
53 13
53 17
53 18
53 20
53 21
53 22
53 26
53 27
53 28
53 31
53 33
53 35
53 37
53 38
53 39
53 40
53 41
53 46
53 50
53 51
53 57
53 60
53 63
53 64
53 65
53 66
53 70
53 75
53 79
53 81
53 84
53 86
53 87
53 92
53 93
53 94
53 95
53 98
53 99
54 3
54 4
54 7
54 8
54 11
54 15
54 16
54 23
54 25
54 29
54 34
54 42
54 43
54 44
54 45
54 47
54 49
54 52
54 55
54 56
54 58
54 59
54 61
54 67
54 69
54 71
54 72
54 73
54 74
54 76
54 77
54 78
54 80
54 81
54 82
54 83
54 84
54 89
54 90
54 91
54 96
54 97
54 100
55 4
55 7
55 8
55 10
55 11
55 15
55 16
55 19
55 23
55 25
55 29
55 30
55 42
55 45
55 47
55 49
55 52
55 54
55 56
55 58
55 59
55 61
55 64
55 65
55 67
55 71
55 72
55 73
55 74
55 76
55 77
55 78
55 80
55 81
55 82
55 83
55 84
55 88
55 89
55 91
55 96
55 97
55 100
56 7
56 8
56 10
56 11
56 15
56 16
56 19
56 23
56 25
56 26
56 29
56 30
56 41
56 42
56 43
56 45
56 47
56 49
56 52
56 54
56 55
56 58
56 59
56 61
56 67
56 69
56 71
56 73
56 74
56 76
56 77
56 78
56 80
56 81
56 83
56 84
56 88
56 89
56 90
56 91
56 96
56 97
56 100
57 1
57 2
57 3
57 5
57 6
57 12
57 14
57 17
57 18
57 20
57 22
57 24
57 26
57 27
57 31
57 32
57 33
57 34
57 35
57 36
57 37
57 38
57 41
57 45
57 46
57 50
57 51
57 53
57 62
57 63
57 65
57 68
57 70
57 74
57 75
57 79
57 85
57 86
57 87
57 92
57 93
57 94
57 95
58 4
58 7
58 8
58 11
58 15
58 16
58 19
58 22
58 25
58 29
58 30
58 42
58 45
58 47
58 49
58 52
58 54
58 55
58 56
58 59
58 61
58 62
58 67
58 69
58 71
58 72
58 73
58 74
58 76
58 78
58 80
58 81
58 82
58 83
58 84
58 88
58 89
58 90
58 91
58 96
58 97
58 98
58 100
59 4
59 7
59 8
59 10
59 15
59 16
59 19
59 23
59 25
59 29
59 30
59 37
59 43
59 44
59 45
59 47
59 49
59 54
59 55
59 56
59 58
59 67
59 69
59 71
59 72
59 73
59 74
59 76
59 77
59 78
59 80
59 81
59 82
59 83
59 84
59 86
59 88
59 89
59 90
59 91
59 96
59 97
59 100
60 3
60 5
60 12
60 14
60 17
60 18
60 20
60 21
60 22
60 24
60 26
60 27
60 28
60 29
60 31
60 32
60 33
60 34
60 35
60 36
60 37
60 38
60 39
60 40
60 41
60 50
60 51
60 53
60 62
60 63
60 64
60 66
60 68
60 70
60 75
60 79
60 85
60 87
60 93
60 94
60 98
60 99
61 7
61 10
61 11
61 16
61 19
61 23
61 25
61 29
61 30
61 42
61 43
61 44
61 45
61 46
61 47
61 49
61 52
61 54
61 55
61 56
61 58
61 67
61 68
61 69
61 71
61 72
61 73
61 74
61 76
61 78
61 80
61 81
61 82
61 83
61 84
61 85
61 88
61 89
61 90
61 91
61 96
61 97
61 100
62 1
62 5
62 6
62 9
62 12
62 13
62 14
62 17
62 18
62 20
62 21
62 22
62 26
62 27
62 28
62 31
62 32
62 34
62 36
62 37
62 38
62 39
62 40
62 46
62 47
62 50
62 57
62 58
62 60
62 63
62 64
62 65
62 66
62 68
62 70
62 79
62 86
62 87
62 92
62 93
62 95
62 98
62 99
63 2
63 3
63 4
63 5
63 6
63 13
63 14
63 17
63 18
63 21
63 24
63 26
63 27
63 28
63 31
63 32
63 33
63 35
63 36
63 37
63 38
63 39
63 40
63 41
63 46
63 48
63 50
63 51
63 53
63 57
63 60
63 62
63 68
63 74
63 75
63 79
63 84
63 85
63 87
63 92
63 93
63 94
63 98
63 99
64 2
64 3
64 5
64 6
64 9
64 12
64 13
64 14
64 17
64 18
64 20
64 22
64 24
64 26
64 28
64 31
64 32
64 33
64 34
64 35
64 36
64 37
64 40
64 41
64 48
64 50
64 51
64 53
64 55
64 60
64 62
64 65
64 66
64 68
64 70
64 75
64 78
64 79
64 85
64 86
64 87
64 92
64 93
64 95
65 1
65 2
65 3
65 9
65 12
65 13
65 14
65 16
65 17
65 18
65 20
65 21
65 22
65 26
65 27
65 28
65 31
65 32
65 34
65 35
65 37
65 38
65 39
65 41
65 48
65 50
65 51
65 53
65 55
65 57
65 62
65 64
65 68
65 70
65 75
65 79
65 85
65 86
65 87
65 92
65 93
65 95
65 98
65 99
66 1
66 3
66 5
66 12
66 13
66 14
66 17
66 18
66 22
66 24
66 26
66 27
66 28
66 32
66 33
66 34
66 35
66 36
66 37
66 38
66 39
66 40
66 41
66 46
66 48
66 50
66 51
66 53
66 60
66 62
66 64
66 68
66 75
66 79
66 85
66 86
66 87
66 90
66 92
66 93
66 95
66 96
66 98
66 99
67 4
67 8
67 11
67 15
67 16
67 19
67 23
67 24
67 25
67 29
67 30
67 40
67 42
67 43
67 44
67 47
67 49
67 52
67 54
67 55
67 56
67 58
67 59
67 61
67 69
67 71
67 72
67 73
67 74
67 76
67 77
67 78
67 80
67 81
67 82
67 83
67 84
67 88
67 89
67 90
67 91
67 96
67 97
67 100
68 1
68 2
68 3
68 5
68 9
68 12
68 13
68 14
68 17
68 18
68 20
68 24
68 26
68 32
68 34
68 36
68 37
68 38
68 39
68 40
68 41
68 46
68 48
68 51
68 57
68 60
68 61
68 62
68 63
68 64
68 65
68 66
68 70
68 75
68 79
68 85
68 86
68 87
68 88
68 92
68 93
68 94
68 95
68 99
69 2
69 4
69 7
69 8
69 10
69 11
69 15
69 16
69 23
69 25
69 29
69 38
69 42
69 43
69 44
69 45
69 47
69 49
69 52
69 54
69 56
69 58
69 59
69 61
69 67
69 71
69 72
69 73
69 74
69 76
69 77
69 78
69 80
69 81
69 82
69 83
69 84
69 88
69 89
69 90
69 91
69 96
69 97
69 100
70 2
70 3
70 6
70 9
70 10
70 12
70 13
70 14
70 18
70 20
70 22
70 24
70 26
70 27
70 31
70 32
70 34
70 35
70 36
70 37
70 38
70 39
70 40
70 41
70 43
70 50
70 51
70 53
70 57
70 60
70 62
70 64
70 65
70 68
70 75
70 79
70 85
70 86
70 87
70 93
70 94
70 95
70 98
70 99
71 4
71 7
71 10
71 11
71 15
71 16
71 19
71 23
71 25
71 27
71 30
71 35
71 42
71 43
71 44
71 45
71 49
71 52
71 54
71 55
71 56
71 58
71 59
71 61
71 67
71 69
71 72
71 73
71 74
71 76
71 77
71 78
71 80
71 81
71 82
71 83
71 84
71 88
71 89
71 90
71 91
71 96
71 97
71 100
72 4
72 8
72 10
72 11
72 15
72 19
72 23
72 25
72 29
72 30
72 36
72 42
72 43
72 44
72 45
72 47
72 49
72 52
72 54
72 55
72 58
72 59
72 61
72 67
72 69
72 71
72 73
72 74
72 76
72 77
72 78
72 80
72 81
72 82
72 83
72 84
72 88
72 89
72 90
72 91
72 96
72 97
72 98
72 100
73 2
73 4
73 7
73 10
73 15
73 16
73 19
73 23
73 25
73 29
73 30
73 41
73 42
73 43
73 44
73 45
73 47
73 49
73 52
73 54
73 55
73 56
73 58
73 59
73 61
73 67
73 69
73 71
73 72
73 74
73 76
73 77
73 78
73 80
73 81
73 82
73 83
73 84
73 88
73 89
73 91
73 96
73 97
73 100
74 7
74 10
74 11
74 15
74 16
74 19
74 23
74 25
74 29
74 30
74 42
74 43
74 44
74 45
74 47
74 49
74 52
74 54
74 55
74 56
74 57
74 58
74 59
74 61
74 63
74 67
74 69
74 71
74 72
74 73
74 76
74 77
74 78
74 80
74 81
74 82
74 83
74 84
74 88
74 89
74 90
74 91
74 96
74 97
74 100
75 1
75 3
75 5
75 6
75 12
75 13
75 17
75 18
75 20
75 21
75 22
75 24
75 26
75 29
75 31
75 32
75 33
75 34
75 36
75 37
75 38
75 39
75 40
75 46
75 48
75 50
75 51
75 52
75 53
75 57
75 60
75 63
75 64
75 65
75 66
75 68
75 70
75 85
75 86
75 87
75 92
75 93
75 95
75 98
75 99
76 4
76 7
76 8
76 10
76 11
76 15
76 16
76 23
76 29
76 30
76 42
76 43
76 44
76 45
76 47
76 48
76 49
76 52
76 54
76 55
76 56
76 58
76 59
76 61
76 67
76 69
76 71
76 72
76 73
76 74
76 77
76 78
76 80
76 81
76 82
76 83
76 84
76 87
76 88
76 89
76 90
76 91
76 96
76 97
76 100
77 4
77 7
77 8
77 10
77 11
77 15
77 16
77 18
77 19
77 22
77 23
77 25
77 29
77 30
77 42
77 43
77 44
77 45
77 47
77 49
77 52
77 54
77 55
77 56
77 59
77 67
77 69
77 71
77 72
77 73
77 74
77 76
77 78
77 80
77 81
77 82
77 83
77 84
77 88
77 89
77 90
77 91
77 96
77 97
77 100
78 4
78 7
78 8
78 10
78 11
78 15
78 16
78 19
78 23
78 29
78 30
78 39
78 42
78 43
78 45
78 47
78 48
78 49
78 52
78 54
78 55
78 56
78 58
78 59
78 61
78 64
78 67
78 69
78 71
78 72
78 73
78 74
78 76
78 77
78 80
78 82
78 83
78 84
78 88
78 89
78 90
78 91
78 96
78 97
78 100
79 1
79 3
79 5
79 6
79 9
79 12
79 13
79 14
79 18
79 20
79 21
79 24
79 27
79 28
79 31
79 33
79 34
79 35
79 36
79 37
79 38
79 39
79 41
79 44
79 47
79 50
79 51
79 53
79 57
79 60
79 62
79 63
79 64
79 65
79 66
79 68
79 70
79 85
79 86
79 87
79 92
79 93
79 94
79 98
79 99
80 4
80 7
80 8
80 11
80 15
80 16
80 19
80 20
80 23
80 25
80 29
80 30
80 31
80 42
80 43
80 44
80 45
80 47
80 49
80 54
80 55
80 56
80 58
80 59
80 61
80 67
80 69
80 71
80 72
80 73
80 74
80 76
80 77
80 78
80 81
80 82
80 83
80 84
80 88
80 89
80 90
80 91
80 96
80 97
80 100
81 4
81 7
81 8
81 10
81 11
81 13
81 15
81 16
81 19
81 23
81 25
81 29
81 30
81 42
81 43
81 44
81 45
81 47
81 49
81 51
81 52
81 53
81 54
81 55
81 56
81 58
81 59
81 61
81 67
81 69
81 71
81 72
81 73
81 74
81 76
81 77
81 80
81 82
81 83
81 84
81 89
81 90
81 91
81 96
81 97
81 100
82 4
82 7
82 8
82 10
82 11
82 15
82 16
82 19
82 25
82 28
82 29
82 30
82 31
82 42
82 43
82 44
82 45
82 47
82 49
82 52
82 54
82 55
82 58
82 59
82 61
82 67
82 69
82 71
82 72
82 73
82 74
82 76
82 77
82 78
82 80
82 81
82 83
82 84
82 88
82 89
82 90
82 91
82 95
82 96
82 97
82 100
83 4
83 7
83 8
83 10
83 11
83 15
83 16
83 19
83 23
83 25
83 29
83 30
83 32
83 42
83 43
83 44
83 45
83 49
83 50
83 52
83 54
83 55
83 56
83 58
83 59
83 61
83 67
83 69
83 71
83 72
83 73
83 74
83 76
83 77
83 78
83 80
83 81
83 82
83 84
83 88
83 89
83 90
83 91
83 96
83 97
83 100
84 4
84 7
84 8
84 10
84 11
84 15
84 16
84 19
84 23
84 25
84 29
84 30
84 42
84 43
84 44
84 45
84 49
84 52
84 53
84 54
84 55
84 56
84 58
84 59
84 61
84 63
84 67
84 69
84 71
84 72
84 73
84 74
84 76
84 77
84 78
84 80
84 81
84 82
84 83
84 88
84 89
84 90
84 91
84 96
84 97
84 100
85 1
85 2
85 3
85 5
85 6
85 9
85 12
85 13
85 14
85 17
85 18
85 21
85 22
85 24
85 26
85 27
85 28
85 33
85 34
85 35
85 36
85 38
85 40
85 41
85 46
85 48
85 50
85 57
85 60
85 61
85 63
85 64
85 65
85 66
85 68
85 70
85 75
85 79
85 86
85 92
85 93
85 94
85 95
85 98
85 99
86 2
86 3
86 5
86 9
86 12
86 13
86 14
86 17
86 18
86 20
86 22
86 23
86 26
86 27
86 28
86 31
86 32
86 34
86 35
86 36
86 37
86 38
86 40
86 41
86 46
86 48
86 50
86 51
86 53
86 57
86 59
86 62
86 64
86 65
86 66
86 68
86 70
86 75
86 79
86 85
86 87
86 93
86 94
86 95
86 98
86 99
87 1
87 2
87 3
87 5
87 6
87 9
87 12
87 16
87 17
87 18
87 20
87 21
87 24
87 26
87 28
87 30
87 34
87 35
87 36
87 37
87 38
87 39
87 41
87 46
87 49
87 50
87 51
87 53
87 57
87 60
87 62
87 63
87 64
87 65
87 66
87 68
87 70
87 75
87 76
87 79
87 86
87 92
87 94
87 95
87 98
87 99
88 4
88 7
88 8
88 10
88 11
88 15
88 16
88 19
88 23
88 25
88 29
88 30
88 42
88 43
88 44
88 45
88 47
88 49
88 50
88 52
88 55
88 56
88 58
88 59
88 61
88 67
88 68
88 69
88 71
88 72
88 73
88 74
88 76
88 77
88 78
88 80
88 82
88 83
88 84
88 89
88 90
88 91
88 96
88 97
88 99
88 100
89 4
89 7
89 8
89 10
89 11
89 16
89 19
89 23
89 25
89 29
89 30
89 36
89 42
89 43
89 44
89 45
89 47
89 49
89 52
89 54
89 55
89 56
89 58
89 59
89 61
89 67
89 69
89 71
89 72
89 73
89 74
89 76
89 77
89 78
89 80
89 81
89 82
89 83
89 84
89 88
89 90
89 91
89 94
89 96
89 97
89 100
90 4
90 7
90 8
90 10
90 11
90 15
90 16
90 19
90 23
90 25
90 29
90 30
90 32
90 39
90 42
90 43
90 44
90 45
90 47
90 49
90 52
90 54
90 56
90 58
90 59
90 61
90 66
90 67
90 69
90 71
90 72
90 74
90 76
90 77
90 78
90 80
90 81
90 82
90 83
90 84
90 88
90 89
90 91
90 96
90 97
90 100
91 4
91 7
91 8
91 10
91 11
91 15
91 16
91 18
91 19
91 23
91 25
91 29
91 30
91 33
91 43
91 44
91 45
91 47
91 49
91 52
91 54
91 55
91 56
91 58
91 59
91 61
91 67
91 69
91 71
91 72
91 73
91 74
91 76
91 77
91 78
91 80
91 81
91 82
91 83
91 84
91 88
91 89
91 90
91 96
91 97
91 100
92 1
92 2
92 3
92 5
92 6
92 8
92 9
92 14
92 15
92 17
92 18
92 20
92 21
92 22
92 26
92 27
92 31
92 32
92 33
92 34
92 35
92 36
92 37
92 38
92 39
92 40
92 41
92 48
92 51
92 53
92 57
92 62
92 63
92 64
92 65
92 66
92 68
92 75
92 79
92 85
92 87
92 93
92 94
92 95
92 98
92 99
93 1
93 2
93 3
93 6
93 9
93 13
93 14
93 17
93 20
93 21
93 22
93 24
93 26
93 27
93 28
93 30
93 31
93 32
93 33
93 34
93 35
93 36
93 39
93 43
93 48
93 50
93 53
93 57
93 60
93 62
93 63
93 64
93 65
93 66
93 68
93 70
93 75
93 79
93 85
93 86
93 92
93 94
93 95
93 98
93 99
93 100
94 1
94 2
94 3
94 5
94 9
94 12
94 13
94 14
94 17
94 18
94 20
94 21
94 22
94 24
94 26
94 27
94 28
94 32
94 33
94 34
94 35
94 36
94 37
94 39
94 40
94 46
94 48
94 50
94 51
94 53
94 57
94 60
94 63
94 68
94 70
94 79
94 85
94 86
94 87
94 89
94 92
94 93
94 95
94 96
94 98
94 99
95 1
95 2
95 3
95 5
95 6
95 9
95 12
95 14
95 17
95 21
95 22
95 24
95 26
95 27
95 28
95 31
95 32
95 33
95 34
95 35
95 36
95 37
95 38
95 39
95 46
95 47
95 48
95 50
95 51
95 53
95 57
95 62
95 64
95 65
95 66
95 68
95 70
95 75
95 82
95 85
95 86
95 87
95 92
95 93
95 94
95 98
95 99
96 4
96 7
96 8
96 10
96 11
96 14
96 15
96 16
96 19
96 23
96 25
96 29
96 30
96 43
96 44
96 45
96 47
96 49
96 52
96 54
96 55
96 56
96 58
96 59
96 61
96 66
96 67
96 69
96 71
96 72
96 73
96 74
96 76
96 77
96 78
96 80
96 81
96 82
96 83
96 84
96 88
96 89
96 90
96 91
96 94
96 97
96 100
97 3
97 4
97 7
97 8
97 10
97 11
97 15
97 16
97 19
97 21
97 23
97 25
97 29
97 30
97 42
97 43
97 44
97 45
97 47
97 49
97 52
97 54
97 55
97 56
97 58
97 59
97 61
97 67
97 69
97 71
97 72
97 73
97 74
97 76
97 77
97 78
97 80
97 81
97 82
97 83
97 84
97 88
97 89
97 90
97 91
97 96
97 100
98 1
98 2
98 5
98 9
98 13
98 14
98 17
98 18
98 20
98 21
98 22
98 24
98 26
98 27
98 28
98 32
98 33
98 34
98 35
98 36
98 37
98 38
98 39
98 41
98 46
98 48
98 50
98 51
98 53
98 58
98 60
98 62
98 63
98 65
98 66
98 70
98 72
98 75
98 79
98 85
98 86
98 87
98 92
98 93
98 94
98 95
98 99
99 1
99 2
99 5
99 6
99 9
99 12
99 17
99 18
99 20
99 21
99 22
99 24
99 25
99 26
99 27
99 28
99 31
99 32
99 33
99 34
99 35
99 38
99 39
99 40
99 41
99 48
99 49
99 50
99 53
99 60
99 62
99 63
99 65
99 66
99 68
99 70
99 75
99 79
99 85
99 86
99 87
99 88
99 92
99 93
99 94
99 95
99 98
100 4
100 7
100 8
100 10
100 11
100 15
100 16
100 19
100 23
100 25
100 29
100 30
100 38
100 42
100 43
100 44
100 45
100 47
100 49
100 52
100 54
100 55
100 56
100 58
100 59
100 61
100 67
100 69
100 71
100 72
100 73
100 74
100 76
100 77
100 78
100 80
100 81
100 82
100 83
100 84
100 88
100 89
100 90
100 91
100 93
100 96
100 97
101.0 102.0 103.0 104.0 105.0 106.0 107.0 108.0 109.0 110.0 111.0 112.0 113.0 114.0 115.0 116.0 117.0 118.0 119.0 120.0 121.0 122.0 123.0 124.0 125.0 126.0 127.0 128.0 129.0 130.0 131.0 132.0 133.0 134.0 135.0 136.0 137.0 138.0 139.0 140.0 141.0 142.0 143.0 144.0 145.0 146.0 147.0 148.0 149.0 150.0 151.0 152.0 153.0 154.0 155.0 156.0 157.0 158.0 159.0 160.0 161.0 162.0 163.0 164.0 165.0 166.0 167.0 168.0 169.0 170.0 171.0 172.0 173.0 174.0 175.0 176.0 177.0 178.0 179.0 180.0 181.0 182.0 183.0 184.0 185.0 186.0 187.0 188.0 189.0 190.0 191.0 192.0 193.0 194.0 195.0 196.0 197.0 198.0 199.0 200.0
4218
101.0 102.0
101.0 106.0
101.0 109.0
101.0 110.0
101.0 112.0
101.0 113.0
101.0 117.0
101.0 120.0
101.0 121.0
101.0 124.0
101.0 132.0
101.0 133.0
101.0 134.0
101.0 135.0
101.0 136.0
101.0 137.0
101.0 138.0
101.0 139.0
101.0 140.0
101.0 141.0
101.0 148.0
101.0 150.0
101.0 157.0
101.0 162.0
101.0 165.0
101.0 166.0
101.0 168.0
101.0 175.0
101.0 179.0
101.0 185.0
101.0 187.0
101.0 192.0
101.0 193.0
101.0 194.0
101.0 195.0
101.0 198.0
101.0 199.0
102.0 101.0
102.0 112.0
102.0 113.0
102.0 114.0
102.0 117.0
102.0 118.0
102.0 121.0
102.0 122.0
102.0 127.0
102.0 131.0
102.0 132.0
102.0 133.0
102.0 135.0
102.0 136.0
102.0 138.0
102.0 140.0
102.0 141.0
102.0 146.0
102.0 148.0
102.0 151.0
102.0 153.0
102.0 157.0
102.0 163.0
102.0 164.0
102.0 165.0
102.0 168.0
102.0 169.0
102.0 170.0
102.0 173.0
102.0 185.0
102.0 186.0
102.0 187.0
102.0 192.0
102.0 193.0
102.0 194.0
102.0 195.0
102.0 198.0
102.0 199.0
103.0 105.0
103.0 117.0
103.0 118.0
103.0 122.0
103.0 124.0
103.0 127.0
103.0 131.0
103.0 132.0
103.0 133.0
103.0 134.0
103.0 135.0
103.0 136.0
103.0 137.0
103.0 139.0
103.0 140.0
103.0 146.0
103.0 148.0
103.0 150.0
103.0 153.0
103.0 154.0
103.0 157.0
103.0 160.0
103.0 163.0
103.0 164.0
103.0 165.0
103.0 166.0
103.0 168.0
103.0 170.0
103.0 175.0
103.0 179.0
103.0 185.0
103.0 186.0
103.0 187.0
103.0 192.0
103.0 193.0
103.0 194.0
103.0 195.0
103.0 197.0
104.0 110.0
104.0 115.0
104.0 119.0
104.0 125.0
104.0 129.0
104.0 130.0
104.0 142.0
104.0 143.0
104.0 144.0
104.0 145.0
104.0 146.0
104.0 149.0
104.0 152.0
104.0 154.0
104.0 155.0
104.0 158.0
104.0 159.0
104.0 163.0
104.0 167.0
104.0 169.0
104.0 171.0
104.0 172.0
104.0 173.0
104.0 176.0
104.0 177.0
104.0 178.0
104.0 180.0
104.0 181.0
104.0 182.0
104.0 183.0
104.0 184.0
104.0 188.0
104.0 189.0
104.0 190.0
104.0 191.0
104.0 196.0
104.0 197.0
104.0 200.0
105.0 103.0
105.0 106.0
105.0 109.0
105.0 112.0
105.0 113.0
105.0 114.0
105.0 117.0
105.0 120.0
105.0 122.0
105.0 124.0
105.0 126.0
105.0 133.0
105.0 135.0
105.0 136.0
105.0 137.0
105.0 139.0
105.0 141.0
105.0 146.0
105.0 148.0
105.0 157.0
105.0 160.0
105.0 162.0
105.0 163.0
105.0 164.0
105.0 166.0
105.0 168.0
105.0 175.0
105.0 179.0
105.0 185.0
105.0 186.0
105.0 187.0
105.0 192.0
105.0 194.0
105.0 195.0
105.0 198.0
105.0 199.0
106.0 101.0
106.0 105.0
106.0 108.0
106.0 109.0
106.0 112.0
106.0 113.0
106.0 118.0
106.0 120.0
106.0 121.0
106.0 122.0
106.0 124.0
106.0 126.0
106.0 128.0
106.0 133.0
106.0 134.0
106.0 136.0
106.0 138.0
106.0 139.0
106.0 140.0
106.0 141.0
106.0 145.0
106.0 146.0
106.0 148.0
106.0 150.0
106.0 151.0
106.0 157.0
106.0 162.0
106.0 163.0
106.0 164.0
106.0 170.0
106.0 175.0
106.0 179.0
106.0 185.0
106.0 187.0
106.0 192.0
106.0 193.0
106.0 195.0
106.0 199.0
107.0 108.0
107.0 110.0
107.0 112.0
107.0 116.0
107.0 119.0
107.0 121.0
107.0 123.0
107.0 125.0
107.0 130.0
107.0 142.0
107.0 144.0
107.0 147.0
107.0 152.0
107.0 154.0
107.0 155.0
107.0 156.0
107.0 158.0
107.0 159.0
107.0 161.0
107.0 169.0
107.0 171.0
107.0 173.0
107.0 174.0
107.0 176.0
107.0 177.0
107.0 178.0
107.0 180.0
107.0 181.0
107.0 182.0
107.0 183.0
107.0 184.0
107.0 188.0
107.0 189.0
107.0 190.0
107.0 191.0
107.0 196.0
107.0 197.0
107.0 200.0
108.0 106.0
108.0 107.0
108.0 110.0
108.0 111.0
108.0 115.0
108.0 119.0
108.0 123.0
108.0 125.0
108.0 129.0
108.0 142.0
108.0 144.0
108.0 145.0
108.0 147.0
108.0 149.0
108.0 152.0
108.0 154.0
108.0 155.0
108.0 156.0
108.0 158.0
108.0 159.0
108.0 167.0
108.0 169.0
108.0 172.0
108.0 176.0
108.0 177.0
108.0 178.0
108.0 180.0
108.0 181.0
108.0 182.0
108.0 183.0
108.0 184.0
108.0 188.0
108.0 189.0
108.0 190.0
108.0 191.0
108.0 192.0
108.0 196.0
108.0 197.0
108.0 200.0
109.0 101.0
109.0 105.0
109.0 106.0
109.0 112.0
109.0 114.0
109.0 117.0
109.0 118.0
109.0 120.0
109.0 121.0
109.0 124.0
109.0 126.0
109.0 128.0
109.0 131.0
109.0 132.0
109.0 133.0
109.0 138.0
109.0 139.0
109.0 141.0
109.0 142.0
109.0 146.0
109.0 148.0
109.0 150.0
109.0 151.0
109.0 162.0
109.0 164.0
109.0 165.0
109.0 168.0
109.0 170.0
109.0 179.0
109.0 185.0
109.0 186.0
109.0 187.0
109.0 192.0
109.0 193.0
109.0 194.0
109.0 195.0
109.0 198.0
109.0 199.0
110.0 101.0
110.0 104.0
110.0 107.0
110.0 108.0
110.0 111.0
110.0 115.0
110.0 116.0
110.0 119.0
110.0 130.0
110.0 142.0
110.0 143.0
110.0 144.0
110.0 147.0
110.0 149.0
110.0 152.0
110.0 155.0
110.0 156.0
110.0 159.0
110.0 161.0
110.0 169.0
110.0 170.0
110.0 171.0
110.0 172.0
110.0 173.0
110.0 174.0
110.0 176.0
110.0 177.0
110.0 178.0
110.0 181.0
110.0 182.0
110.0 183.0
110.0 184.0
110.0 188.0
110.0 189.0
110.0 190.0
110.0 191.0
110.0 196.0
110.0 197.0
110.0 200.0
111.0 108.0
111.0 110.0
111.0 115.0
111.0 119.0
111.0 123.0
111.0 125.0
111.0 126.0
111.0 130.0
111.0 134.0
111.0 142.0
111.0 143.0
111.0 145.0
111.0 147.0
111.0 152.0
111.0 154.0
111.0 155.0
111.0 156.0
111.0 158.0
111.0 161.0
111.0 167.0
111.0 169.0
111.0 171.0
111.0 172.0
111.0 174.0
111.0 176.0
111.0 177.0
111.0 178.0
111.0 180.0
111.0 181.0
111.0 182.0
111.0 183.0
111.0 184.0
111.0 188.0
111.0 189.0
111.0 190.0
111.0 191.0
111.0 196.0
111.0 197.0
111.0 200.0
112.0 101.0
112.0 102.0
112.0 105.0
112.0 106.0
112.0 107.0
112.0 109.0
112.0 114.0
112.0 121.0
112.0 122.0
112.0 124.0
112.0 127.0
112.0 128.0
112.0 133.0
112.0 134.0
112.0 135.0
112.0 137.0
112.0 138.0
112.0 140.0
112.0 141.0
112.0 148.0
112.0 150.0
112.0 151.0
112.0 153.0
112.0 157.0
112.0 160.0
112.0 162.0
112.0 164.0
112.0 165.0
112.0 166.0
112.0 168.0
112.0 170.0
112.0 175.0
112.0 179.0
112.0 185.0
112.0 186.0
112.0 187.0
112.0 194.0
112.0 195.0
112.0 199.0
113.0 101.0
113.0 102.0
113.0 105.0
113.0 106.0
113.0 114.0
113.0 118.0
113.0 120.0
113.0 121.0
113.0 122.0
113.0 124.0
113.0 127.0
113.0 128.0
113.0 131.0
113.0 135.0
113.0 136.0
113.0 138.0
113.0 139.0
113.0 140.0
113.0 141.0
113.0 146.0
113.0 148.0
113.0 151.0
113.0 153.0
113.0 162.0
113.0 163.0
113.0 164.0
113.0 165.0
113.0 166.0
113.0 168.0
113.0 170.0
113.0 175.0
113.0 179.0
113.0 181.0
113.0 185.0
113.0 186.0
113.0 193.0
113.0 194.0
113.0 198.0
114.0 102.0
114.0 105.0
114.0 109.0
114.0 112.0
114.0 113.0
114.0 117.0
114.0 118.0
114.0 120.0
114.0 121.0
114.0 127.0
114.0 128.0
114.0 131.0
114.0 132.0
114.0 133.0
114.0 134.0
114.0 135.0
114.0 136.0
114.0 141.0
114.0 146.0
114.0 148.0
114.0 150.0
114.0 157.0
114.0 160.0
114.0 162.0
114.0 163.0
114.0 164.0
114.0 165.0
114.0 166.0
114.0 168.0
114.0 170.0
114.0 179.0
114.0 185.0
114.0 186.0
114.0 192.0
114.0 193.0
114.0 194.0
114.0 195.0
114.0 196.0
114.0 198.0
115.0 104.0
115.0 108.0
115.0 110.0
115.0 111.0
115.0 116.0
115.0 123.0
115.0 125.0
115.0 128.0
115.0 142.0
115.0 143.0
115.0 144.0
115.0 145.0
115.0 147.0
115.0 154.0
115.0 155.0
115.0 156.0
115.0 158.0
115.0 159.0
115.0 167.0
115.0 169.0
115.0 171.0
115.0 172.0
115.0 173.0
115.0 174.0
115.0 176.0
115.0 177.0
115.0 178.0
115.0 180.0
115.0 181.0
115.0 182.0
115.0 183.0
115.0 184.0
115.0 188.0
115.0 190.0
115.0 191.0
115.0 192.0
115.0 196.0
115.0 197.0
115.0 200.0
116.0 107.0
116.0 110.0
116.0 115.0
116.0 123.0
116.0 125.0
116.0 129.0
116.0 142.0
116.0 143.0
116.0 144.0
116.0 147.0
116.0 152.0
116.0 154.0
116.0 155.0
116.0 156.0
116.0 158.0
116.0 159.0
116.0 161.0
116.0 165.0
116.0 167.0
116.0 169.0
116.0 171.0
116.0 173.0
116.0 174.0
116.0 176.0
116.0 177.0
116.0 178.0
116.0 180.0
116.0 181.0
116.0 182.0
116.0 183.0
116.0 184.0
116.0 187.0
116.0 188.0
116.0 189.0
116.0 190.0
116.0 191.0
116.0 196.0
116.0 197.0
116.0 200.0
117.0 101.0
117.0 102.0
117.0 103.0
117.0 105.0
117.0 109.0
117.0 114.0
117.0 119.0
117.0 120.0
117.0 121.0
117.0 122.0
117.0 126.0
117.0 128.0
117.0 131.0
117.0 136.0
117.0 137.0
117.0 140.0
117.0 142.0
117.0 146.0
117.0 148.0
117.0 151.0
117.0 153.0
117.0 157.0
117.0 160.0
117.0 162.0
117.0 163.0
117.0 164.0
117.0 165.0
117.0 166.0
117.0 168.0
117.0 175.0
117.0 185.0
117.0 186.0
117.0 187.0
117.0 192.0
117.0 193.0
117.0 194.0
117.0 195.0
117.0 198.0
117.0 199.0
118.0 102.0
118.0 103.0
118.0 106.0
118.0 109.0
118.0 113.0
118.0 114.0
118.0 120.0
118.0 127.0
118.0 131.0
118.0 133.0
118.0 135.0
118.0 137.0
118.0 139.0
118.0 140.0
118.0 146.0
118.0 148.0
118.0 150.0
118.0 151.0
118.0 153.0
118.0 157.0
118.0 160.0
118.0 162.0
118.0 163.0
118.0 164.0
118.0 165.0
118.0 166.0
118.0 168.0
118.0 170.0
118.0 175.0
118.0 177.0
118.0 179.0
118.0 185.0
118.0 186.0
118.0 187.0
118.0 191.0
118.0 192.0
118.0 194.0
118.0 198.0
118.0 199.0
119.0 104.0
119.0 107.0
119.0 108.0
119.0 110.0
119.0 111.0
119.0 117.0
119.0 125.0
119.0 130.0
119.0 140.0
119.0 142.0
119.0 143.0
119.0 144.0
119.0 145.0
119.0 149.0
119.0 152.0
119.0 155.0
119.0 156.0
119.0 158.0
119.0 159.0
119.0 161.0
119.0 167.0
119.0 171.0
119.0 172.0
119.0 173.0
119.0 174.0
119.0 177.0
119.0 178.0
119.0 180.0
119.0 181.0
119.0 182.0
119.0 183.0
119.0 184.0
119.0 188.0
119.0 189.0
119.0 190.0
119.0 191.0
119.0 196.0
119.0 197.0
119.0 200.0
120.0 101.0
120.0 105.0
120.0 106.0
120.0 109.0
120.0 113.0
120.0 114.0
120.0 117.0
120.0 118.0
120.0 121.0
120.0 125.0
120.0 126.0
120.0 127.0
120.0 128.0
120.0 132.0
120.0 137.0
120.0 138.0
120.0 139.0
120.0 141.0
120.0 146.0
120.0 150.0
120.0 151.0
120.0 153.0
120.0 157.0
120.0 160.0
120.0 162.0
120.0 164.0
120.0 165.0
120.0 168.0
120.0 170.0
120.0 175.0
120.0 179.0
120.0 180.0
120.0 186.0
120.0 187.0
120.0 192.0
120.0 193.0
120.0 194.0
120.0 198.0
120.0 199.0
121.0 101.0
121.0 102.0
121.0 106.0
121.0 107.0
121.0 109.0
121.0 112.0
121.0 113.0
121.0 114.0
121.0 117.0
121.0 120.0
121.0 124.0
121.0 128.0
121.0 132.0
121.0 134.0
121.0 135.0
121.0 136.0
121.0 137.0
121.0 138.0
121.0 139.0
121.0 140.0
121.0 141.0
121.0 148.0
121.0 151.0
121.0 153.0
121.0 160.0
121.0 162.0
121.0 163.0
121.0 165.0
121.0 175.0
121.0 179.0
121.0 185.0
121.0 187.0
121.0 192.0
121.0 193.0
121.0 194.0
121.0 195.0
121.0 197.0
121.0 198.0
121.0 199.0
122.0 102.0
122.0 103.0
122.0 105.0
122.0 106.0
122.0 112.0
122.0 113.0
122.0 117.0
122.0 124.0
122.0 126.0
122.0 127.0
122.0 128.0
122.0 131.0
122.0 132.0
122.0 134.0
122.0 137.0
122.0 138.0
122.0 141.0
122.0 146.0
122.0 148.0
122.0 151.0
122.0 153.0
122.0 157.0
122.0 158.0
122.0 160.0
122.0 162.0
122.0 164.0
122.0 165.0
122.0 166.0
122.0 170.0
122.0 175.0
122.0 177.0
122.0 185.0
122.0 186.0
122.0 192.0
122.0 193.0
122.0 194.0
122.0 195.0
122.0 198.0
122.0 199.0
123.0 107.0
123.0 108.0
123.0 111.0
123.0 115.0
123.0 116.0
123.0 139.0
123.0 142.0
123.0 143.0
123.0 144.0
123.0 145.0
123.0 147.0
123.0 149.0
123.0 152.0
123.0 154.0
123.0 155.0
123.0 156.0
123.0 159.0
123.0 161.0
123.0 167.0
123.0 169.0
123.0 171.0
123.0 172.0
123.0 173.0
123.0 174.0
123.0 176.0
123.0 177.0
123.0 178.0
123.0 180.0
123.0 181.0
123.0 183.0
123.0 184.0
123.0 186.0
123.0 188.0
123.0 189.0
123.0 190.0
123.0 191.0
123.0 196.0
123.0 197.0
123.0 200.0
124.0 101.0
124.0 103.0
124.0 105.0
124.0 106.0
124.0 109.0
124.0 112.0
124.0 113.0
124.0 121.0
124.0 122.0
124.0 126.0
124.0 128.0
124.0 131.0
124.0 133.0
124.0 134.0
124.0 135.0
124.0 138.0
124.0 139.0
124.0 141.0
124.0 146.0
124.0 148.0
124.0 150.0
124.0 151.0
124.0 157.0
124.0 160.0
124.0 163.0
124.0 164.0
124.0 166.0
124.0 167.0
124.0 168.0
124.0 170.0
124.0 175.0
124.0 179.0
124.0 185.0
124.0 187.0
124.0 193.0
124.0 194.0
124.0 195.0
124.0 198.0
124.0 199.0
125.0 104.0
125.0 107.0
125.0 108.0
125.0 111.0
125.0 115.0
125.0 116.0
125.0 119.0
125.0 120.0
125.0 129.0
125.0 130.0
125.0 142.0
125.0 144.0
125.0 145.0
125.0 147.0
125.0 154.0
125.0 155.0
125.0 156.0
125.0 158.0
125.0 159.0
125.0 161.0
125.0 167.0
125.0 169.0
125.0 171.0
125.0 172.0
125.0 173.0
125.0 174.0
125.0 177.0
125.0 180.0
125.0 181.0
125.0 182.0
125.0 183.0
125.0 184.0
125.0 188.0
125.0 189.0
125.0 190.0
125.0 191.0
125.0 196.0
125.0 197.0
125.0 199.0
125.0 200.0
126.0 105.0
126.0 106.0
126.0 109.0
126.0 111.0
126.0 117.0
126.0 120.0
126.0 122.0
126.0 124.0
126.0 127.0
126.0 128.0
126.0 131.0
126.0 136.0
126.0 137.0
126.0 138.0
126.0 139.0
126.0 140.0
126.0 141.0
126.0 146.0
126.0 150.0
126.0 153.0
126.0 156.0
126.0 157.0
126.0 160.0
126.0 162.0
126.0 163.0
126.0 164.0
126.0 165.0
126.0 166.0
126.0 168.0
126.0 170.0
126.0 175.0
126.0 185.0
126.0 186.0
126.0 187.0
126.0 192.0
126.0 193.0
126.0 194.0
126.0 195.0
126.0 198.0
126.0 199.0
127.0 102.0
127.0 103.0
127.0 112.0
127.0 113.0
127.0 114.0
127.0 118.0
127.0 120.0
127.0 122.0
127.0 126.0
127.0 131.0
127.0 133.0
127.0 135.0
127.0 136.0
127.0 137.0
127.0 139.0
127.0 140.0
127.0 141.0
127.0 146.0
127.0 148.0
127.0 150.0
127.0 151.0
127.0 153.0
127.0 157.0
127.0 160.0
127.0 162.0
127.0 163.0
127.0 165.0
127.0 166.0
127.0 170.0
127.0 171.0
127.0 179.0
127.0 185.0
127.0 186.0
127.0 192.0
127.0 193.0
127.0 194.0
127.0 195.0
127.0 198.0
127.0 199.0
128.0 106.0
128.0 109.0
128.0 112.0
128.0 113.0
128.0 114.0
128.0 115.0
128.0 117.0
128.0 120.0
128.0 121.0
128.0 122.0
128.0 124.0
128.0 126.0
128.0 132.0
128.0 133.0
128.0 134.0
128.0 136.0
128.0 139.0
128.0 140.0
128.0 141.0
128.0 146.0
128.0 148.0
128.0 150.0
128.0 151.0
128.0 153.0
128.0 160.0
128.0 162.0
128.0 163.0
128.0 164.0
128.0 165.0
128.0 166.0
128.0 179.0
128.0 182.0
128.0 185.0
128.0 186.0
128.0 187.0
128.0 193.0
128.0 194.0
128.0 195.0
128.0 198.0
128.0 199.0
129.0 104.0
129.0 108.0
129.0 116.0
129.0 125.0
129.0 130.0
129.0 142.0
129.0 143.0
129.0 144.0
129.0 145.0
129.0 147.0
129.0 149.0
129.0 152.0
129.0 154.0
129.0 155.0
129.0 156.0
129.0 158.0
129.0 159.0
129.0 160.0
129.0 161.0
129.0 167.0
129.0 169.0
129.0 172.0
129.0 173.0
129.0 174.0
129.0 175.0
129.0 176.0
129.0 177.0
129.0 178.0
129.0 180.0
129.0 181.0
129.0 182.0
129.0 183.0
129.0 184.0
129.0 188.0
129.0 189.0
129.0 190.0
129.0 191.0
129.0 196.0
129.0 197.0
129.0 200.0
130.0 104.0
130.0 107.0
130.0 110.0
130.0 111.0
130.0 119.0
130.0 125.0
130.0 129.0
130.0 143.0
130.0 144.0
130.0 145.0
130.0 147.0
130.0 149.0
130.0 152.0
130.0 155.0
130.0 156.0
130.0 158.0
130.0 159.0
130.0 161.0
130.0 167.0
130.0 171.0
130.0 172.0
130.0 173.0
130.0 174.0
130.0 176.0
130.0 177.0
130.0 178.0
130.0 180.0
130.0 181.0
130.0 182.0
130.0 183.0
130.0 184.0
130.0 187.0
130.0 188.0
130.0 189.0
130.0 190.0
130.0 191.0
130.0 193.0
130.0 196.0
130.0 197.0
130.0 200.0
131.0 102.0
131.0 103.0
131.0 109.0
131.0 113.0
131.0 114.0
131.0 117.0
131.0 118.0
131.0 122.0
131.0 124.0
131.0 126.0
131.0 127.0
131.0 133.0
131.0 134.0
131.0 136.0
131.0 137.0
131.0 138.0
131.0 139.0
131.0 140.0
131.0 141.0
131.0 146.0
131.0 148.0
131.0 150.0
131.0 151.0
131.0 153.0
131.0 157.0
131.0 160.0
131.0 162.0
131.0 163.0
131.0 164.0
131.0 165.0
131.0 170.0
131.0 175.0
131.0 179.0
131.0 180.0
131.0 182.0
131.0 186.0
131.0 192.0
131.0 193.0
131.0 195.0
131.0 199.0
132.0 101.0
132.0 102.0
132.0 103.0
132.0 109.0
132.0 114.0
132.0 120.0
132.0 121.0
132.0 122.0
132.0 128.0
132.0 133.0
132.0 134.0
132.0 135.0
132.0 136.0
132.0 137.0
132.0 138.0
132.0 140.0
132.0 141.0
132.0 146.0
132.0 148.0
132.0 150.0
132.0 151.0
132.0 157.0
132.0 160.0
132.0 162.0
132.0 163.0
132.0 164.0
132.0 165.0
132.0 166.0
132.0 168.0
132.0 170.0
132.0 175.0
132.0 183.0
132.0 186.0
132.0 190.0
132.0 192.0
132.0 193.0
132.0 194.0
132.0 195.0
132.0 198.0
132.0 199.0
133.0 101.0
133.0 102.0
133.0 103.0
133.0 105.0
133.0 106.0
133.0 109.0
133.0 112.0
133.0 114.0
133.0 118.0
133.0 124.0
133.0 127.0
133.0 128.0
133.0 131.0
133.0 132.0
133.0 134.0
133.0 135.0
133.0 137.0
133.0 138.0
133.0 139.0
133.0 140.0
133.0 141.0
133.0 146.0
133.0 148.0
133.0 151.0
133.0 153.0
133.0 157.0
133.0 160.0
133.0 163.0
133.0 164.0
133.0 166.0
133.0 175.0
133.0 179.0
133.0 185.0
133.0 191.0
133.0 192.0
133.0 193.0
133.0 194.0
133.0 195.0
133.0 198.0
133.0 199.0
134.0 101.0
134.0 103.0
134.0 106.0
134.0 111.0
134.0 112.0
134.0 114.0
134.0 121.0
134.0 122.0
134.0 124.0
134.0 128.0
134.0 131.0
134.0 132.0
134.0 133.0
134.0 135.0
134.0 136.0
134.0 137.0
134.0 140.0
134.0 146.0
134.0 148.0
134.0 150.0
134.0 154.0
134.0 157.0
134.0 160.0
134.0 162.0
134.0 164.0
134.0 165.0
134.0 166.0
134.0 168.0
134.0 170.0
134.0 175.0
134.0 179.0
134.0 185.0
134.0 186.0
134.0 187.0
134.0 192.0
134.0 193.0
134.0 194.0
134.0 195.0
134.0 198.0
134.0 199.0
135.0 101.0
135.0 102.0
135.0 103.0
135.0 105.0
135.0 112.0
135.0 113.0
135.0 114.0
135.0 118.0
135.0 121.0
135.0 124.0
135.0 127.0
135.0 132.0
135.0 133.0
135.0 134.0
135.0 138.0
135.0 139.0
135.0 141.0
135.0 145.0
135.0 146.0
135.0 150.0
135.0 151.0
135.0 153.0
135.0 157.0
135.0 160.0
135.0 163.0
135.0 164.0
135.0 165.0
135.0 166.0
135.0 170.0
135.0 171.0
135.0 179.0
135.0 185.0
135.0 186.0
135.0 187.0
135.0 192.0
135.0 193.0
135.0 194.0
135.0 195.0
135.0 198.0
135.0 199.0
136.0 101.0
136.0 102.0
136.0 103.0
136.0 105.0
136.0 106.0
136.0 113.0
136.0 114.0
136.0 117.0
136.0 121.0
136.0 126.0
136.0 127.0
136.0 128.0
136.0 131.0
136.0 132.0
136.0 134.0
136.0 137.0
136.0 139.0
136.0 141.0
136.0 148.0
136.0 150.0
136.0 151.0
136.0 157.0
136.0 160.0
136.0 162.0
136.0 163.0
136.0 164.0
136.0 166.0
136.0 168.0
136.0 170.0
136.0 172.0
136.0 175.0
136.0 179.0
136.0 185.0
136.0 186.0
136.0 187.0
136.0 189.0
136.0 192.0
136.0 193.0
136.0 194.0
136.0 195.0
136.0 198.0
137.0 101.0
137.0 103.0
137.0 105.0
137.0 112.0
137.0 117.0
137.0 118.0
137.0 120.0
137.0 121.0
137.0 122.0
137.0 126.0
137.0 127.0
137.0 131.0
137.0 132.0
137.0 133.0
137.0 134.0
137.0 136.0
137.0 138.0
137.0 140.0
137.0 146.0
137.0 148.0
137.0 151.0
137.0 152.0
137.0 153.0
137.0 157.0
137.0 159.0
137.0 160.0
137.0 162.0
137.0 163.0
137.0 164.0
137.0 165.0
137.0 166.0
137.0 168.0
137.0 170.0
137.0 175.0
137.0 179.0
137.0 186.0
137.0 187.0
137.0 192.0
137.0 194.0
137.0 195.0
137.0 198.0
138.0 101.0
138.0 102.0
138.0 106.0
138.0 109.0
138.0 112.0
138.0 113.0
138.0 120.0
138.0 121.0
138.0 122.0
138.0 124.0
138.0 126.0
138.0 131.0
138.0 132.0
138.0 133.0
138.0 135.0
138.0 137.0
138.0 139.0
138.0 140.0
138.0 141.0
138.0 146.0
138.0 153.0
138.0 157.0
138.0 160.0
138.0 162.0
138.0 163.0
138.0 165.0
138.0 166.0
138.0 168.0
138.0 169.0
138.0 170.0
138.0 175.0
138.0 179.0
138.0 185.0
138.0 186.0
138.0 187.0
138.0 192.0
138.0 195.0
138.0 198.0
138.0 199.0
138.0 200.0
139.0 101.0
139.0 103.0
139.0 105.0
139.0 106.0
139.0 109.0
139.0 113.0
139.0 118.0
139.0 120.0
139.0 121.0
139.0 123.0
139.0 124.0
139.0 126.0
139.0 127.0
139.0 128.0
139.0 131.0
139.0 133.0
139.0 135.0
139.0 136.0
139.0 138.0
139.0 140.0
139.0 146.0
139.0 151.0
139.0 153.0
139.0 160.0
139.0 162.0
139.0 163.0
139.0 165.0
139.0 166.0
139.0 168.0
139.0 170.0
139.0 175.0
139.0 178.0
139.0 179.0
139.0 187.0
139.0 190.0
139.0 192.0
139.0 193.0
139.0 194.0
139.0 195.0
139.0 198.0
139.0 199.0
140.0 101.0
140.0 102.0
140.0 103.0
140.0 106.0
140.0 112.0
140.0 113.0
140.0 117.0
140.0 118.0
140.0 119.0
140.0 121.0
140.0 126.0
140.0 127.0
140.0 128.0
140.0 131.0
140.0 132.0
140.0 133.0
140.0 134.0
140.0 137.0
140.0 138.0
140.0 139.0
140.0 141.0
140.0 146.0
140.0 148.0
140.0 150.0
140.0 151.0
140.0 153.0
140.0 160.0
140.0 162.0
140.0 163.0
140.0 164.0
140.0 166.0
140.0 167.0
140.0 168.0
140.0 170.0
140.0 175.0
140.0 185.0
140.0 186.0
140.0 192.0
140.0 194.0
140.0 199.0
141.0 101.0
141.0 102.0
141.0 105.0
141.0 106.0
141.0 109.0
141.0 112.0
141.0 113.0
141.0 114.0
141.0 120.0
141.0 121.0
141.0 122.0
141.0 124.0
141.0 126.0
141.0 127.0
141.0 128.0
141.0 131.0
141.0 132.0
141.0 133.0
141.0 135.0
141.0 136.0
141.0 138.0
141.0 140.0
141.0 148.0
141.0 153.0
141.0 156.0
141.0 157.0
141.0 160.0
141.0 163.0
141.0 164.0
141.0 165.0
141.0 166.0
141.0 168.0
141.0 170.0
141.0 173.0
141.0 179.0
141.0 185.0
141.0 186.0
141.0 187.0
141.0 192.0
141.0 198.0
141.0 199.0
142.0 104.0
142.0 107.0
142.0 108.0
142.0 109.0
142.0 110.0
142.0 111.0
142.0 115.0
142.0 116.0
142.0 117.0
142.0 119.0
142.0 123.0
142.0 125.0
142.0 129.0
142.0 143.0
142.0 147.0
142.0 149.0
142.0 152.0
142.0 154.0
142.0 155.0
142.0 156.0
142.0 158.0
142.0 161.0
142.0 167.0
142.0 169.0
142.0 171.0
142.0 172.0
142.0 173.0
142.0 174.0
142.0 176.0
142.0 177.0
142.0 178.0
142.0 180.0
142.0 181.0
142.0 182.0
142.0 183.0
142.0 184.0
142.0 188.0
142.0 189.0
142.0 190.0
142.0 197.0
142.0 200.0
143.0 104.0
143.0 110.0
143.0 111.0
143.0 115.0
143.0 116.0
143.0 119.0
143.0 123.0
143.0 129.0
143.0 130.0
143.0 142.0
143.0 144.0
143.0 147.0
143.0 149.0
143.0 152.0
143.0 154.0
143.0 156.0
143.0 159.0
143.0 161.0
143.0 167.0
143.0 169.0
143.0 170.0
143.0 171.0
143.0 172.0
143.0 173.0
143.0 174.0
143.0 176.0
143.0 177.0
143.0 178.0
143.0 180.0
143.0 181.0
143.0 182.0
143.0 183.0
143.0 184.0
143.0 188.0
143.0 189.0
143.0 190.0
143.0 191.0
143.0 193.0
143.0 196.0
143.0 197.0
143.0 200.0
144.0 104.0
144.0 107.0
144.0 108.0
144.0 110.0
144.0 115.0
144.0 116.0
144.0 119.0
144.0 123.0
144.0 125.0
144.0 129.0
144.0 130.0
144.0 143.0
144.0 145.0
144.0 147.0
144.0 149.0
144.0 151.0
144.0 152.0
144.0 154.0
144.0 159.0
144.0 161.0
144.0 167.0
144.0 169.0
144.0 171.0
144.0 172.0
144.0 173.0
144.0 174.0
144.0 176.0
144.0 177.0
144.0 179.0
144.0 180.0
144.0 181.0
144.0 182.0
144.0 183.0
144.0 184.0
144.0 188.0
144.0 189.0
144.0 190.0
144.0 191.0
144.0 196.0
144.0 197.0
144.0 200.0
145.0 104.0
145.0 106.0
145.0 108.0
145.0 111.0
145.0 115.0
145.0 119.0
145.0 123.0
145.0 125.0
145.0 129.0
145.0 130.0
145.0 135.0
145.0 144.0
145.0 147.0
145.0 149.0
145.0 152.0
145.0 154.0
145.0 155.0
145.0 156.0
145.0 157.0
145.0 158.0
145.0 159.0
145.0 161.0
145.0 169.0
145.0 171.0
145.0 172.0
145.0 173.0
145.0 174.0
145.0 176.0
145.0 177.0
145.0 178.0
145.0 180.0
145.0 181.0
145.0 182.0
145.0 183.0
145.0 184.0
145.0 188.0
145.0 189.0
145.0 190.0
145.0 191.0
145.0 196.0
145.0 197.0
145.0 200.0
146.0 102.0
146.0 103.0
146.0 104.0
146.0 105.0
146.0 106.0
146.0 109.0
146.0 113.0
146.0 114.0
146.0 117.0
146.0 118.0
146.0 120.0
146.0 122.0
146.0 124.0
146.0 126.0
146.0 127.0
146.0 128.0
146.0 131.0
146.0 132.0
146.0 133.0
146.0 134.0
146.0 135.0
146.0 137.0
146.0 138.0
146.0 139.0
146.0 140.0
146.0 148.0
146.0 150.0
146.0 151.0
146.0 153.0
146.0 157.0
146.0 161.0
146.0 162.0
146.0 163.0
146.0 166.0
146.0 168.0
146.0 175.0
146.0 185.0
146.0 186.0
146.0 187.0
146.0 194.0
146.0 195.0
146.0 198.0
147.0 107.0
147.0 108.0
147.0 110.0
147.0 111.0
147.0 115.0
147.0 116.0
147.0 123.0
147.0 125.0
147.0 129.0
147.0 130.0
147.0 142.0
147.0 143.0
147.0 144.0
147.0 145.0
147.0 149.0
147.0 154.0
147.0 155.0
147.0 156.0
147.0 158.0
147.0 159.0
147.0 161.0
147.0 162.0
147.0 167.0
147.0 169.0
147.0 172.0
147.0 173.0
147.0 174.0
147.0 176.0
147.0 177.0
147.0 178.0
147.0 179.0
147.0 180.0
147.0 181.0
147.0 182.0
147.0 188.0
147.0 189.0
147.0 190.0
147.0 191.0
147.0 195.0
147.0 196.0
147.0 197.0
147.0 200.0
148.0 101.0
148.0 102.0
148.0 103.0
148.0 105.0
148.0 106.0
148.0 109.0
148.0 112.0
148.0 113.0
148.0 114.0
148.0 117.0
148.0 118.0
148.0 121.0
148.0 122.0
148.0 124.0
148.0 127.0
148.0 128.0
148.0 131.0
148.0 132.0
148.0 133.0
148.0 134.0
148.0 136.0
148.0 137.0
148.0 140.0
148.0 141.0
148.0 146.0
148.0 150.0
148.0 163.0
148.0 164.0
148.0 165.0
148.0 166.0
148.0 168.0
148.0 175.0
148.0 176.0
148.0 178.0
148.0 185.0
148.0 186.0
148.0 192.0
148.0 193.0
148.0 194.0
148.0 195.0
148.0 198.0
148.0 199.0
149.0 104.0
149.0 108.0
149.0 110.0
149.0 119.0
149.0 123.0
149.0 129.0
149.0 130.0
149.0 142.0
149.0 143.0
149.0 144.0
149.0 145.0
149.0 147.0
149.0 152.0
149.0 154.0
149.0 155.0
149.0 156.0
149.0 158.0
149.0 159.0
149.0 161.0
149.0 167.0
149.0 169.0
149.0 171.0
149.0 172.0
149.0 173.0
149.0 174.0
149.0 176.0
149.0 177.0
149.0 178.0
149.0 180.0
149.0 181.0
149.0 182.0
149.0 183.0
149.0 184.0
149.0 187.0
149.0 188.0
149.0 189.0
149.0 190.0
149.0 191.0
149.0 196.0
149.0 197.0
149.0 199.0
149.0 200.0
150.0 101.0
150.0 103.0
150.0 106.0
150.0 109.0
150.0 112.0
150.0 114.0
150.0 118.0
150.0 120.0
150.0 124.0
150.0 126.0
150.0 127.0
150.0 128.0
150.0 131.0
150.0 132.0
150.0 134.0
150.0 135.0
150.0 136.0
150.0 140.0
150.0 146.0
150.0 148.0
150.0 151.0
150.0 153.0
150.0 157.0
150.0 160.0
150.0 162.0
150.0 163.0
150.0 164.0
150.0 165.0
150.0 166.0
150.0 170.0
150.0 175.0
150.0 179.0
150.0 183.0
150.0 185.0
150.0 186.0
150.0 187.0
150.0 188.0
150.0 193.0
150.0 194.0
150.0 195.0
150.0 198.0
150.0 199.0
151.0 102.0
151.0 106.0
151.0 109.0
151.0 112.0
151.0 113.0
151.0 117.0
151.0 118.0
151.0 120.0
151.0 121.0
151.0 122.0
151.0 124.0
151.0 127.0
151.0 128.0
151.0 131.0
151.0 132.0
151.0 133.0
151.0 135.0
151.0 136.0
151.0 137.0
151.0 139.0
151.0 140.0
151.0 144.0
151.0 146.0
151.0 150.0
151.0 153.0
151.0 157.0
151.0 160.0
151.0 163.0
151.0 164.0
151.0 165.0
151.0 166.0
151.0 168.0
151.0 170.0
151.0 175.0
151.0 179.0
151.0 181.0
151.0 186.0
151.0 187.0
151.0 192.0
151.0 194.0
151.0 195.0
151.0 198.0
152.0 104.0
152.0 107.0
152.0 108.0
152.0 110.0
152.0 111.0
152.0 116.0
152.0 119.0
152.0 123.0
152.0 129.0
152.0 130.0
152.0 137.0
152.0 142.0
152.0 143.0
152.0 144.0
152.0 145.0
152.0 149.0
152.0 154.0
152.0 155.0
152.0 156.0
152.0 158.0
152.0 161.0
152.0 167.0
152.0 169.0
152.0 171.0
152.0 172.0
152.0 173.0
152.0 174.0
152.0 175.0
152.0 176.0
152.0 177.0
152.0 178.0
152.0 181.0
152.0 182.0
152.0 183.0
152.0 184.0
152.0 188.0
152.0 189.0
152.0 190.0
152.0 191.0
152.0 196.0
152.0 197.0
152.0 200.0
153.0 102.0
153.0 103.0
153.0 112.0
153.0 113.0
153.0 117.0
153.0 118.0
153.0 120.0
153.0 121.0
153.0 122.0
153.0 126.0
153.0 127.0
153.0 128.0
153.0 131.0
153.0 133.0
153.0 135.0
153.0 137.0
153.0 138.0
153.0 139.0
153.0 140.0
153.0 141.0
153.0 146.0
153.0 150.0
153.0 151.0
153.0 157.0
153.0 160.0
153.0 163.0
153.0 164.0
153.0 165.0
153.0 166.0
153.0 170.0
153.0 175.0
153.0 179.0
153.0 181.0
153.0 184.0
153.0 186.0
153.0 187.0
153.0 192.0
153.0 193.0
153.0 194.0
153.0 195.0
153.0 198.0
153.0 199.0
154.0 103.0
154.0 104.0
154.0 107.0
154.0 108.0
154.0 111.0
154.0 115.0
154.0 116.0
154.0 123.0
154.0 125.0
154.0 129.0
154.0 134.0
154.0 142.0
154.0 143.0
154.0 144.0
154.0 145.0
154.0 147.0
154.0 149.0
154.0 152.0
154.0 155.0
154.0 156.0
154.0 158.0
154.0 159.0
154.0 161.0
154.0 167.0
154.0 169.0
154.0 171.0
154.0 172.0
154.0 173.0
154.0 174.0
154.0 176.0
154.0 177.0
154.0 178.0
154.0 180.0
154.0 181.0
154.0 182.0
154.0 183.0
154.0 184.0
154.0 189.0
154.0 190.0
154.0 191.0
154.0 196.0
154.0 197.0
154.0 200.0
155.0 104.0
155.0 107.0
155.0 108.0
155.0 110.0
155.0 111.0
155.0 115.0
155.0 116.0
155.0 119.0
155.0 123.0
155.0 125.0
155.0 129.0
155.0 130.0
155.0 142.0
155.0 145.0
155.0 147.0
155.0 149.0
155.0 152.0
155.0 154.0
155.0 156.0
155.0 158.0
155.0 159.0
155.0 161.0
155.0 164.0
155.0 165.0
155.0 167.0
155.0 171.0
155.0 172.0
155.0 173.0
155.0 174.0
155.0 176.0
155.0 177.0
155.0 178.0
155.0 180.0
155.0 181.0
155.0 182.0
155.0 183.0
155.0 184.0
155.0 188.0
155.0 189.0
155.0 191.0
155.0 196.0
155.0 197.0
155.0 200.0
156.0 107.0
156.0 108.0
156.0 110.0
156.0 111.0
156.0 115.0
156.0 116.0
156.0 119.0
156.0 123.0
156.0 125.0
156.0 126.0
156.0 129.0
156.0 130.0
156.0 141.0
156.0 142.0
156.0 143.0
156.0 145.0
156.0 147.0
156.0 149.0
156.0 152.0
156.0 154.0
156.0 155.0
156.0 158.0
156.0 159.0
156.0 161.0
156.0 167.0
156.0 169.0
156.0 171.0
156.0 173.0
156.0 174.0
156.0 176.0
156.0 177.0
156.0 178.0
156.0 180.0
156.0 181.0
156.0 183.0
156.0 184.0
156.0 188.0
156.0 189.0
156.0 190.0
156.0 191.0
156.0 196.0
156.0 197.0
156.0 200.0
157.0 101.0
157.0 102.0
157.0 103.0
157.0 105.0
157.0 106.0
157.0 112.0
157.0 114.0
157.0 117.0
157.0 118.0
157.0 120.0
157.0 122.0
157.0 124.0
157.0 126.0
157.0 127.0
157.0 131.0
157.0 132.0
157.0 133.0
157.0 134.0
157.0 135.0
157.0 136.0
157.0 137.0
157.0 138.0
157.0 141.0
157.0 145.0
157.0 146.0
157.0 150.0
157.0 151.0
157.0 153.0
157.0 162.0
157.0 163.0
157.0 165.0
157.0 168.0
157.0 170.0
157.0 174.0
157.0 175.0
157.0 179.0
157.0 185.0
157.0 186.0
157.0 187.0
157.0 192.0
157.0 193.0
157.0 194.0
157.0 195.0
158.0 104.0
158.0 107.0
158.0 108.0
158.0 111.0
158.0 115.0
158.0 116.0
158.0 119.0
158.0 122.0
158.0 125.0
158.0 129.0
158.0 130.0
158.0 142.0
158.0 145.0
158.0 147.0
158.0 149.0
158.0 152.0
158.0 154.0
158.0 155.0
158.0 156.0
158.0 159.0
158.0 161.0
158.0 162.0
158.0 167.0
158.0 169.0
158.0 171.0
158.0 172.0
158.0 173.0
158.0 174.0
158.0 176.0
158.0 178.0
158.0 180.0
158.0 181.0
158.0 182.0
158.0 183.0
158.0 184.0
158.0 188.0
158.0 189.0
158.0 190.0
158.0 191.0
158.0 196.0
158.0 197.0
158.0 198.0
158.0 200.0
159.0 104.0
159.0 107.0
159.0 108.0
159.0 110.0
159.0 115.0
159.0 116.0
159.0 119.0
159.0 123.0
159.0 125.0
159.0 129.0
159.0 130.0
159.0 137.0
159.0 143.0
159.0 144.0
159.0 145.0
159.0 147.0
159.0 149.0
159.0 154.0
159.0 155.0
159.0 156.0
159.0 158.0
159.0 167.0
159.0 169.0
159.0 171.0
159.0 172.0
159.0 173.0
159.0 174.0
159.0 176.0
159.0 177.0
159.0 178.0
159.0 180.0
159.0 181.0
159.0 182.0
159.0 183.0
159.0 184.0
159.0 186.0
159.0 188.0
159.0 189.0
159.0 190.0
159.0 191.0
159.0 196.0
159.0 197.0
159.0 200.0
160.0 103.0
160.0 105.0
160.0 112.0
160.0 114.0
160.0 117.0
160.0 118.0
160.0 120.0
160.0 121.0
160.0 122.0
160.0 124.0
160.0 126.0
160.0 127.0
160.0 128.0
160.0 129.0
160.0 131.0
160.0 132.0
160.0 133.0
160.0 134.0
160.0 135.0
160.0 136.0
160.0 137.0
160.0 138.0
160.0 139.0
160.0 140.0
160.0 141.0
160.0 150.0
160.0 151.0
160.0 153.0
160.0 162.0
160.0 163.0
160.0 164.0
160.0 166.0
160.0 168.0
160.0 170.0
160.0 175.0
160.0 179.0
160.0 185.0
160.0 187.0
160.0 193.0
160.0 194.0
160.0 198.0
160.0 199.0
161.0 107.0
161.0 110.0
161.0 111.0
161.0 116.0
161.0 119.0
161.0 123.0
161.0 125.0
161.0 129.0
161.0 130.0
161.0 142.0
161.0 143.0
161.0 144.0
161.0 145.0
161.0 146.0
161.0 147.0
161.0 149.0
161.0 152.0
161.0 154.0
161.0 155.0
161.0 156.0
161.0 158.0
161.0 167.0
161.0 168.0
161.0 169.0
161.0 171.0
161.0 172.0
161.0 173.0
161.0 174.0
161.0 176.0
161.0 178.0
161.0 180.0
161.0 181.0
161.0 182.0
161.0 183.0
161.0 184.0
161.0 185.0
161.0 188.0
161.0 189.0
161.0 190.0
161.0 191.0
161.0 196.0
161.0 197.0
161.0 200.0
162.0 101.0
162.0 105.0
162.0 106.0
162.0 109.0
162.0 112.0
162.0 113.0
162.0 114.0
162.0 117.0
162.0 118.0
162.0 120.0
162.0 121.0
162.0 122.0
162.0 126.0
162.0 127.0
162.0 128.0
162.0 131.0
162.0 132.0
162.0 134.0
162.0 136.0
162.0 137.0
162.0 138.0
162.0 139.0
162.0 140.0
162.0 146.0
162.0 147.0
162.0 150.0
162.0 157.0
162.0 158.0
162.0 160.0
162.0 163.0
162.0 164.0
162.0 165.0
162.0 166.0
162.0 168.0
162.0 170.0
162.0 179.0
162.0 186.0
162.0 187.0
162.0 192.0
162.0 193.0
162.0 195.0
162.0 198.0
162.0 199.0
163.0 102.0
163.0 103.0
163.0 104.0
163.0 105.0
163.0 106.0
163.0 113.0
163.0 114.0
163.0 117.0
163.0 118.0
163.0 121.0
163.0 124.0
163.0 126.0
163.0 127.0
163.0 128.0
163.0 131.0
163.0 132.0
163.0 133.0
163.0 135.0
163.0 136.0
163.0 137.0
163.0 138.0
163.0 139.0
163.0 140.0
163.0 141.0
163.0 146.0
163.0 148.0
163.0 150.0
163.0 151.0
163.0 153.0
163.0 157.0
163.0 160.0
163.0 162.0
163.0 168.0
163.0 174.0
163.0 175.0
163.0 179.0
163.0 184.0
163.0 185.0
163.0 187.0
163.0 192.0
163.0 193.0
163.0 194.0
163.0 198.0
163.0 199.0
164.0 102.0
164.0 103.0
164.0 105.0
164.0 106.0
164.0 109.0
164.0 112.0
164.0 113.0
164.0 114.0
164.0 117.0
164.0 118.0
164.0 120.0
164.0 122.0
164.0 124.0
164.0 126.0
164.0 128.0
164.0 131.0
164.0 132.0
164.0 133.0
164.0 134.0
164.0 135.0
164.0 136.0
164.0 137.0
164.0 140.0
164.0 141.0
164.0 148.0
164.0 150.0
164.0 151.0
164.0 153.0
164.0 155.0
164.0 160.0
164.0 162.0
164.0 165.0
164.0 166.0
164.0 168.0
164.0 170.0
164.0 175.0
164.0 178.0
164.0 179.0
164.0 185.0
164.0 186.0
164.0 187.0
164.0 192.0
164.0 193.0
164.0 195.0
165.0 101.0
165.0 102.0
165.0 103.0
165.0 109.0
165.0 112.0
165.0 113.0
165.0 114.0
165.0 116.0
165.0 117.0
165.0 118.0
165.0 120.0
165.0 121.0
165.0 122.0
165.0 126.0
165.0 127.0
165.0 128.0
165.0 131.0
165.0 132.0
165.0 134.0
165.0 135.0
165.0 137.0
165.0 138.0
165.0 139.0
165.0 141.0
165.0 148.0
165.0 150.0
165.0 151.0
165.0 153.0
165.0 155.0
165.0 157.0
165.0 162.0
165.0 164.0
165.0 168.0
165.0 170.0
165.0 175.0
165.0 179.0
165.0 185.0
165.0 186.0
165.0 187.0
165.0 192.0
165.0 193.0
165.0 195.0
165.0 198.0
165.0 199.0
166.0 101.0
166.0 103.0
166.0 105.0
166.0 112.0
166.0 113.0
166.0 114.0
166.0 117.0
166.0 118.0
166.0 122.0
166.0 124.0
166.0 126.0
166.0 127.0
166.0 128.0
166.0 132.0
166.0 133.0
166.0 134.0
166.0 135.0
166.0 136.0
166.0 137.0
166.0 138.0
166.0 139.0
166.0 140.0
166.0 141.0
166.0 146.0
166.0 148.0
166.0 150.0
166.0 151.0
166.0 153.0
166.0 160.0
166.0 162.0
166.0 164.0
166.0 168.0
166.0 175.0
166.0 179.0
166.0 185.0
166.0 186.0
166.0 187.0
166.0 190.0
166.0 192.0
166.0 193.0
166.0 195.0
166.0 196.0
166.0 198.0
166.0 199.0
167.0 104.0
167.0 108.0
167.0 111.0
167.0 115.0
167.0 116.0
167.0 119.0
167.0 123.0
167.0 124.0
167.0 125.0
167.0 129.0
167.0 130.0
167.0 140.0
167.0 142.0
167.0 143.0
167.0 144.0
167.0 147.0
167.0 149.0
167.0 152.0
167.0 154.0
167.0 155.0
167.0 156.0
167.0 158.0
167.0 159.0
167.0 161.0
167.0 169.0
167.0 171.0
167.0 172.0
167.0 173.0
167.0 174.0
167.0 176.0
167.0 177.0
167.0 178.0
167.0 180.0
167.0 181.0
167.0 182.0
167.0 183.0
167.0 184.0
167.0 188.0
167.0 189.0
167.0 190.0
167.0 191.0
167.0 196.0
167.0 197.0
167.0 200.0
168.0 101.0
168.0 102.0
168.0 103.0
168.0 105.0
168.0 109.0
168.0 112.0
168.0 113.0
168.0 114.0
168.0 117.0
168.0 118.0
168.0 120.0
168.0 124.0
168.0 126.0
168.0 132.0
168.0 134.0
168.0 136.0
168.0 137.0
168.0 138.0
168.0 139.0
168.0 140.0
168.0 141.0
168.0 146.0
168.0 148.0
168.0 151.0
168.0 157.0
168.0 160.0
168.0 161.0
168.0 162.0
168.0 163.0
168.0 164.0
168.0 165.0
168.0 166.0
168.0 170.0
168.0 175.0
168.0 179.0
168.0 185.0
168.0 186.0
168.0 187.0
168.0 188.0
168.0 192.0
168.0 193.0
168.0 194.0
168.0 195.0
168.0 199.0
169.0 102.0
169.0 104.0
169.0 107.0
169.0 108.0
169.0 110.0
169.0 111.0
169.0 115.0
169.0 116.0
169.0 123.0
169.0 125.0
169.0 129.0
169.0 138.0
169.0 142.0
169.0 143.0
169.0 144.0
169.0 145.0
169.0 147.0
169.0 149.0
169.0 152.0
169.0 154.0
169.0 156.0
169.0 158.0
169.0 159.0
169.0 161.0
169.0 167.0
169.0 171.0
169.0 172.0
169.0 173.0
169.0 174.0
169.0 176.0
169.0 177.0
169.0 178.0
169.0 180.0
169.0 181.0
169.0 182.0
169.0 183.0
169.0 184.0
169.0 188.0
169.0 189.0
169.0 190.0
169.0 191.0
169.0 196.0
169.0 197.0
169.0 200.0
170.0 102.0
170.0 103.0
170.0 106.0
170.0 109.0
170.0 110.0
170.0 112.0
170.0 113.0
170.0 114.0
170.0 118.0
170.0 120.0
170.0 122.0
170.0 124.0
170.0 126.0
170.0 127.0
170.0 131.0
170.0 132.0
170.0 134.0
170.0 135.0
170.0 136.0
170.0 137.0
170.0 138.0
170.0 139.0
170.0 140.0
170.0 141.0
170.0 143.0
170.0 150.0
170.0 151.0
170.0 153.0
170.0 157.0
170.0 160.0
170.0 162.0
170.0 164.0
170.0 165.0
170.0 168.0
170.0 175.0
170.0 179.0
170.0 185.0
170.0 186.0
170.0 187.0
170.0 193.0
170.0 194.0
170.0 195.0
170.0 198.0
170.0 199.0
171.0 104.0
171.0 107.0
171.0 110.0
171.0 111.0
171.0 115.0
171.0 116.0
171.0 119.0
171.0 123.0
171.0 125.0
171.0 127.0
171.0 130.0
171.0 135.0
171.0 142.0
171.0 143.0
171.0 144.0
171.0 145.0
171.0 149.0
171.0 152.0
171.0 154.0
171.0 155.0
171.0 156.0
171.0 158.0
171.0 159.0
171.0 161.0
171.0 167.0
171.0 169.0
171.0 172.0
171.0 173.0
171.0 174.0
171.0 176.0
171.0 177.0
171.0 178.0
171.0 180.0
171.0 181.0
171.0 182.0
171.0 183.0
171.0 184.0
171.0 188.0
171.0 189.0
171.0 190.0
171.0 191.0
171.0 196.0
171.0 197.0
171.0 200.0
172.0 104.0
172.0 108.0
172.0 110.0
172.0 111.0
172.0 115.0
172.0 119.0
172.0 123.0
172.0 125.0
172.0 129.0
172.0 130.0
172.0 136.0
172.0 142.0
172.0 143.0
172.0 144.0
172.0 145.0
172.0 147.0
172.0 149.0
172.0 152.0
172.0 154.0
172.0 155.0
172.0 158.0
172.0 159.0
172.0 161.0
172.0 167.0
172.0 169.0
172.0 171.0
172.0 173.0
172.0 174.0
172.0 176.0
172.0 177.0
172.0 178.0
172.0 180.0
172.0 181.0
172.0 182.0
172.0 183.0
172.0 184.0
172.0 188.0
172.0 189.0
172.0 190.0
172.0 191.0
172.0 196.0
172.0 197.0
172.0 198.0
172.0 200.0
173.0 102.0
173.0 104.0
173.0 107.0
173.0 110.0
173.0 115.0
173.0 116.0
173.0 119.0
173.0 123.0
173.0 125.0
173.0 129.0
173.0 130.0
173.0 141.0
173.0 142.0
173.0 143.0
173.0 144.0
173.0 145.0
173.0 147.0
173.0 149.0
173.0 152.0
173.0 154.0
173.0 155.0
173.0 156.0
173.0 158.0
173.0 159.0
173.0 161.0
173.0 167.0
173.0 169.0
173.0 171.0
173.0 172.0
173.0 174.0
173.0 176.0
173.0 177.0
173.0 178.0
173.0 180.0
173.0 181.0
173.0 182.0
173.0 183.0
173.0 184.0
173.0 188.0
173.0 189.0
173.0 191.0
173.0 196.0
173.0 197.0
173.0 200.0
174.0 107.0
174.0 110.0
174.0 111.0
174.0 115.0
174.0 116.0
174.0 119.0
174.0 123.0
174.0 125.0
174.0 129.0
174.0 130.0
174.0 142.0
174.0 143.0
174.0 144.0
174.0 145.0
174.0 147.0
174.0 149.0
174.0 152.0
174.0 154.0
174.0 155.0
174.0 156.0
174.0 157.0
174.0 158.0
174.0 159.0
174.0 161.0
174.0 163.0
174.0 167.0
174.0 169.0
174.0 171.0
174.0 172.0
174.0 173.0
174.0 176.0
174.0 177.0
174.0 178.0
174.0 180.0
174.0 181.0
174.0 182.0
174.0 183.0
174.0 184.0
174.0 188.0
174.0 189.0
174.0 190.0
174.0 191.0
174.0 196.0
174.0 197.0
174.0 200.0
175.0 101.0
175.0 103.0
175.0 105.0
175.0 106.0
175.0 112.0
175.0 113.0
175.0 117.0
175.0 118.0
175.0 120.0
175.0 121.0
175.0 122.0
175.0 124.0
175.0 126.0
175.0 129.0
175.0 131.0
175.0 132.0
175.0 133.0
175.0 134.0
175.0 136.0
175.0 137.0
175.0 138.0
175.0 139.0
175.0 140.0
175.0 146.0
175.0 148.0
175.0 150.0
175.0 151.0
175.0 152.0
175.0 153.0
175.0 157.0
175.0 160.0
175.0 163.0
175.0 164.0
175.0 165.0
175.0 166.0
175.0 168.0
175.0 170.0
175.0 185.0
175.0 186.0
175.0 187.0
175.0 192.0
175.0 193.0
175.0 195.0
175.0 198.0
175.0 199.0
176.0 104.0
176.0 107.0
176.0 108.0
176.0 110.0
176.0 111.0
176.0 115.0
176.0 116.0
176.0 123.0
176.0 129.0
176.0 130.0
176.0 142.0
176.0 143.0
176.0 144.0
176.0 145.0
176.0 147.0
176.0 148.0
176.0 149.0
176.0 152.0
176.0 154.0
176.0 155.0
176.0 156.0
176.0 158.0
176.0 159.0
176.0 161.0
176.0 167.0
176.0 169.0
176.0 171.0
176.0 172.0
176.0 173.0
176.0 174.0
176.0 177.0
176.0 178.0
176.0 180.0
176.0 181.0
176.0 182.0
176.0 183.0
176.0 184.0
176.0 187.0
176.0 188.0
176.0 189.0
176.0 190.0
176.0 191.0
176.0 196.0
176.0 197.0
176.0 200.0
177.0 104.0
177.0 107.0
177.0 108.0
177.0 110.0
177.0 111.0
177.0 115.0
177.0 116.0
177.0 118.0
177.0 119.0
177.0 122.0
177.0 123.0
177.0 125.0
177.0 129.0
177.0 130.0
177.0 142.0
177.0 143.0
177.0 144.0
177.0 145.0
177.0 147.0
177.0 149.0
177.0 152.0
177.0 154.0
177.0 155.0
177.0 156.0
177.0 159.0
177.0 167.0
177.0 169.0
177.0 171.0
177.0 172.0
177.0 173.0
177.0 174.0
177.0 176.0
177.0 178.0
177.0 180.0
177.0 181.0
177.0 182.0
177.0 183.0
177.0 184.0
177.0 188.0
177.0 189.0
177.0 190.0
177.0 191.0
177.0 196.0
177.0 197.0
177.0 200.0
178.0 104.0
178.0 107.0
178.0 108.0
178.0 110.0
178.0 111.0
178.0 115.0
178.0 116.0
178.0 119.0
178.0 123.0
178.0 129.0
178.0 130.0
178.0 139.0
178.0 142.0
178.0 143.0
178.0 145.0
178.0 147.0
178.0 148.0
178.0 149.0
178.0 152.0
178.0 154.0
178.0 155.0
178.0 156.0
178.0 158.0
178.0 159.0
178.0 161.0
178.0 164.0
178.0 167.0
178.0 169.0
178.0 171.0
178.0 172.0
178.0 173.0
178.0 174.0
178.0 176.0
178.0 177.0
178.0 180.0
178.0 182.0
178.0 183.0
178.0 184.0
178.0 188.0
178.0 189.0
178.0 190.0
178.0 191.0
178.0 196.0
178.0 197.0
178.0 200.0
179.0 101.0
179.0 103.0
179.0 105.0
179.0 106.0
179.0 109.0
179.0 112.0
179.0 113.0
179.0 114.0
179.0 118.0
179.0 120.0
179.0 121.0
179.0 124.0
179.0 127.0
179.0 128.0
179.0 131.0
179.0 133.0
179.0 134.0
179.0 135.0
179.0 136.0
179.0 137.0
179.0 138.0
179.0 139.0
179.0 141.0
179.0 144.0
179.0 147.0
179.0 150.0
179.0 151.0
179.0 153.0
179.0 157.0
179.0 160.0
179.0 162.0
179.0 163.0
179.0 164.0
179.0 165.0
179.0 166.0
179.0 168.0
179.0 170.0
179.0 185.0
179.0 186.0
179.0 187.0
179.0 192.0
179.0 193.0
179.0 194.0
179.0 198.0
179.0 199.0
180.0 104.0
180.0 107.0
180.0 108.0
180.0 111.0
180.0 115.0
180.0 116.0
180.0 119.0
180.0 120.0
180.0 123.0
180.0 125.0
180.0 129.0
180.0 130.0
180.0 131.0
180.0 142.0
180.0 143.0
180.0 144.0
180.0 145.0
180.0 147.0
180.0 149.0
180.0 154.0
180.0 155.0
180.0 156.0
180.0 158.0
180.0 159.0
180.0 161.0
180.0 167.0
180.0 169.0
180.0 171.0
180.0 172.0
180.0 173.0
180.0 174.0
180.0 176.0
180.0 177.0
180.0 178.0
180.0 181.0
180.0 182.0
180.0 183.0
180.0 184.0
180.0 188.0
180.0 189.0
180.0 190.0
180.0 191.0
180.0 196.0
180.0 197.0
180.0 200.0
181.0 104.0
181.0 107.0
181.0 108.0
181.0 110.0
181.0 111.0
181.0 113.0
181.0 115.0
181.0 116.0
181.0 119.0
181.0 123.0
181.0 125.0
181.0 129.0
181.0 130.0
181.0 142.0
181.0 143.0
181.0 144.0
181.0 145.0
181.0 147.0
181.0 149.0
181.0 151.0
181.0 152.0
181.0 153.0
181.0 154.0
181.0 155.0
181.0 156.0
181.0 158.0
181.0 159.0
181.0 161.0
181.0 167.0
181.0 169.0
181.0 171.0
181.0 172.0
181.0 173.0
181.0 174.0
181.0 176.0
181.0 177.0
181.0 180.0
181.0 182.0
181.0 183.0
181.0 184.0
181.0 189.0
181.0 190.0
181.0 191.0
181.0 196.0
181.0 197.0
181.0 200.0
182.0 104.0
182.0 107.0
182.0 108.0
182.0 110.0
182.0 111.0
182.0 115.0
182.0 116.0
182.0 119.0
182.0 125.0
182.0 128.0
182.0 129.0
182.0 130.0
182.0 131.0
182.0 142.0
182.0 143.0
182.0 144.0
182.0 145.0
182.0 147.0
182.0 149.0
182.0 152.0
182.0 154.0
182.0 155.0
182.0 158.0
182.0 159.0
182.0 161.0
182.0 167.0
182.0 169.0
182.0 171.0
182.0 172.0
182.0 173.0
182.0 174.0
182.0 176.0
182.0 177.0
182.0 178.0
182.0 180.0
182.0 181.0
182.0 183.0
182.0 184.0
182.0 188.0
182.0 189.0
182.0 190.0
182.0 191.0
182.0 195.0
182.0 196.0
182.0 197.0
182.0 200.0
183.0 104.0
183.0 107.0
183.0 108.0
183.0 110.0
183.0 111.0
183.0 115.0
183.0 116.0
183.0 119.0
183.0 123.0
183.0 125.0
183.0 129.0
183.0 130.0
183.0 132.0
183.0 142.0
183.0 143.0
183.0 144.0
183.0 145.0
183.0 149.0
183.0 150.0
183.0 152.0
183.0 154.0
183.0 155.0
183.0 156.0
183.0 158.0
183.0 159.0
183.0 161.0
183.0 167.0
183.0 169.0
183.0 171.0
183.0 172.0
183.0 173.0
183.0 174.0
183.0 176.0
183.0 177.0
183.0 178.0
183.0 180.0
183.0 181.0
183.0 182.0
183.0 184.0
183.0 188.0
183.0 189.0
183.0 190.0
183.0 191.0
183.0 196.0
183.0 197.0
183.0 200.0
184.0 104.0
184.0 107.0
184.0 108.0
184.0 110.0
184.0 111.0
184.0 115.0
184.0 116.0
184.0 119.0
184.0 123.0
184.0 125.0
184.0 129.0
184.0 130.0
184.0 142.0
184.0 143.0
184.0 144.0
184.0 145.0
184.0 149.0
184.0 152.0
184.0 153.0
184.0 154.0
184.0 155.0
184.0 156.0
184.0 158.0
184.0 159.0
184.0 161.0
184.0 163.0
184.0 167.0
184.0 169.0
184.0 171.0
184.0 172.0
184.0 173.0
184.0 174.0
184.0 176.0
184.0 177.0
184.0 178.0
184.0 180.0
184.0 181.0
184.0 182.0
184.0 183.0
184.0 188.0
184.0 189.0
184.0 190.0
184.0 191.0
184.0 196.0
184.0 197.0
184.0 200.0
185.0 101.0
185.0 102.0
185.0 103.0
185.0 105.0
185.0 106.0
185.0 109.0
185.0 112.0
185.0 113.0
185.0 114.0
185.0 117.0
185.0 118.0
185.0 121.0
185.0 122.0
185.0 124.0
185.0 126.0
185.0 127.0
185.0 128.0
185.0 133.0
185.0 134.0
185.0 135.0
185.0 136.0
185.0 138.0
185.0 140.0
185.0 141.0
185.0 146.0
185.0 148.0
185.0 150.0
185.0 157.0
185.0 160.0
185.0 161.0
185.0 163.0
185.0 164.0
185.0 165.0
185.0 166.0
185.0 168.0
185.0 170.0
185.0 175.0
185.0 179.0
185.0 186.0
185.0 192.0
185.0 193.0
185.0 194.0
185.0 195.0
185.0 198.0
185.0 199.0
186.0 102.0
186.0 103.0
186.0 105.0
186.0 109.0
186.0 112.0
186.0 113.0
186.0 114.0
186.0 117.0
186.0 118.0
186.0 120.0
186.0 122.0
186.0 123.0
186.0 126.0
186.0 127.0
186.0 128.0
186.0 131.0
186.0 132.0
186.0 134.0
186.0 135.0
186.0 136.0
186.0 137.0
186.0 138.0
186.0 140.0
186.0 141.0
186.0 146.0
186.0 148.0
186.0 150.0
186.0 151.0
186.0 153.0
186.0 157.0
186.0 159.0
186.0 162.0
186.0 164.0
186.0 165.0
186.0 166.0
186.0 168.0
186.0 170.0
186.0 175.0
186.0 179.0
186.0 185.0
186.0 187.0
186.0 193.0
186.0 194.0
186.0 195.0
186.0 198.0
186.0 199.0
187.0 101.0
187.0 102.0
187.0 103.0
187.0 105.0
187.0 106.0
187.0 109.0
187.0 112.0
187.0 116.0
187.0 117.0
187.0 118.0
187.0 120.0
187.0 121.0
187.0 124.0
187.0 126.0
187.0 128.0
187.0 130.0
187.0 134.0
187.0 135.0
187.0 136.0
187.0 137.0
187.0 138.0
187.0 139.0
187.0 141.0
187.0 146.0
187.0 149.0
187.0 150.0
187.0 151.0
187.0 153.0
187.0 157.0
187.0 160.0
187.0 162.0
187.0 163.0
187.0 164.0
187.0 165.0
187.0 166.0
187.0 168.0
187.0 170.0
187.0 175.0
187.0 176.0
187.0 179.0
187.0 186.0
187.0 192.0
187.0 194.0
187.0 195.0
187.0 198.0
187.0 199.0
188.0 104.0
188.0 107.0
188.0 108.0
188.0 110.0
188.0 111.0
188.0 115.0
188.0 116.0
188.0 119.0
188.0 123.0
188.0 125.0
188.0 129.0
188.0 130.0
188.0 142.0
188.0 143.0
188.0 144.0
188.0 145.0
188.0 147.0
188.0 149.0
188.0 150.0
188.0 152.0
188.0 155.0
188.0 156.0
188.0 158.0
188.0 159.0
188.0 161.0
188.0 167.0
188.0 168.0
188.0 169.0
188.0 171.0
188.0 172.0
188.0 173.0
188.0 174.0
188.0 176.0
188.0 177.0
188.0 178.0
188.0 180.0
188.0 182.0
188.0 183.0
188.0 184.0
188.0 189.0
188.0 190.0
188.0 191.0
188.0 196.0
188.0 197.0
188.0 199.0
188.0 200.0
189.0 104.0
189.0 107.0
189.0 108.0
189.0 110.0
189.0 111.0
189.0 116.0
189.0 119.0
189.0 123.0
189.0 125.0
189.0 129.0
189.0 130.0
189.0 136.0
189.0 142.0
189.0 143.0
189.0 144.0
189.0 145.0
189.0 147.0
189.0 149.0
189.0 152.0
189.0 154.0
189.0 155.0
189.0 156.0
189.0 158.0
189.0 159.0
189.0 161.0
189.0 167.0
189.0 169.0
189.0 171.0
189.0 172.0
189.0 173.0
189.0 174.0
189.0 176.0
189.0 177.0
189.0 178.0
189.0 180.0
189.0 181.0
189.0 182.0
189.0 183.0
189.0 184.0
189.0 188.0
189.0 190.0
189.0 191.0
189.0 194.0
189.0 196.0
189.0 197.0
189.0 200.0
190.0 104.0
190.0 107.0
190.0 108.0
190.0 110.0
190.0 111.0
190.0 115.0
190.0 116.0
190.0 119.0
190.0 123.0
190.0 125.0
190.0 129.0
190.0 130.0
190.0 132.0
190.0 139.0
190.0 142.0
190.0 143.0
190.0 144.0
190.0 145.0
190.0 147.0
190.0 149.0
190.0 152.0
190.0 154.0
190.0 156.0
190.0 158.0
190.0 159.0
190.0 161.0
190.0 166.0
190.0 167.0
190.0 169.0
190.0 171.0
190.0 172.0
190.0 174.0
190.0 176.0
190.0 177.0
190.0 178.0
190.0 180.0
190.0 181.0
190.0 182.0
190.0 183.0
190.0 184.0
190.0 188.0
190.0 189.0
190.0 191.0
190.0 196.0
190.0 197.0
190.0 200.0
191.0 104.0
191.0 107.0
191.0 108.0
191.0 110.0
191.0 111.0
191.0 115.0
191.0 116.0
191.0 118.0
191.0 119.0
191.0 123.0
191.0 125.0
191.0 129.0
191.0 130.0
191.0 133.0
191.0 143.0
191.0 144.0
191.0 145.0
191.0 147.0
191.0 149.0
191.0 152.0
191.0 154.0
191.0 155.0
191.0 156.0
191.0 158.0
191.0 159.0
191.0 161.0
191.0 167.0
191.0 169.0
191.0 171.0
191.0 172.0
191.0 173.0
191.0 174.0
191.0 176.0
191.0 177.0
191.0 178.0
191.0 180.0
191.0 181.0
191.0 182.0
191.0 183.0
191.0 184.0
191.0 188.0
191.0 189.0
191.0 190.0
191.0 196.0
191.0 197.0
191.0 200.0
192.0 101.0
192.0 102.0
192.0 103.0
192.0 105.0
192.0 106.0
192.0 108.0
192.0 109.0
192.0 114.0
192.0 115.0
192.0 117.0
192.0 118.0
192.0 120.0
192.0 121.0
192.0 122.0
192.0 126.0
192.0 127.0
192.0 131.0
192.0 132.0
192.0 133.0
192.0 134.0
192.0 135.0
192.0 136.0
192.0 137.0
192.0 138.0
192.0 139.0
192.0 140.0
192.0 141.0
192.0 148.0
192.0 151.0
192.0 153.0
192.0 157.0
192.0 162.0
192.0 163.0
192.0 164.0
192.0 165.0
192.0 166.0
192.0 168.0
192.0 175.0
192.0 179.0
192.0 185.0
192.0 187.0
192.0 193.0
192.0 194.0
192.0 195.0
192.0 198.0
192.0 199.0
193.0 101.0
193.0 102.0
193.0 103.0
193.0 106.0
193.0 109.0
193.0 113.0
193.0 114.0
193.0 117.0
193.0 120.0
193.0 121.0
193.0 122.0
193.0 124.0
193.0 126.0
193.0 127.0
193.0 128.0
193.0 130.0
193.0 131.0
193.0 132.0
193.0 133.0
193.0 134.0
193.0 135.0
193.0 136.0
193.0 139.0
193.0 143.0
193.0 148.0
193.0 150.0
193.0 153.0
193.0 157.0
193.0 160.0
193.0 162.0
193.0 163.0
193.0 164.0
193.0 165.0
193.0 166.0
193.0 168.0
193.0 170.0
193.0 175.0
193.0 179.0
193.0 185.0
193.0 186.0
193.0 192.0
193.0 194.0
193.0 195.0
193.0 198.0
193.0 199.0
193.0 200.0
194.0 101.0
194.0 102.0
194.0 103.0
194.0 105.0
194.0 109.0
194.0 112.0
194.0 113.0
194.0 114.0
194.0 117.0
194.0 118.0
194.0 120.0
194.0 121.0
194.0 122.0
194.0 124.0
194.0 126.0
194.0 127.0
194.0 128.0
194.0 132.0
194.0 133.0
194.0 134.0
194.0 135.0
194.0 136.0
194.0 137.0
194.0 139.0
194.0 140.0
194.0 146.0
194.0 148.0
194.0 150.0
194.0 151.0
194.0 153.0
194.0 157.0
194.0 160.0
194.0 163.0
194.0 168.0
194.0 170.0
194.0 179.0
194.0 185.0
194.0 186.0
194.0 187.0
194.0 189.0
194.0 192.0
194.0 193.0
194.0 195.0
194.0 196.0
194.0 198.0
194.0 199.0
195.0 101.0
195.0 102.0
195.0 103.0
195.0 105.0
195.0 106.0
195.0 109.0
195.0 112.0
195.0 114.0
195.0 117.0
195.0 121.0
195.0 122.0
195.0 124.0
195.0 126.0
195.0 127.0
195.0 128.0
195.0 131.0
195.0 132.0
195.0 133.0
195.0 134.0
195.0 135.0
195.0 136.0
195.0 137.0
195.0 138.0
195.0 139.0
195.0 146.0
195.0 147.0
195.0 148.0
195.0 150.0
195.0 151.0
195.0 153.0
195.0 157.0
195.0 162.0
195.0 164.0
195.0 165.0
195.0 166.0
195.0 168.0
195.0 170.0
195.0 175.0
195.0 182.0
195.0 185.0
195.0 186.0
195.0 187.0
195.0 192.0
195.0 193.0
195.0 194.0
195.0 198.0
195.0 199.0
196.0 104.0
196.0 107.0
196.0 108.0
196.0 110.0
196.0 111.0
196.0 114.0
196.0 115.0
196.0 116.0
196.0 119.0
196.0 123.0
196.0 125.0
196.0 129.0
196.0 130.0
196.0 143.0
196.0 144.0
196.0 145.0
196.0 147.0
196.0 149.0
196.0 152.0
196.0 154.0
196.0 155.0
196.0 156.0
196.0 158.0
196.0 159.0
196.0 161.0
196.0 166.0
196.0 167.0
196.0 169.0
196.0 171.0
196.0 172.0
196.0 173.0
196.0 174.0
196.0 176.0
196.0 177.0
196.0 178.0
196.0 180.0
196.0 181.0
196.0 182.0
196.0 183.0
196.0 184.0
196.0 188.0
196.0 189.0
196.0 190.0
196.0 191.0
196.0 194.0
196.0 197.0
196.0 200.0
197.0 103.0
197.0 104.0
197.0 107.0
197.0 108.0
197.0 110.0
197.0 111.0
197.0 115.0
197.0 116.0
197.0 119.0
197.0 121.0
197.0 123.0
197.0 125.0
197.0 129.0
197.0 130.0
197.0 142.0
197.0 143.0
197.0 144.0
197.0 145.0
197.0 147.0
197.0 149.0
197.0 152.0
197.0 154.0
197.0 155.0
197.0 156.0
197.0 158.0
197.0 159.0
197.0 161.0
197.0 167.0
197.0 169.0
197.0 171.0
197.0 172.0
197.0 173.0
197.0 174.0
197.0 176.0
197.0 177.0
197.0 178.0
197.0 180.0
197.0 181.0
197.0 182.0
197.0 183.0
197.0 184.0
197.0 188.0
197.0 189.0
197.0 190.0
197.0 191.0
197.0 196.0
197.0 200.0
198.0 101.0
198.0 102.0
198.0 105.0
198.0 109.0
198.0 113.0
198.0 114.0
198.0 117.0
198.0 118.0
198.0 120.0
198.0 121.0
198.0 122.0
198.0 124.0
198.0 126.0
198.0 127.0
198.0 128.0
198.0 132.0
198.0 133.0
198.0 134.0
198.0 135.0
198.0 136.0
198.0 137.0
198.0 138.0
198.0 139.0
198.0 141.0
198.0 146.0
198.0 148.0
198.0 150.0
198.0 151.0
198.0 153.0
198.0 158.0
198.0 160.0
198.0 162.0
198.0 163.0
198.0 165.0
198.0 166.0
198.0 170.0
198.0 172.0
198.0 175.0
198.0 179.0
198.0 185.0
198.0 186.0
198.0 187.0
198.0 192.0
198.0 193.0
198.0 194.0
198.0 195.0
198.0 199.0
199.0 101.0
199.0 102.0
199.0 105.0
199.0 106.0
199.0 109.0
199.0 112.0
199.0 117.0
199.0 118.0
199.0 120.0
199.0 121.0
199.0 122.0
199.0 124.0
199.0 125.0
199.0 126.0
199.0 127.0
199.0 128.0
199.0 131.0
199.0 132.0
199.0 133.0
199.0 134.0
199.0 135.0
199.0 138.0
199.0 139.0
199.0 140.0
199.0 141.0
199.0 148.0
199.0 149.0
199.0 150.0
199.0 153.0
199.0 160.0
199.0 162.0
199.0 163.0
199.0 165.0
199.0 166.0
199.0 168.0
199.0 170.0
199.0 175.0
199.0 179.0
199.0 185.0
199.0 186.0
199.0 187.0
199.0 188.0
199.0 192.0
199.0 193.0
199.0 194.0
199.0 195.0
199.0 198.0
200.0 104.0
200.0 107.0
200.0 108.0
200.0 110.0
200.0 111.0
200.0 115.0
200.0 116.0
200.0 119.0
200.0 123.0
200.0 125.0
200.0 129.0
200.0 130.0
200.0 138.0
200.0 142.0
200.0 143.0
200.0 144.0
200.0 145.0
200.0 147.0
200.0 149.0
200.0 152.0
200.0 154.0
200.0 155.0
200.0 156.0
200.0 158.0
200.0 159.0
200.0 161.0
200.0 167.0
200.0 169.0
200.0 171.0
200.0 172.0
200.0 173.0
200.0 174.0
200.0 176.0
200.0 177.0
200.0 178.0
200.0 180.0
200.0 181.0
200.0 182.0
200.0 183.0
200.0 184.0
200.0 188.0
200.0 189.0
200.0 190.0
200.0 191.0
200.0 193.0
200.0 196.0
200.0 197.0
1
1 2
43
63 113.0
87 134.0
93 166.0
3 126.0
27 132.0
57 103.0
35 151.0
51 120.0
79 102.0
22 124.0
98 106.0
28 163.0
94 168.0
2 170.0
37 140.0
36 185.0
15 180.0
73 110.0
10 130.0
59 196.0
42 174.0
4 107.0
45 161.0
78 142.0
47 177.0
25 182.0
61 171.0
29 104.0
84 169.0
72 167.0
84 168.0
47 151.0
2 177.0
29 185.0
57 182.0
72 132.0
79 130.0
59 134.0
87 107.0
29 168.0
98 167.0
15 126.0
2 169.0
2
1 2 3 5 6 9 12 13 14 17 18 20 21 22 24 26 27 28 31 32 33 34 35 36 37 38 39 40 41 46 48 50 51 53 57 60 62 63 64 65 66 68 70 75 79 85 86 87 92 93 94 95 98 99 101.0 102.0 103.0 105.0 106.0 109.0 112.0 113.0 114.0 117.0 118.0 120.0 121.0 122.0 124.0 126.0 127.0 128.0 131.0 132.0 133.0 134.0 135.0 136.0 137.0 138.0 139.0 140.0 141.0 146.0 148.0 150.0 151.0 153.0 157.0 160.0 162.0 163.0 164.0 165.0 166.0 168.0 170.0 175.0 179.0 185.0 186.0 187.0 192.0 193.0 194.0 195.0 198.0 199.0 
4 7 8 10 11 15 16 19 23 25 29 30 42 43 44 45 47 49 52 54 55 56 58 59 61 67 69 71 72 73 74 76 77 78 80 81 82 83 84 88 89 90 91 96 97 100 104.0 107.0 108.0 110.0 111.0 115.0 116.0 119.0 123.0 125.0 129.0 130.0 142.0 143.0 144.0 145.0 147.0 149.0 152.0 154.0 155.0 156.0 158.0 159.0 161.0 167.0 169.0 171.0 172.0 173.0 174.0 176.0 177.0 178.0 180.0 181.0 182.0 183.0 184.0 188.0 189.0 190.0 191.0 196.0 197.0 200.0 
