2
1 2 3 4 5 6 7 8 9 10 11 12 13 14 15 16 17 18 19 20 21 22 23 24 25 26 27 28 29 30 31 32 33 34 35 36 37 38 39 40 41 42 43 44 45 46 47 48 49 50 51 52 53 54 55 56 57 58 59 60 61 62 63 64 65 66 67 68 69 70 71 72 73 74 75 76 77 78 79 80 81 82 83 84 85 86 87 88 89 90 91 92 93 94 95 96 97 98 99 100
4114
1 4
1 5
1 6
1 8
1 13
1 30
1 34
1 36
1 37
1 43
1 46
1 48
1 50
1 51
1 52
1 55
1 56
1 59
1 60
1 61
1 63
1 64
1 65
1 66
1 67
1 69
1 70
1 73
1 80
1 82
1 84
1 85
1 87
1 94
1 95
1 97
1 99
2 3
2 9
2 10
2 11
2 12
2 16
2 18
2 21
2 22
2 23
2 24
2 25
2 26
2 28
2 31
2 32
2 39
2 44
2 45
2 47
2 54
2 58
2 60
2 62
2 68
2 72
2 79
2 83
2 86
2 88
2 89
2 91
2 93
2 95
2 96
2 98
2 99
3 2
3 7
3 9
3 16
3 18
3 21
3 23
3 25
3 28
3 31
3 37
3 39
3 41
3 44
3 45
3 47
3 49
3 54
3 55
3 58
3 62
3 68
3 71
3 72
3 74
3 79
3 83
3 86
3 88
3 89
3 91
3 92
3 93
3 95
3 96
3 98
3 99
4 1
4 5
4 6
4 8
4 12
4 13
4 19
4 29
4 30
4 33
4 34
4 35
4 40
4 42
4 51
4 53
4 55
4 56
4 57
4 59
4 61
4 62
4 63
4 64
4 66
4 67
4 69
4 76
4 77
4 78
4 79
4 84
4 85
4 87
4 94
4 97
4 100
5 1
5 4
5 6
5 12
5 13
5 14
5 19
5 27
5 30
5 32
5 34
5 35
5 40
5 52
5 53
5 55
5 56
5 57
5 59
5 60
5 63
5 64
5 69
5 70
5 73
5 75
5 76
5 77
5 78
5 80
5 81
5 82
5 87
5 89
5 90
5 94
5 97
6 1
6 4
6 5
6 8
6 13
6 19
6 27
6 30
6 31
6 33
6 40
6 43
6 45
6 46
6 48
6 50
6 51
6 52
6 53
6 56
6 59
6 63
6 64
6 65
6 66
6 67
6 69
6 70
6 75
6 76
6 77
6 78
6 84
6 85
6 94
6 97
6 100
7 3
7 10
7 11
7 16
7 17
7 18
7 21
7 23
7 24
7 28
7 31
7 32
7 38
7 39
7 41
7 43
7 44
7 45
7 49
7 54
7 58
7 62
7 72
7 74
7 79
7 81
7 83
7 86
7 88
7 89
7 91
7 92
7 93
7 95
7 96
7 98
7 99
8 1
8 4
8 6
8 12
8 15
8 19
8 27
8 29
8 30
8 33
8 34
8 35
8 37
8 48
8 50
8 52
8 53
8 56
8 59
8 60
8 61
8 63
8 65
8 67
8 69
8 73
8 76
8 77
8 80
8 81
8 82
8 84
8 87
8 90
8 94
8 97
9 2
9 3
9 11
9 16
9 18
9 21
9 22
9 23
9 24
9 25
9 26
9 30
9 31
9 32
9 38
9 39
9 45
9 47
9 49
9 54
9 58
9 62
9 67
9 68
9 71
9 74
9 79
9 83
9 86
9 88
9 89
9 91
9 92
9 93
9 95
9 96
9 98
9 99
10 2
10 7
10 11
10 17
10 22
10 23
10 24
10 25
10 26
10 31
10 32
10 35
10 39
10 41
10 44
10 45
10 47
10 49
10 51
10 54
10 58
10 62
10 68
10 71
10 72
10 74
10 79
10 83
10 86
10 88
10 89
10 91
10 92
10 93
10 95
10 96
10 98
10 99
11 2
11 7
11 9
11 10
11 16
11 17
11 18
11 20
11 22
11 26
11 28
11 31
11 38
11 39
11 41
11 45
11 49
11 54
11 58
11 62
11 63
11 64
11 68
11 71
11 72
11 74
11 79
11 83
11 86
11 88
11 89
11 91
11 92
11 93
11 95
11 96
11 98
11 99
12 2
12 4
12 5
12 8
12 13
12 14
12 15
12 19
12 30
12 33
12 34
12 35
12 36
12 37
12 40
12 42
12 43
12 48
12 50
12 52
12 53
12 55
12 60
12 61
12 64
12 66
12 67
12 69
12 70
12 73
12 77
12 78
12 81
12 84
12 85
12 87
12 90
12 100
13 1
13 4
13 5
13 6
13 12
13 14
13 24
13 27
13 29
13 32
13 33
13 36
13 40
13 42
13 46
13 50
13 51
13 55
13 56
13 57
13 60
13 61
13 63
13 66
13 67
13 69
13 75
13 76
13 77
13 78
13 80
13 84
13 85
13 87
13 90
13 94
13 97
13 100
14 5
14 12
14 13
14 15
14 27
14 29
14 30
14 36
14 37
14 40
14 42
14 43
14 46
14 48
14 50
14 55
14 56
14 57
14 59
14 60
14 63
14 67
14 69
14 70
14 75
14 76
14 77
14 78
14 80
14 81
14 82
14 84
14 85
14 87
14 90
14 97
14 100
15 8
15 12
15 14
15 29
15 33
15 35
15 36
15 37
15 42
15 48
15 51
15 52
15 53
15 55
15 56
15 57
15 58
15 59
15 60
15 61
15 66
15 67
15 69
15 73
15 75
15 76
15 77
15 78
15 80
15 81
15 84
15 85
15 87
15 90
15 93
15 94
15 97
15 100
16 2
16 3
16 7
16 9
16 11
16 17
16 20
16 21
16 23
16 24
16 26
16 28
16 31
16 32
16 38
16 39
16 41
16 45
16 47
16 49
16 54
16 62
16 68
16 69
16 71
16 74
16 78
16 83
16 86
16 88
16 89
16 91
16 92
16 93
16 95
16 96
16 98
16 99
17 7
17 10
17 11
17 16
17 18
17 20
17 21
17 22
17 24
17 25
17 26
17 28
17 31
17 32
17 38
17 41
17 44
17 47
17 49
17 54
17 58
17 66
17 68
17 71
17 72
17 79
17 83
17 84
17 86
17 88
17 89
17 91
17 92
17 93
17 95
17 96
17 98
17 99
18 2
18 3
18 7
18 9
18 11
18 17
18 19
18 21
18 22
18 23
18 24
18 25
18 27
18 28
18 32
18 38
18 41
18 44
18 47
18 49
18 54
18 58
18 62
18 68
18 72
18 74
18 79
18 83
18 86
18 88
18 89
18 91
18 92
18 93
18 95
18 96
18 98
18 99
19 4
19 5
19 6
19 8
19 12
19 18
19 27
19 29
19 30
19 33
19 34
19 35
19 36
19 40
19 42
19 43
19 51
19 52
19 55
19 57
19 60
19 64
19 65
19 69
19 70
19 73
19 75
19 76
19 77
19 78
19 80
19 81
19 85
19 87
19 92
19 94
19 97
19 100
20 11
20 16
20 17
20 23
20 24
20 25
20 26
20 28
20 31
20 32
20 34
20 38
20 39
20 41
20 44
20 45
20 47
20 49
20 54
20 58
20 61
20 62
20 68
20 71
20 72
20 74
20 79
20 83
20 86
20 88
20 89
20 91
20 92
20 93
20 95
20 96
20 98
20 99
21 2
21 3
21 7
21 9
21 16
21 17
21 18
21 24
21 26
21 28
21 32
21 33
21 38
21 39
21 41
21 44
21 45
21 47
21 54
21 58
21 62
21 68
21 71
21 72
21 74
21 79
21 83
21 85
21 86
21 88
21 89
21 91
21 92
21 93
21 95
21 96
21 98
21 99
22 2
22 9
22 10
22 11
22 17
22 18
22 24
22 25
22 26
22 28
22 31
22 32
22 38
22 39
22 41
22 44
22 47
22 49
22 54
22 58
22 62
22 64
22 68
22 71
22 72
22 74
22 79
22 81
22 83
22 86
22 88
22 89
22 91
22 92
22 95
22 96
22 98
22 99
23 2
23 3
23 7
23 9
23 10
23 16
23 18
23 20
23 24
23 25
23 26
23 28
23 29
23 31
23 32
23 39
23 41
23 44
23 45
23 49
23 54
23 58
23 68
23 71
23 72
23 74
23 79
23 82
23 83
23 88
23 89
23 91
23 92
23 93
23 95
23 96
23 98
23 99
24 2
24 7
24 9
24 10
24 13
24 16
24 17
24 18
24 20
24 21
24 22
24 23
24 25
24 26
24 31
24 32
24 38
24 39
24 41
24 44
24 45
24 49
24 58
24 62
24 68
24 71
24 72
24 74
24 79
24 83
24 86
24 88
24 91
24 92
24 93
24 95
24 96
24 98
24 99
25 2
25 3
25 9
25 10
25 17
25 18
25 20
25 22
25 23
25 24
25 26
25 28
25 31
25 32
25 38
25 39
25 44
25 45
25 47
25 49
25 54
25 57
25 58
25 62
25 68
25 71
25 72
25 74
25 79
25 86
25 88
25 89
25 91
25 92
25 93
25 95
25 96
25 98
25 99
26 2
26 9
26 10
26 11
26 16
26 17
26 20
26 21
26 22
26 23
26 24
26 25
26 28
26 32
26 38
26 39
26 41
26 44
26 45
26 49
26 53
26 54
26 62
26 68
26 71
26 72
26 74
26 75
26 79
26 83
26 86
26 89
26 91
26 92
26 93
26 95
26 96
26 98
26 99
27 5
27 6
27 8
27 13
27 14
27 18
27 19
27 33
27 35
27 36
27 37
27 40
27 46
27 48
27 50
27 53
27 55
27 57
27 59
27 60
27 61
27 63
27 65
27 67
27 69
27 70
27 73
27 75
27 76
27 78
27 80
27 81
27 82
27 85
27 87
27 94
27 97
27 100
28 2
28 3
28 7
28 11
28 16
28 17
28 18
28 20
28 21
28 22
28 23
28 25
28 26
28 31
28 38
28 39
28 44
28 45
28 47
28 49
28 54
28 62
28 68
28 71
28 72
28 74
28 79
28 83
28 84
28 86
28 88
28 89
28 91
28 92
28 95
28 96
28 98
28 99
28 100
29 4
29 8
29 13
29 14
29 15
29 19
29 23
29 30
29 34
29 37
29 43
29 46
29 48
29 50
29 53
29 55
29 56
29 57
29 59
29 60
29 64
29 65
29 66
29 67
29 69
29 70
29 73
29 75
29 76
29 77
29 80
29 81
29 82
29 84
29 87
29 90
29 97
29 100
30 1
30 4
30 5
30 6
30 8
30 9
30 12
30 14
30 19
30 29
30 33
30 40
30 42
30 46
30 48
30 50
30 52
30 53
30 56
30 57
30 59
30 60
30 63
30 64
30 66
30 67
30 69
30 70
30 73
30 75
30 76
30 80
30 82
30 84
30 85
30 94
30 97
30 99
30 100
31 2
31 3
31 6
31 7
31 9
31 10
31 11
31 16
31 17
31 20
31 22
31 23
31 24
31 25
31 28
31 32
31 39
31 41
31 44
31 45
31 47
31 58
31 62
31 68
31 71
31 72
31 74
31 79
31 83
31 86
31 89
31 91
31 92
31 93
31 95
31 96
31 97
31 98
31 99
32 2
32 5
32 7
32 9
32 10
32 13
32 16
32 17
32 18
32 20
32 21
32 22
32 23
32 24
32 25
32 26
32 31
32 44
32 45
32 47
32 49
32 58
32 62
32 68
32 71
32 72
32 74
32 79
32 83
32 86
32 88
32 89
32 91
32 92
32 93
32 95
32 96
32 98
32 99
33 4
33 6
33 8
33 12
33 13
33 15
33 19
33 21
33 27
33 30
33 34
33 36
33 37
33 42
33 46
33 51
33 52
33 53
33 55
33 57
33 59
33 60
33 61
33 65
33 66
33 67
33 70
33 73
33 75
33 77
33 80
33 81
33 82
33 84
33 85
33 87
33 94
33 97
33 100
34 1
34 4
34 5
34 8
34 12
34 19
34 20
34 29
34 33
34 37
34 40
34 43
34 46
34 48
34 50
34 52
34 53
34 55
34 57
34 59
34 60
34 61
34 63
34 64
34 66
34 67
34 73
34 75
34 77
34 78
34 80
34 81
34 82
34 84
34 85
34 86
34 90
34 94
34 97
35 4
35 5
35 8
35 10
35 12
35 15
35 19
35 27
35 36
35 37
35 40
35 42
35 43
35 50
35 52
35 53
35 55
35 56
35 57
35 59
35 60
35 61
35 63
35 65
35 66
35 70
35 73
35 76
35 77
35 78
35 80
35 82
35 84
35 85
35 87
35 94
35 97
35 100
36 1
36 12
36 13
36 14
36 15
36 19
36 27
36 33
36 35
36 37
36 40
36 42
36 43
36 46
36 48
36 51
36 53
36 56
36 57
36 59
36 61
36 63
36 64
36 67
36 70
36 71
36 73
36 75
36 76
36 77
36 78
36 80
36 81
36 82
36 84
36 85
36 87
36 94
36 97
37 1
37 3
37 8
37 12
37 14
37 15
37 27
37 29
37 33
37 34
37 35
37 36
37 42
37 43
37 48
37 51
37 52
37 53
37 55
37 56
37 57
37 60
37 61
37 63
37 64
37 66
37 67
37 69
37 70
37 75
37 76
37 77
37 80
37 81
37 82
37 85
37 87
37 88
37 90
37 100
38 7
38 9
38 11
38 16
38 17
38 18
38 20
38 21
38 22
38 24
38 25
38 26
38 28
38 39
38 41
38 44
38 45
38 47
38 49
38 54
38 58
38 62
38 63
38 68
38 71
38 72
38 74
38 76
38 79
38 83
38 86
38 88
38 89
38 91
38 92
38 93
38 95
38 96
38 98
38 99
39 2
39 3
39 7
39 9
39 10
39 11
39 16
39 20
39 21
39 22
39 23
39 24
39 25
39 26
39 28
39 31
39 38
39 41
39 47
39 54
39 58
39 62
39 68
39 71
39 72
39 74
39 77
39 79
39 82
39 83
39 86
39 88
39 89
39 91
39 92
39 93
39 95
39 96
39 98
39 99
40 4
40 5
40 6
40 12
40 13
40 14
40 19
40 27
40 30
40 34
40 35
40 36
40 42
40 43
40 46
40 47
40 50
40 51
40 53
40 55
40 56
40 61
40 64
40 65
40 66
40 69
40 70
40 73
40 75
40 76
40 77
40 80
40 82
40 84
40 85
40 87
40 90
40 94
40 97
40 100
41 3
41 7
41 10
41 11
41 16
41 17
41 18
41 20
41 21
41 22
41 23
41 24
41 26
41 31
41 38
41 39
41 44
41 45
41 47
41 49
41 54
41 58
41 67
41 68
41 71
41 72
41 74
41 79
41 83
41 86
41 88
41 89
41 91
41 92
41 93
41 94
41 95
41 96
41 98
41 99
42 4
42 12
42 13
42 14
42 15
42 19
42 30
42 33
42 35
42 36
42 37
42 40
42 43
42 50
42 51
42 52
42 56
42 57
42 60
42 61
42 64
42 65
42 66
42 67
42 70
42 73
42 74
42 75
42 76
42 78
42 80
42 81
42 82
42 84
42 85
42 87
42 90
42 92
42 94
42 97
43 1
43 6
43 7
43 12
43 14
43 19
43 29
43 34
43 35
43 36
43 37
43 40
43 42
43 46
43 48
43 51
43 52
43 53
43 56
43 57
43 59
43 60
43 61
43 63
43 64
43 65
43 66
43 70
43 73
43 77
43 78
43 81
43 82
43 84
43 85
43 87
43 94
43 97
43 100
44 2
44 3
44 7
44 10
44 17
44 18
44 20
44 21
44 22
44 23
44 24
44 25
44 26
44 28
44 31
44 32
44 38
44 41
44 45
44 47
44 49
44 54
44 62
44 66
44 71
44 72
44 74
44 79
44 83
44 86
44 87
44 88
44 89
44 91
44 92
44 93
44 95
44 96
44 98
44 99
45 2
45 3
45 6
45 7
45 9
45 10
45 11
45 16
45 20
45 21
45 23
45 24
45 25
45 26
45 28
45 31
45 32
45 38
45 41
45 44
45 49
45 54
45 58
45 68
45 71
45 72
45 74
45 79
45 80
45 83
45 85
45 86
45 88
45 89
45 91
45 92
45 93
45 95
45 96
45 98
45 99
46 1
46 6
46 13
46 14
46 27
46 29
46 30
46 33
46 34
46 36
46 40
46 43
46 47
46 48
46 50
46 51
46 52
46 53
46 55
46 57
46 60
46 61
46 63
46 64
46 65
46 66
46 67
46 69
46 70
46 73
46 75
46 76
46 77
46 78
46 80
46 84
46 85
46 90
46 94
46 97
46 100
47 2
47 3
47 9
47 10
47 16
47 17
47 18
47 20
47 21
47 22
47 25
47 28
47 31
47 32
47 38
47 39
47 40
47 41
47 44
47 46
47 49
47 54
47 58
47 62
47 68
47 71
47 72
47 74
47 78
47 79
47 83
47 86
47 88
47 89
47 91
47 92
47 93
47 95
47 96
47 98
47 99
48 1
48 6
48 8
48 12
48 14
48 15
48 27
48 29
48 30
48 34
48 36
48 37
48 43
48 46
48 50
48 53
48 55
48 56
48 57
48 61
48 64
48 65
48 66
48 67
48 69
48 70
48 73
48 75
48 76
48 77
48 78
48 80
48 81
48 82
48 84
48 85
48 90
48 93
48 97
48 100
49 3
49 7
49 9
49 10
49 11
49 16
49 17
49 18
49 20
49 22
49 23
49 24
49 25
49 26
49 28
49 32
49 38
49 41
49 44
49 45
49 47
49 54
49 58
49 62
49 65
49 68
49 71
49 72
49 74
49 79
49 83
49 86
49 88
49 89
49 91
49 92
49 93
49 95
49 98
49 99
49 100
50 1
50 6
50 8
50 12
50 13
50 14
50 27
50 29
50 30
50 34
50 35
50 40
50 42
50 46
50 48
50 51
50 52
50 53
50 55
50 56
50 57
50 59
50 60
50 61
50 64
50 65
50 66
50 67
50 69
50 70
50 73
50 75
50 78
50 80
50 84
50 87
50 90
50 94
50 96
50 100
51 1
51 4
51 6
51 10
51 13
51 15
51 19
51 33
51 36
51 37
51 40
51 42
51 43
51 46
51 50
51 52
51 55
51 56
51 57
51 59
51 60
51 61
51 63
51 64
51 65
51 66
51 67
51 69
51 70
51 73
51 75
51 77
51 80
51 82
51 84
51 85
51 87
51 90
51 97
51 100
52 1
52 5
52 6
52 8
52 12
52 15
52 19
52 30
52 33
52 34
52 35
52 37
52 42
52 43
52 46
52 50
52 51
52 53
52 55
52 57
52 59
52 61
52 63
52 65
52 66
52 67
52 69
52 70
52 73
52 75
52 77
52 78
52 80
52 81
52 82
52 87
52 89
52 90
52 94
52 96
52 100
53 4
53 5
53 6
53 8
53 12
53 15
53 26
53 27
53 29
53 30
53 33
53 34
53 35
53 36
53 37
53 40
53 43
53 46
53 48
53 50
53 52
53 59
53 61
53 63
53 64
53 65
53 66
53 70
53 72
53 76
53 77
53 78
53 80
53 81
53 84
53 85
53 87
53 90
53 94
53 97
53 100
54 2
54 3
54 7
54 9
54 10
54 11
54 16
54 17
54 18
54 20
54 21
54 22
54 23
54 25
54 26
54 28
54 38
54 39
54 41
54 44
54 45
54 47
54 49
54 56
54 57
54 58
54 62
54 68
54 71
54 72
54 74
54 79
54 83
54 86
54 88
54 89
54 91
54 92
54 93
54 95
54 96
54 98
55 1
55 3
55 4
55 5
55 12
55 13
55 14
55 15
55 19
55 27
55 29
55 33
55 34
55 35
55 37
55 40
55 46
55 48
55 50
55 51
55 52
55 56
55 57
55 61
55 63
55 64
55 65
55 66
55 67
55 69
55 70
55 75
55 77
55 78
55 82
55 84
55 85
55 87
55 90
55 94
55 99
55 100
56 1
56 4
56 5
56 6
56 8
56 13
56 14
56 15
56 29
56 30
56 35
56 36
56 37
56 40
56 42
56 43
56 48
56 50
56 51
56 54
56 55
56 57
56 59
56 60
56 63
56 64
56 65
56 66
56 67
56 69
56 70
56 76
56 77
56 78
56 81
56 82
56 84
56 85
56 90
56 94
56 97
56 100
57 4
57 5
57 13
57 14
57 15
57 19
57 25
57 27
57 29
57 30
57 33
57 34
57 35
57 36
57 37
57 42
57 43
57 46
57 48
57 50
57 51
57 52
57 54
57 55
57 56
57 60
57 61
57 63
57 70
57 73
57 75
57 76
57 78
57 80
57 81
57 82
57 84
57 85
57 90
57 94
57 97
57 100
58 2
58 3
58 7
58 9
58 10
58 11
58 15
58 17
58 18
58 20
58 21
58 22
58 23
58 24
58 25
58 31
58 32
58 38
58 39
58 41
58 45
58 47
58 49
58 54
58 59
58 62
58 68
58 71
58 72
58 74
58 76
58 83
58 86
58 88
58 89
58 91
58 92
58 93
58 95
58 96
58 98
58 99
59 1
59 4
59 5
59 6
59 8
59 14
59 15
59 27
59 29
59 30
59 33
59 34
59 35
59 36
59 43
59 50
59 51
59 52
59 53
59 56
59 58
59 60
59 61
59 63
59 65
59 66
59 67
59 69
59 70
59 73
59 75
59 76
59 77
59 78
59 81
59 82
59 84
59 85
59 87
59 88
59 97
59 100
60 1
60 2
60 5
60 8
60 12
60 13
60 14
60 15
60 19
60 27
60 29
60 30
60 33
60 34
60 35
60 37
60 42
60 43
60 46
60 50
60 51
60 56
60 57
60 59
60 61
60 63
60 64
60 65
60 69
60 70
60 75
60 76
60 77
60 78
60 80
60 81
60 85
60 90
60 94
60 97
60 100
61 1
61 4
61 8
61 12
61 13
61 15
61 20
61 27
61 33
61 34
61 35
61 36
61 37
61 40
61 42
61 43
61 46
61 48
61 50
61 51
61 52
61 53
61 55
61 57
61 59
61 60
61 64
61 67
61 69
61 70
61 73
61 76
61 77
61 78
61 80
61 81
61 84
61 85
61 90
61 91
61 98
61 100
62 2
62 3
62 4
62 7
62 9
62 10
62 11
62 16
62 18
62 20
62 21
62 22
62 24
62 25
62 26
62 28
62 31
62 32
62 38
62 39
62 44
62 47
62 49
62 54
62 58
62 63
62 68
62 71
62 72
62 74
62 79
62 83
62 86
62 88
62 89
62 91
62 92
62 93
62 95
62 96
62 98
62 99
63 1
63 4
63 5
63 6
63 8
63 11
63 13
63 14
63 27
63 30
63 34
63 35
63 36
63 37
63 38
63 43
63 46
63 51
63 52
63 53
63 55
63 56
63 57
63 59
63 60
63 62
63 64
63 65
63 66
63 67
63 69
63 70
63 73
63 75
63 76
63 80
63 82
63 85
63 87
63 90
63 94
63 97
63 100
64 1
64 4
64 5
64 6
64 11
64 12
64 19
64 22
64 29
64 30
64 34
64 36
64 37
64 40
64 42
64 43
64 46
64 48
64 50
64 51
64 53
64 55
64 56
64 60
64 61
64 63
64 65
64 66
64 69
64 75
64 76
64 77
64 78
64 80
64 81
64 82
64 84
64 85
64 87
64 90
64 94
64 97
64 100
65 1
65 6
65 8
65 19
65 27
65 29
65 33
65 35
65 40
65 42
65 43
65 46
65 48
65 49
65 50
65 51
65 52
65 53
65 55
65 56
65 59
65 60
65 63
65 64
65 66
65 67
65 69
65 70
65 73
65 75
65 76
65 77
65 78
65 80
65 81
65 82
65 83
65 84
65 85
65 87
65 90
65 97
65 100
66 1
66 4
66 6
66 12
66 13
66 15
66 17
66 29
66 30
66 33
66 34
66 35
66 37
66 40
66 42
66 43
66 44
66 46
66 48
66 50
66 51
66 52
66 53
66 55
66 56
66 59
66 63
66 64
66 65
66 67
66 73
66 75
66 76
66 77
66 80
66 81
66 82
66 84
66 87
66 90
66 94
66 97
66 100
67 1
67 4
67 6
67 8
67 9
67 12
67 13
67 14
67 15
67 27
67 29
67 30
67 33
67 34
67 36
67 37
67 41
67 42
67 46
67 48
67 50
67 51
67 52
67 55
67 56
67 59
67 61
67 63
67 65
67 66
67 70
67 73
67 75
67 76
67 78
67 80
67 81
67 82
67 84
67 87
67 90
67 97
67 100
68 2
68 3
68 9
68 10
68 11
68 16
68 17
68 18
68 20
68 21
68 22
68 23
68 24
68 25
68 26
68 28
68 31
68 32
68 38
68 39
68 41
68 45
68 47
68 49
68 54
68 58
68 62
68 71
68 73
68 74
68 79
68 83
68 86
68 88
68 89
68 91
68 92
68 93
68 94
68 95
68 96
68 98
68 99
69 1
69 4
69 5
69 6
69 8
69 12
69 13
69 14
69 15
69 16
69 19
69 27
69 29
69 30
69 37
69 40
69 46
69 48
69 50
69 51
69 52
69 55
69 56
69 59
69 60
69 61
69 63
69 64
69 65
69 73
69 76
69 77
69 78
69 80
69 81
69 82
69 83
69 84
69 85
69 87
69 90
69 94
69 97
70 1
70 5
70 6
70 12
70 14
70 19
70 27
70 29
70 30
70 33
70 35
70 36
70 37
70 40
70 42
70 43
70 46
70 48
70 50
70 51
70 52
70 53
70 55
70 56
70 57
70 59
70 60
70 61
70 63
70 65
70 67
70 73
70 75
70 76
70 77
70 80
70 81
70 82
70 84
70 87
70 90
70 95
70 97
71 3
71 9
71 10
71 11
71 16
71 17
71 20
71 21
71 22
71 23
71 24
71 25
71 26
71 28
71 31
71 32
71 36
71 38
71 39
71 41
71 44
71 45
71 47
71 49
71 54
71 58
71 62
71 68
71 72
71 74
71 79
71 83
71 86
71 88
71 89
71 91
71 92
71 93
71 94
71 95
71 96
71 98
71 99
72 2
72 3
72 7
72 10
72 11
72 17
72 18
72 20
72 21
72 22
72 23
72 24
72 25
72 26
72 28
72 31
72 32
72 38
72 39
72 41
72 44
72 45
72 47
72 49
72 53
72 54
72 58
72 62
72 71
72 74
72 79
72 82
72 83
72 86
72 88
72 89
72 91
72 92
72 93
72 95
72 96
72 98
72 99
73 1
73 5
73 8
73 12
73 15
73 19
73 27
73 29
73 30
73 33
73 34
73 35
73 36
73 40
73 42
73 43
73 46
73 48
73 50
73 51
73 52
73 57
73 59
73 61
73 63
73 65
73 66
73 67
73 68
73 69
73 70
73 75
73 76
73 77
73 78
73 80
73 81
73 84
73 87
73 90
73 94
73 97
73 100
74 3
74 7
74 9
74 10
74 11
74 16
74 18
74 20
74 21
74 22
74 23
74 24
74 25
74 26
74 28
74 31
74 32
74 38
74 39
74 41
74 42
74 44
74 45
74 47
74 49
74 54
74 58
74 62
74 68
74 71
74 72
74 77
74 79
74 83
74 86
74 88
74 89
74 92
74 93
74 95
74 96
74 98
74 99
75 5
75 6
75 13
75 14
75 15
75 19
75 26
75 27
75 29
75 30
75 33
75 34
75 36
75 37
75 40
75 42
75 46
75 48
75 50
75 51
75 52
75 55
75 57
75 59
75 60
75 63
75 64
75 65
75 66
75 67
75 70
75 73
75 77
75 78
75 80
75 81
75 82
75 85
75 87
75 88
75 90
75 94
75 97
75 100
76 4
76 5
76 6
76 8
76 13
76 14
76 15
76 19
76 27
76 29
76 30
76 35
76 36
76 37
76 38
76 40
76 42
76 46
76 48
76 53
76 56
76 57
76 58
76 59
76 60
76 61
76 63
76 64
76 65
76 66
76 67
76 69
76 70
76 73
76 77
76 78
76 81
76 82
76 85
76 87
76 90
76 94
76 97
76 100
77 4
77 5
77 6
77 8
77 12
77 13
77 14
77 15
77 19
77 29
77 33
77 34
77 35
77 36
77 37
77 39
77 40
77 43
77 46
77 48
77 51
77 52
77 53
77 55
77 56
77 59
77 60
77 61
77 64
77 65
77 66
77 69
77 70
77 73
77 74
77 75
77 76
77 80
77 81
77 82
77 84
77 87
77 94
77 100
78 4
78 5
78 6
78 12
78 13
78 14
78 15
78 16
78 19
78 27
78 34
78 35
78 36
78 42
78 43
78 46
78 47
78 48
78 50
78 52
78 53
78 55
78 56
78 57
78 59
78 60
78 61
78 64
78 65
78 67
78 69
78 73
78 75
78 76
78 81
78 82
78 84
78 85
78 86
78 87
78 90
78 94
78 97
78 100
79 2
79 3
79 4
79 7
79 9
79 10
79 11
79 17
79 18
79 20
79 21
79 22
79 23
79 24
79 25
79 26
79 28
79 31
79 32
79 38
79 39
79 41
79 44
79 45
79 47
79 49
79 54
79 62
79 68
79 71
79 72
79 74
79 83
79 86
79 88
79 89
79 90
79 91
79 92
79 93
79 95
79 96
79 98
79 99
80 1
80 5
80 8
80 13
80 14
80 15
80 19
80 27
80 29
80 30
80 33
80 34
80 35
80 36
80 37
80 40
80 42
80 45
80 46
80 48
80 50
80 51
80 52
80 53
80 57
80 60
80 61
80 63
80 64
80 65
80 66
80 67
80 69
80 70
80 73
80 75
80 77
80 81
80 82
80 85
80 87
80 90
80 93
80 94
81 5
81 7
81 8
81 12
81 14
81 15
81 19
81 22
81 27
81 29
81 33
81 34
81 36
81 37
81 42
81 43
81 48
81 52
81 53
81 56
81 57
81 59
81 60
81 61
81 64
81 65
81 66
81 67
81 69
81 70
81 73
81 75
81 76
81 77
81 78
81 80
81 82
81 84
81 85
81 87
81 90
81 94
81 97
81 100
82 1
82 5
82 8
82 14
82 23
82 27
82 29
82 30
82 33
82 34
82 35
82 36
82 37
82 39
82 40
82 42
82 43
82 48
82 51
82 52
82 55
82 56
82 57
82 59
82 63
82 64
82 65
82 66
82 67
82 69
82 70
82 72
82 75
82 76
82 77
82 78
82 80
82 81
82 84
82 85
82 87
82 90
82 94
82 97
82 100
83 2
83 3
83 7
83 9
83 10
83 11
83 16
83 17
83 18
83 20
83 21
83 22
83 23
83 24
83 26
83 28
83 31
83 32
83 38
83 39
83 41
83 44
83 45
83 47
83 49
83 54
83 58
83 62
83 65
83 68
83 69
83 71
83 72
83 74
83 79
83 86
83 88
83 89
83 91
83 92
83 93
83 95
83 96
83 98
83 99
84 1
84 4
84 6
84 8
84 12
84 13
84 14
84 15
84 17
84 28
84 29
84 30
84 33
84 34
84 35
84 36
84 40
84 42
84 43
84 46
84 48
84 50
84 51
84 53
84 55
84 56
84 57
84 59
84 61
84 64
84 65
84 66
84 67
84 69
84 70
84 73
84 77
84 78
84 81
84 82
84 85
84 90
84 94
84 97
84 100
85 1
85 4
85 6
85 12
85 13
85 14
85 15
85 19
85 21
85 27
85 30
85 33
85 34
85 35
85 36
85 37
85 40
85 42
85 43
85 45
85 46
85 48
85 51
85 53
85 55
85 56
85 57
85 59
85 60
85 61
85 63
85 64
85 65
85 69
85 75
85 76
85 78
85 80
85 81
85 82
85 84
85 87
85 90
85 94
85 97
86 2
86 3
86 7
86 9
86 10
86 11
86 16
86 17
86 18
86 20
86 21
86 22
86 24
86 25
86 26
86 28
86 31
86 32
86 34
86 38
86 39
86 41
86 44
86 45
86 47
86 49
86 54
86 58
86 62
86 68
86 71
86 72
86 74
86 78
86 79
86 83
86 88
86 89
86 91
86 92
86 93
86 95
86 96
86 98
86 99
87 1
87 4
87 5
87 8
87 12
87 13
87 14
87 15
87 19
87 27
87 29
87 33
87 35
87 36
87 37
87 40
87 42
87 43
87 44
87 50
87 51
87 52
87 53
87 55
87 59
87 63
87 64
87 65
87 66
87 67
87 69
87 70
87 73
87 75
87 76
87 77
87 78
87 80
87 81
87 82
87 85
87 90
87 94
87 96
87 100
88 2
88 3
88 7
88 9
88 10
88 11
88 16
88 17
88 18
88 20
88 21
88 22
88 23
88 24
88 25
88 28
88 32
88 37
88 38
88 39
88 41
88 44
88 45
88 47
88 49
88 54
88 58
88 59
88 62
88 68
88 71
88 72
88 74
88 75
88 79
88 83
88 86
88 89
88 91
88 92
88 93
88 95
88 96
88 98
88 99
89 2
89 3
89 5
89 7
89 9
89 10
89 11
89 16
89 17
89 18
89 20
89 21
89 22
89 23
89 25
89 26
89 28
89 31
89 32
89 38
89 39
89 41
89 44
89 45
89 47
89 49
89 52
89 54
89 58
89 62
89 68
89 71
89 72
89 74
89 79
89 83
89 86
89 88
89 91
89 92
89 93
89 95
89 96
89 98
89 99
90 5
90 8
90 12
90 13
90 14
90 15
90 29
90 34
90 37
90 40
90 42
90 46
90 48
90 50
90 51
90 52
90 53
90 55
90 56
90 57
90 60
90 61
90 63
90 64
90 65
90 66
90 67
90 69
90 70
90 73
90 75
90 76
90 78
90 79
90 80
90 81
90 82
90 84
90 85
90 87
90 91
90 94
90 97
90 98
90 100
91 2
91 3
91 7
91 9
91 10
91 11
91 16
91 17
91 18
91 20
91 21
91 22
91 23
91 24
91 25
91 26
91 28
91 31
91 32
91 38
91 39
91 41
91 44
91 45
91 47
91 49
91 54
91 58
91 61
91 62
91 68
91 71
91 72
91 79
91 83
91 86
91 88
91 89
91 90
91 92
91 93
91 95
91 96
91 98
91 99
92 3
92 7
92 9
92 10
92 11
92 16
92 17
92 18
92 19
92 20
92 21
92 22
92 23
92 24
92 25
92 26
92 28
92 31
92 32
92 38
92 39
92 41
92 42
92 44
92 45
92 47
92 49
92 54
92 58
92 62
92 68
92 71
92 72
92 74
92 79
92 83
92 86
92 88
92 89
92 91
92 93
92 95
92 96
92 98
92 99
93 2
93 3
93 7
93 9
93 10
93 11
93 15
93 16
93 17
93 18
93 20
93 21
93 23
93 24
93 25
93 26
93 31
93 32
93 38
93 39
93 41
93 44
93 45
93 47
93 48
93 49
93 54
93 58
93 62
93 68
93 71
93 72
93 74
93 79
93 80
93 83
93 86
93 88
93 89
93 91
93 92
93 95
93 96
93 98
93 99
94 1
94 4
94 5
94 6
94 8
94 13
94 15
94 19
94 27
94 30
94 33
94 34
94 35
94 36
94 40
94 41
94 42
94 43
94 46
94 50
94 52
94 53
94 55
94 56
94 57
94 60
94 63
94 64
94 66
94 68
94 69
94 71
94 73
94 75
94 76
94 77
94 78
94 80
94 81
94 82
94 84
94 85
94 87
94 90
94 100
95 1
95 2
95 3
95 7
95 9
95 10
95 11
95 16
95 17
95 18
95 20
95 21
95 22
95 23
95 24
95 25
95 26
95 28
95 31
95 32
95 38
95 39
95 41
95 44
95 45
95 47
95 49
95 54
95 58
95 62
95 68
95 70
95 71
95 72
95 74
95 79
95 83
95 86
95 88
95 89
95 91
95 92
95 93
95 96
95 98
95 99
96 2
96 3
96 7
96 9
96 10
96 11
96 16
96 17
96 18
96 20
96 21
96 22
96 23
96 24
96 25
96 26
96 28
96 31
96 32
96 38
96 39
96 41
96 44
96 45
96 47
96 50
96 52
96 54
96 58
96 62
96 68
96 71
96 72
96 74
96 79
96 83
96 86
96 87
96 88
96 89
96 91
96 92
96 93
96 95
96 98
96 99
97 1
97 4
97 5
97 6
97 8
97 13
97 14
97 15
97 19
97 27
97 29
97 30
97 31
97 33
97 34
97 35
97 36
97 40
97 42
97 43
97 46
97 48
97 51
97 53
97 56
97 57
97 59
97 60
97 63
97 64
97 65
97 66
97 67
97 69
97 70
97 73
97 75
97 76
97 78
97 81
97 82
97 84
97 85
97 90
97 100
98 2
98 3
98 7
98 9
98 10
98 11
98 16
98 17
98 18
98 20
98 21
98 22
98 23
98 24
98 25
98 26
98 28
98 31
98 32
98 38
98 39
98 41
98 44
98 45
98 47
98 49
98 54
98 58
98 61
98 62
98 68
98 71
98 72
98 74
98 79
98 83
98 86
98 88
98 89
98 90
98 91
98 92
98 93
98 95
98 96
98 99
99 1
99 2
99 3
99 7
99 9
99 10
99 11
99 16
99 17
99 18
99 20
99 21
99 22
99 23
99 24
99 25
99 26
99 28
99 30
99 31
99 32
99 38
99 39
99 41
99 44
99 45
99 47
99 49
99 55
99 58
99 62
99 68
99 71
99 72
99 74
99 79
99 83
99 86
99 88
99 89
99 91
99 92
99 93
99 95
99 96
99 98
100 4
100 6
100 12
100 13
100 14
100 15
100 19
100 27
100 28
100 29
100 30
100 33
100 35
100 37
100 40
100 43
100 46
100 48
100 49
100 50
100 51
100 52
100 53
100 55
100 56
100 57
100 59
100 60
100 61
100 63
100 64
100 65
100 66
100 67
100 73
100 75
100 76
100 77
100 78
100 81
100 82
100 84
100 87
100 90
100 94
100 97
101.0 102.0 103.0 104.0 105.0 106.0 107.0 108.0 109.0 110.0 111.0 112.0 113.0 114.0 115.0 116.0 117.0 118.0 119.0 120.0 121.0 122.0 123.0 124.0 125.0 126.0 127.0 128.0 129.0 130.0 131.0 132.0 133.0 134.0 135.0 136.0 137.0 138.0 139.0 140.0 141.0 142.0 143.0 144.0 145.0 146.0 147.0 148.0 149.0 150.0 151.0 152.0 153.0 154.0 155.0 156.0 157.0 158.0 159.0 160.0 161.0 162.0 163.0 164.0 165.0 166.0 167.0 168.0 169.0 170.0 171.0 172.0 173.0 174.0 175.0 176.0 177.0 178.0 179.0 180.0 181.0 182.0 183.0 184.0 185.0 186.0 187.0 188.0 189.0 190.0 191.0 192.0 193.0 194.0 195.0 196.0 197.0 198.0 199.0 200.0
4114
101.0 104.0
101.0 105.0
101.0 106.0
101.0 108.0
101.0 113.0
101.0 130.0
101.0 134.0
101.0 136.0
101.0 137.0
101.0 143.0
101.0 146.0
101.0 148.0
101.0 150.0
101.0 151.0
101.0 152.0
101.0 155.0
101.0 156.0
101.0 159.0
101.0 160.0
101.0 161.0
101.0 163.0
101.0 164.0
101.0 165.0
101.0 166.0
101.0 167.0
101.0 169.0
101.0 170.0
101.0 173.0
101.0 180.0
101.0 182.0
101.0 184.0
101.0 185.0
101.0 187.0
101.0 194.0
101.0 195.0
101.0 197.0
101.0 199.0
102.0 103.0
102.0 109.0
102.0 110.0
102.0 111.0
102.0 112.0
102.0 116.0
102.0 118.0
102.0 121.0
102.0 122.0
102.0 123.0
102.0 124.0
102.0 125.0
102.0 126.0
102.0 128.0
102.0 131.0
102.0 132.0
102.0 139.0
102.0 144.0
102.0 145.0
102.0 147.0
102.0 154.0
102.0 158.0
102.0 160.0
102.0 162.0
102.0 168.0
102.0 172.0
102.0 179.0
102.0 183.0
102.0 186.0
102.0 188.0
102.0 189.0
102.0 191.0
102.0 193.0
102.0 195.0
102.0 196.0
102.0 198.0
102.0 199.0
103.0 102.0
103.0 107.0
103.0 109.0
103.0 116.0
103.0 118.0
103.0 121.0
103.0 123.0
103.0 125.0
103.0 128.0
103.0 131.0
103.0 137.0
103.0 139.0
103.0 141.0
103.0 144.0
103.0 145.0
103.0 147.0
103.0 149.0
103.0 154.0
103.0 155.0
103.0 158.0
103.0 162.0
103.0 168.0
103.0 171.0
103.0 172.0
103.0 174.0
103.0 179.0
103.0 183.0
103.0 186.0
103.0 188.0
103.0 189.0
103.0 191.0
103.0 192.0
103.0 193.0
103.0 195.0
103.0 196.0
103.0 198.0
103.0 199.0
104.0 101.0
104.0 105.0
104.0 106.0
104.0 108.0
104.0 112.0
104.0 113.0
104.0 119.0
104.0 129.0
104.0 130.0
104.0 133.0
104.0 134.0
104.0 135.0
104.0 140.0
104.0 142.0
104.0 151.0
104.0 153.0
104.0 155.0
104.0 156.0
104.0 157.0
104.0 159.0
104.0 161.0
104.0 162.0
104.0 163.0
104.0 164.0
104.0 166.0
104.0 167.0
104.0 169.0
104.0 176.0
104.0 177.0
104.0 178.0
104.0 179.0
104.0 184.0
104.0 185.0
104.0 187.0
104.0 194.0
104.0 197.0
104.0 200.0
105.0 101.0
105.0 104.0
105.0 106.0
105.0 112.0
105.0 113.0
105.0 114.0
105.0 119.0
105.0 127.0
105.0 130.0
105.0 132.0
105.0 134.0
105.0 135.0
105.0 140.0
105.0 152.0
105.0 153.0
105.0 155.0
105.0 156.0
105.0 157.0
105.0 159.0
105.0 160.0
105.0 163.0
105.0 164.0
105.0 169.0
105.0 170.0
105.0 173.0
105.0 175.0
105.0 176.0
105.0 177.0
105.0 178.0
105.0 180.0
105.0 181.0
105.0 182.0
105.0 187.0
105.0 189.0
105.0 190.0
105.0 194.0
105.0 197.0
106.0 101.0
106.0 104.0
106.0 105.0
106.0 108.0
106.0 113.0
106.0 119.0
106.0 127.0
106.0 130.0
106.0 131.0
106.0 133.0
106.0 140.0
106.0 143.0
106.0 145.0
106.0 146.0
106.0 148.0
106.0 150.0
106.0 151.0
106.0 152.0
106.0 153.0
106.0 156.0
106.0 159.0
106.0 163.0
106.0 164.0
106.0 165.0
106.0 166.0
106.0 167.0
106.0 169.0
106.0 170.0
106.0 175.0
106.0 176.0
106.0 177.0
106.0 178.0
106.0 184.0
106.0 185.0
106.0 194.0
106.0 197.0
106.0 200.0
107.0 103.0
107.0 110.0
107.0 111.0
107.0 116.0
107.0 117.0
107.0 118.0
107.0 121.0
107.0 123.0
107.0 124.0
107.0 128.0
107.0 131.0
107.0 132.0
107.0 138.0
107.0 139.0
107.0 141.0
107.0 143.0
107.0 144.0
107.0 145.0
107.0 149.0
107.0 154.0
107.0 158.0
107.0 162.0
107.0 172.0
107.0 174.0
107.0 179.0
107.0 181.0
107.0 183.0
107.0 186.0
107.0 188.0
107.0 189.0
107.0 191.0
107.0 192.0
107.0 193.0
107.0 195.0
107.0 196.0
107.0 198.0
107.0 199.0
108.0 101.0
108.0 104.0
108.0 106.0
108.0 112.0
108.0 115.0
108.0 119.0
108.0 127.0
108.0 129.0
108.0 130.0
108.0 133.0
108.0 134.0
108.0 135.0
108.0 137.0
108.0 148.0
108.0 150.0
108.0 152.0
108.0 153.0
108.0 156.0
108.0 159.0
108.0 160.0
108.0 161.0
108.0 163.0
108.0 165.0
108.0 167.0
108.0 169.0
108.0 173.0
108.0 176.0
108.0 177.0
108.0 180.0
108.0 181.0
108.0 182.0
108.0 184.0
108.0 187.0
108.0 190.0
108.0 194.0
108.0 197.0
109.0 102.0
109.0 103.0
109.0 111.0
109.0 116.0
109.0 118.0
109.0 121.0
109.0 122.0
109.0 123.0
109.0 124.0
109.0 125.0
109.0 126.0
109.0 130.0
109.0 131.0
109.0 132.0
109.0 138.0
109.0 139.0
109.0 145.0
109.0 147.0
109.0 149.0
109.0 154.0
109.0 158.0
109.0 162.0
109.0 167.0
109.0 168.0
109.0 171.0
109.0 174.0
109.0 179.0
109.0 183.0
109.0 186.0
109.0 188.0
109.0 189.0
109.0 191.0
109.0 192.0
109.0 193.0
109.0 195.0
109.0 196.0
109.0 198.0
109.0 199.0
110.0 102.0
110.0 107.0
110.0 111.0
110.0 117.0
110.0 122.0
110.0 123.0
110.0 124.0
110.0 125.0
110.0 126.0
110.0 131.0
110.0 132.0
110.0 135.0
110.0 139.0
110.0 141.0
110.0 144.0
110.0 145.0
110.0 147.0
110.0 149.0
110.0 151.0
110.0 154.0
110.0 158.0
110.0 162.0
110.0 168.0
110.0 171.0
110.0 172.0
110.0 174.0
110.0 179.0
110.0 183.0
110.0 186.0
110.0 188.0
110.0 189.0
110.0 191.0
110.0 192.0
110.0 193.0
110.0 195.0
110.0 196.0
110.0 198.0
110.0 199.0
111.0 102.0
111.0 107.0
111.0 109.0
111.0 110.0
111.0 116.0
111.0 117.0
111.0 118.0
111.0 120.0
111.0 122.0
111.0 126.0
111.0 128.0
111.0 131.0
111.0 138.0
111.0 139.0
111.0 141.0
111.0 145.0
111.0 149.0
111.0 154.0
111.0 158.0
111.0 162.0
111.0 163.0
111.0 164.0
111.0 168.0
111.0 171.0
111.0 172.0
111.0 174.0
111.0 179.0
111.0 183.0
111.0 186.0
111.0 188.0
111.0 189.0
111.0 191.0
111.0 192.0
111.0 193.0
111.0 195.0
111.0 196.0
111.0 198.0
111.0 199.0
112.0 102.0
112.0 104.0
112.0 105.0
112.0 108.0
112.0 113.0
112.0 114.0
112.0 115.0
112.0 119.0
112.0 130.0
112.0 133.0
112.0 134.0
112.0 135.0
112.0 136.0
112.0 137.0
112.0 140.0
112.0 142.0
112.0 143.0
112.0 148.0
112.0 150.0
112.0 152.0
112.0 153.0
112.0 155.0
112.0 160.0
112.0 161.0
112.0 164.0
112.0 166.0
112.0 167.0
112.0 169.0
112.0 170.0
112.0 173.0
112.0 177.0
112.0 178.0
112.0 181.0
112.0 184.0
112.0 185.0
112.0 187.0
112.0 190.0
112.0 200.0
113.0 101.0
113.0 104.0
113.0 105.0
113.0 106.0
113.0 112.0
113.0 114.0
113.0 124.0
113.0 127.0
113.0 129.0
113.0 132.0
113.0 133.0
113.0 136.0
113.0 140.0
113.0 142.0
113.0 146.0
113.0 150.0
113.0 151.0
113.0 155.0
113.0 156.0
113.0 157.0
113.0 160.0
113.0 161.0
113.0 163.0
113.0 166.0
113.0 167.0
113.0 169.0
113.0 175.0
113.0 176.0
113.0 177.0
113.0 178.0
113.0 180.0
113.0 184.0
113.0 185.0
113.0 187.0
113.0 190.0
113.0 194.0
113.0 197.0
113.0 200.0
114.0 105.0
114.0 112.0
114.0 113.0
114.0 115.0
114.0 127.0
114.0 129.0
114.0 130.0
114.0 136.0
114.0 137.0
114.0 140.0
114.0 142.0
114.0 143.0
114.0 146.0
114.0 148.0
114.0 150.0
114.0 155.0
114.0 156.0
114.0 157.0
114.0 159.0
114.0 160.0
114.0 163.0
114.0 167.0
114.0 169.0
114.0 170.0
114.0 175.0
114.0 176.0
114.0 177.0
114.0 178.0
114.0 180.0
114.0 181.0
114.0 182.0
114.0 184.0
114.0 185.0
114.0 187.0
114.0 190.0
114.0 197.0
114.0 200.0
115.0 108.0
115.0 112.0
115.0 114.0
115.0 129.0
115.0 133.0
115.0 135.0
115.0 136.0
115.0 137.0
115.0 142.0
115.0 148.0
115.0 151.0
115.0 152.0
115.0 153.0
115.0 155.0
115.0 156.0
115.0 157.0
115.0 158.0
115.0 159.0
115.0 160.0
115.0 161.0
115.0 166.0
115.0 167.0
115.0 169.0
115.0 173.0
115.0 175.0
115.0 176.0
115.0 177.0
115.0 178.0
115.0 180.0
115.0 181.0
115.0 184.0
115.0 185.0
115.0 187.0
115.0 190.0
115.0 193.0
115.0 194.0
115.0 197.0
115.0 200.0
116.0 102.0
116.0 103.0
116.0 107.0
116.0 109.0
116.0 111.0
116.0 117.0
116.0 120.0
116.0 121.0
116.0 123.0
116.0 124.0
116.0 126.0
116.0 128.0
116.0 131.0
116.0 132.0
116.0 138.0
116.0 139.0
116.0 141.0
116.0 145.0
116.0 147.0
116.0 149.0
116.0 154.0
116.0 162.0
116.0 168.0
116.0 169.0
116.0 171.0
116.0 174.0
116.0 178.0
116.0 183.0
116.0 186.0
116.0 188.0
116.0 189.0
116.0 191.0
116.0 192.0
116.0 193.0
116.0 195.0
116.0 196.0
116.0 198.0
116.0 199.0
117.0 107.0
117.0 110.0
117.0 111.0
117.0 116.0
117.0 118.0
117.0 120.0
117.0 121.0
117.0 122.0
117.0 124.0
117.0 125.0
117.0 126.0
117.0 128.0
117.0 131.0
117.0 132.0
117.0 138.0
117.0 141.0
117.0 144.0
117.0 147.0
117.0 149.0
117.0 154.0
117.0 158.0
117.0 166.0
117.0 168.0
117.0 171.0
117.0 172.0
117.0 179.0
117.0 183.0
117.0 184.0
117.0 186.0
117.0 188.0
117.0 189.0
117.0 191.0
117.0 192.0
117.0 193.0
117.0 195.0
117.0 196.0
117.0 198.0
117.0 199.0
118.0 102.0
118.0 103.0
118.0 107.0
118.0 109.0
118.0 111.0
118.0 117.0
118.0 119.0
118.0 121.0
118.0 122.0
118.0 123.0
118.0 124.0
118.0 125.0
118.0 127.0
118.0 128.0
118.0 132.0
118.0 138.0
118.0 141.0
118.0 144.0
118.0 147.0
118.0 149.0
118.0 154.0
118.0 158.0
118.0 162.0
118.0 168.0
118.0 172.0
118.0 174.0
118.0 179.0
118.0 183.0
118.0 186.0
118.0 188.0
118.0 189.0
118.0 191.0
118.0 192.0
118.0 193.0
118.0 195.0
118.0 196.0
118.0 198.0
118.0 199.0
119.0 104.0
119.0 105.0
119.0 106.0
119.0 108.0
119.0 112.0
119.0 118.0
119.0 127.0
119.0 129.0
119.0 130.0
119.0 133.0
119.0 134.0
119.0 135.0
119.0 136.0
119.0 140.0
119.0 142.0
119.0 143.0
119.0 151.0
119.0 152.0
119.0 155.0
119.0 157.0
119.0 160.0
119.0 164.0
119.0 165.0
119.0 169.0
119.0 170.0
119.0 173.0
119.0 175.0
119.0 176.0
119.0 177.0
119.0 178.0
119.0 180.0
119.0 181.0
119.0 185.0
119.0 187.0
119.0 192.0
119.0 194.0
119.0 197.0
119.0 200.0
120.0 111.0
120.0 116.0
120.0 117.0
120.0 123.0
120.0 124.0
120.0 125.0
120.0 126.0
120.0 128.0
120.0 131.0
120.0 132.0
120.0 134.0
120.0 138.0
120.0 139.0
120.0 141.0
120.0 144.0
120.0 145.0
120.0 147.0
120.0 149.0
120.0 154.0
120.0 158.0
120.0 161.0
120.0 162.0
120.0 168.0
120.0 171.0
120.0 172.0
120.0 174.0
120.0 179.0
120.0 183.0
120.0 186.0
120.0 188.0
120.0 189.0
120.0 191.0
120.0 192.0
120.0 193.0
120.0 195.0
120.0 196.0
120.0 198.0
120.0 199.0
121.0 102.0
121.0 103.0
121.0 107.0
121.0 109.0
121.0 116.0
121.0 117.0
121.0 118.0
121.0 124.0
121.0 126.0
121.0 128.0
121.0 132.0
121.0 133.0
121.0 138.0
121.0 139.0
121.0 141.0
121.0 144.0
121.0 145.0
121.0 147.0
121.0 154.0
121.0 158.0
121.0 162.0
121.0 168.0
121.0 171.0
121.0 172.0
121.0 174.0
121.0 179.0
121.0 183.0
121.0 185.0
121.0 186.0
121.0 188.0
121.0 189.0
121.0 191.0
121.0 192.0
121.0 193.0
121.0 195.0
121.0 196.0
121.0 198.0
121.0 199.0
122.0 102.0
122.0 109.0
122.0 110.0
122.0 111.0
122.0 117.0
122.0 118.0
122.0 124.0
122.0 125.0
122.0 126.0
122.0 128.0
122.0 131.0
122.0 132.0
122.0 138.0
122.0 139.0
122.0 141.0
122.0 144.0
122.0 147.0
122.0 149.0
122.0 154.0
122.0 158.0
122.0 162.0
122.0 164.0
122.0 168.0
122.0 171.0
122.0 172.0
122.0 174.0
122.0 179.0
122.0 181.0
122.0 183.0
122.0 186.0
122.0 188.0
122.0 189.0
122.0 191.0
122.0 192.0
122.0 195.0
122.0 196.0
122.0 198.0
122.0 199.0
123.0 102.0
123.0 103.0
123.0 107.0
123.0 109.0
123.0 110.0
123.0 116.0
123.0 118.0
123.0 120.0
123.0 124.0
123.0 125.0
123.0 126.0
123.0 128.0
123.0 129.0
123.0 131.0
123.0 132.0
123.0 139.0
123.0 141.0
123.0 144.0
123.0 145.0
123.0 149.0
123.0 154.0
123.0 158.0
123.0 168.0
123.0 171.0
123.0 172.0
123.0 174.0
123.0 179.0
123.0 182.0
123.0 183.0
123.0 188.0
123.0 189.0
123.0 191.0
123.0 192.0
123.0 193.0
123.0 195.0
123.0 196.0
123.0 198.0
123.0 199.0
124.0 102.0
124.0 107.0
124.0 109.0
124.0 110.0
124.0 113.0
124.0 116.0
124.0 117.0
124.0 118.0
124.0 120.0
124.0 121.0
124.0 122.0
124.0 123.0
124.0 125.0
124.0 126.0
124.0 131.0
124.0 132.0
124.0 138.0
124.0 139.0
124.0 141.0
124.0 144.0
124.0 145.0
124.0 149.0
124.0 158.0
124.0 162.0
124.0 168.0
124.0 171.0
124.0 172.0
124.0 174.0
124.0 179.0
124.0 183.0
124.0 186.0
124.0 188.0
124.0 191.0
124.0 192.0
124.0 193.0
124.0 195.0
124.0 196.0
124.0 198.0
124.0 199.0
125.0 102.0
125.0 103.0
125.0 109.0
125.0 110.0
125.0 117.0
125.0 118.0
125.0 120.0
125.0 122.0
125.0 123.0
125.0 124.0
125.0 126.0
125.0 128.0
125.0 131.0
125.0 132.0
125.0 138.0
125.0 139.0
125.0 144.0
125.0 145.0
125.0 147.0
125.0 149.0
125.0 154.0
125.0 157.0
125.0 158.0
125.0 162.0
125.0 168.0
125.0 171.0
125.0 172.0
125.0 174.0
125.0 179.0
125.0 186.0
125.0 188.0
125.0 189.0
125.0 191.0
125.0 192.0
125.0 193.0
125.0 195.0
125.0 196.0
125.0 198.0
125.0 199.0
126.0 102.0
126.0 109.0
126.0 110.0
126.0 111.0
126.0 116.0
126.0 117.0
126.0 120.0
126.0 121.0
126.0 122.0
126.0 123.0
126.0 124.0
126.0 125.0
126.0 128.0
126.0 132.0
126.0 138.0
126.0 139.0
126.0 141.0
126.0 144.0
126.0 145.0
126.0 149.0
126.0 153.0
126.0 154.0
126.0 162.0
126.0 168.0
126.0 171.0
126.0 172.0
126.0 174.0
126.0 175.0
126.0 179.0
126.0 183.0
126.0 186.0
126.0 189.0
126.0 191.0
126.0 192.0
126.0 193.0
126.0 195.0
126.0 196.0
126.0 198.0
126.0 199.0
127.0 105.0
127.0 106.0
127.0 108.0
127.0 113.0
127.0 114.0
127.0 118.0
127.0 119.0
127.0 133.0
127.0 135.0
127.0 136.0
127.0 137.0
127.0 140.0
127.0 146.0
127.0 148.0
127.0 150.0
127.0 153.0
127.0 155.0
127.0 157.0
127.0 159.0
127.0 160.0
127.0 161.0
127.0 163.0
127.0 165.0
127.0 167.0
127.0 169.0
127.0 170.0
127.0 173.0
127.0 175.0
127.0 176.0
127.0 178.0
127.0 180.0
127.0 181.0
127.0 182.0
127.0 185.0
127.0 187.0
127.0 194.0
127.0 197.0
127.0 200.0
128.0 102.0
128.0 103.0
128.0 107.0
128.0 111.0
128.0 116.0
128.0 117.0
128.0 118.0
128.0 120.0
128.0 121.0
128.0 122.0
128.0 123.0
128.0 125.0
128.0 126.0
128.0 131.0
128.0 138.0
128.0 139.0
128.0 144.0
128.0 145.0
128.0 147.0
128.0 149.0
128.0 154.0
128.0 162.0
128.0 168.0
128.0 171.0
128.0 172.0
128.0 174.0
128.0 179.0
128.0 183.0
128.0 184.0
128.0 186.0
128.0 188.0
128.0 189.0
128.0 191.0
128.0 192.0
128.0 195.0
128.0 196.0
128.0 198.0
128.0 199.0
128.0 200.0
129.0 104.0
129.0 108.0
129.0 113.0
129.0 114.0
129.0 115.0
129.0 119.0
129.0 123.0
129.0 130.0
129.0 134.0
129.0 137.0
129.0 143.0
129.0 146.0
129.0 148.0
129.0 150.0
129.0 153.0
129.0 155.0
129.0 156.0
129.0 157.0
129.0 159.0
129.0 160.0
129.0 164.0
129.0 165.0
129.0 166.0
129.0 167.0
129.0 169.0
129.0 170.0
129.0 173.0
129.0 175.0
129.0 176.0
129.0 177.0
129.0 180.0
129.0 181.0
129.0 182.0
129.0 184.0
129.0 187.0
129.0 190.0
129.0 197.0
129.0 200.0
130.0 101.0
130.0 104.0
130.0 105.0
130.0 106.0
130.0 108.0
130.0 109.0
130.0 112.0
130.0 114.0
130.0 119.0
130.0 129.0
130.0 133.0
130.0 140.0
130.0 142.0
130.0 146.0
130.0 148.0
130.0 150.0
130.0 152.0
130.0 153.0
130.0 156.0
130.0 157.0
130.0 159.0
130.0 160.0
130.0 163.0
130.0 164.0
130.0 166.0
130.0 167.0
130.0 169.0
130.0 170.0
130.0 173.0
130.0 175.0
130.0 176.0
130.0 180.0
130.0 182.0
130.0 184.0
130.0 185.0
130.0 194.0
130.0 197.0
130.0 199.0
130.0 200.0
131.0 102.0
131.0 103.0
131.0 106.0
131.0 107.0
131.0 109.0
131.0 110.0
131.0 111.0
131.0 116.0
131.0 117.0
131.0 120.0
131.0 122.0
131.0 123.0
131.0 124.0
131.0 125.0
131.0 128.0
131.0 132.0
131.0 139.0
131.0 141.0
131.0 144.0
131.0 145.0
131.0 147.0
131.0 158.0
131.0 162.0
131.0 168.0
131.0 171.0
131.0 172.0
131.0 174.0
131.0 179.0
131.0 183.0
131.0 186.0
131.0 189.0
131.0 191.0
131.0 192.0
131.0 193.0
131.0 195.0
131.0 196.0
131.0 197.0
131.0 198.0
131.0 199.0
132.0 102.0
132.0 105.0
132.0 107.0
132.0 109.0
132.0 110.0
132.0 113.0
132.0 116.0
132.0 117.0
132.0 118.0
132.0 120.0
132.0 121.0
132.0 122.0
132.0 123.0
132.0 124.0
132.0 125.0
132.0 126.0
132.0 131.0
132.0 144.0
132.0 145.0
132.0 147.0
132.0 149.0
132.0 158.0
132.0 162.0
132.0 168.0
132.0 171.0
132.0 172.0
132.0 174.0
132.0 179.0
132.0 183.0
132.0 186.0
132.0 188.0
132.0 189.0
132.0 191.0
132.0 192.0
132.0 193.0
132.0 195.0
132.0 196.0
132.0 198.0
132.0 199.0
133.0 104.0
133.0 106.0
133.0 108.0
133.0 112.0
133.0 113.0
133.0 115.0
133.0 119.0
133.0 121.0
133.0 127.0
133.0 130.0
133.0 134.0
133.0 136.0
133.0 137.0
133.0 142.0
133.0 146.0
133.0 151.0
133.0 152.0
133.0 153.0
133.0 155.0
133.0 157.0
133.0 159.0
133.0 160.0
133.0 161.0
133.0 165.0
133.0 166.0
133.0 167.0
133.0 170.0
133.0 173.0
133.0 175.0
133.0 177.0
133.0 180.0
133.0 181.0
133.0 182.0
133.0 184.0
133.0 185.0
133.0 187.0
133.0 194.0
133.0 197.0
133.0 200.0
134.0 101.0
134.0 104.0
134.0 105.0
134.0 108.0
134.0 112.0
134.0 119.0
134.0 120.0
134.0 129.0
134.0 133.0
134.0 137.0
134.0 140.0
134.0 143.0
134.0 146.0
134.0 148.0
134.0 150.0
134.0 152.0
134.0 153.0
134.0 155.0
134.0 157.0
134.0 159.0
134.0 160.0
134.0 161.0
134.0 163.0
134.0 164.0
134.0 166.0
134.0 167.0
134.0 173.0
134.0 175.0
134.0 177.0
134.0 178.0
134.0 180.0
134.0 181.0
134.0 182.0
134.0 184.0
134.0 185.0
134.0 186.0
134.0 190.0
134.0 194.0
134.0 197.0
135.0 104.0
135.0 105.0
135.0 108.0
135.0 110.0
135.0 112.0
135.0 115.0
135.0 119.0
135.0 127.0
135.0 136.0
135.0 137.0
135.0 140.0
135.0 142.0
135.0 143.0
135.0 150.0
135.0 152.0
135.0 153.0
135.0 155.0
135.0 156.0
135.0 157.0
135.0 159.0
135.0 160.0
135.0 161.0
135.0 163.0
135.0 165.0
135.0 166.0
135.0 170.0
135.0 173.0
135.0 176.0
135.0 177.0
135.0 178.0
135.0 180.0
135.0 182.0
135.0 184.0
135.0 185.0
135.0 187.0
135.0 194.0
135.0 197.0
135.0 200.0
136.0 101.0
136.0 112.0
136.0 113.0
136.0 114.0
136.0 115.0
136.0 119.0
136.0 127.0
136.0 133.0
136.0 135.0
136.0 137.0
136.0 140.0
136.0 142.0
136.0 143.0
136.0 146.0
136.0 148.0
136.0 151.0
136.0 153.0
136.0 156.0
136.0 157.0
136.0 159.0
136.0 161.0
136.0 163.0
136.0 164.0
136.0 167.0
136.0 170.0
136.0 171.0
136.0 173.0
136.0 175.0
136.0 176.0
136.0 177.0
136.0 178.0
136.0 180.0
136.0 181.0
136.0 182.0
136.0 184.0
136.0 185.0
136.0 187.0
136.0 194.0
136.0 197.0
137.0 101.0
137.0 103.0
137.0 108.0
137.0 112.0
137.0 114.0
137.0 115.0
137.0 127.0
137.0 129.0
137.0 133.0
137.0 134.0
137.0 135.0
137.0 136.0
137.0 142.0
137.0 143.0
137.0 148.0
137.0 151.0
137.0 152.0
137.0 153.0
137.0 155.0
137.0 156.0
137.0 157.0
137.0 160.0
137.0 161.0
137.0 163.0
137.0 164.0
137.0 166.0
137.0 167.0
137.0 169.0
137.0 170.0
137.0 175.0
137.0 176.0
137.0 177.0
137.0 180.0
137.0 181.0
137.0 182.0
137.0 185.0
137.0 187.0
137.0 188.0
137.0 190.0
137.0 200.0
138.0 107.0
138.0 109.0
138.0 111.0
138.0 116.0
138.0 117.0
138.0 118.0
138.0 120.0
138.0 121.0
138.0 122.0
138.0 124.0
138.0 125.0
138.0 126.0
138.0 128.0
138.0 139.0
138.0 141.0
138.0 144.0
138.0 145.0
138.0 147.0
138.0 149.0
138.0 154.0
138.0 158.0
138.0 162.0
138.0 163.0
138.0 168.0
138.0 171.0
138.0 172.0
138.0 174.0
138.0 176.0
138.0 179.0
138.0 183.0
138.0 186.0
138.0 188.0
138.0 189.0
138.0 191.0
138.0 192.0
138.0 193.0
138.0 195.0
138.0 196.0
138.0 198.0
138.0 199.0
139.0 102.0
139.0 103.0
139.0 107.0
139.0 109.0
139.0 110.0
139.0 111.0
139.0 116.0
139.0 120.0
139.0 121.0
139.0 122.0
139.0 123.0
139.0 124.0
139.0 125.0
139.0 126.0
139.0 128.0
139.0 131.0
139.0 138.0
139.0 141.0
139.0 147.0
139.0 154.0
139.0 158.0
139.0 162.0
139.0 168.0
139.0 171.0
139.0 172.0
139.0 174.0
139.0 177.0
139.0 179.0
139.0 182.0
139.0 183.0
139.0 186.0
139.0 188.0
139.0 189.0
139.0 191.0
139.0 192.0
139.0 193.0
139.0 195.0
139.0 196.0
139.0 198.0
139.0 199.0
140.0 104.0
140.0 105.0
140.0 106.0
140.0 112.0
140.0 113.0
140.0 114.0
140.0 119.0
140.0 127.0
140.0 130.0
140.0 134.0
140.0 135.0
140.0 136.0
140.0 142.0
140.0 143.0
140.0 146.0
140.0 147.0
140.0 150.0
140.0 151.0
140.0 153.0
140.0 155.0
140.0 156.0
140.0 161.0
140.0 164.0
140.0 165.0
140.0 166.0
140.0 169.0
140.0 170.0
140.0 173.0
140.0 175.0
140.0 176.0
140.0 177.0
140.0 180.0
140.0 182.0
140.0 184.0
140.0 185.0
140.0 187.0
140.0 190.0
140.0 194.0
140.0 197.0
140.0 200.0
141.0 103.0
141.0 107.0
141.0 110.0
141.0 111.0
141.0 116.0
141.0 117.0
141.0 118.0
141.0 120.0
141.0 121.0
141.0 122.0
141.0 123.0
141.0 124.0
141.0 126.0
141.0 131.0
141.0 138.0
141.0 139.0
141.0 144.0
141.0 145.0
141.0 147.0
141.0 149.0
141.0 154.0
141.0 158.0
141.0 167.0
141.0 168.0
141.0 171.0
141.0 172.0
141.0 174.0
141.0 179.0
141.0 183.0
141.0 186.0
141.0 188.0
141.0 189.0
141.0 191.0
141.0 192.0
141.0 193.0
141.0 194.0
141.0 195.0
141.0 196.0
141.0 198.0
141.0 199.0
142.0 104.0
142.0 112.0
142.0 113.0
142.0 114.0
142.0 115.0
142.0 119.0
142.0 130.0
142.0 133.0
142.0 135.0
142.0 136.0
142.0 137.0
142.0 140.0
142.0 143.0
142.0 150.0
142.0 151.0
142.0 152.0
142.0 156.0
142.0 157.0
142.0 160.0
142.0 161.0
142.0 164.0
142.0 165.0
142.0 166.0
142.0 167.0
142.0 170.0
142.0 173.0
142.0 174.0
142.0 175.0
142.0 176.0
142.0 178.0
142.0 180.0
142.0 181.0
142.0 182.0
142.0 184.0
142.0 185.0
142.0 187.0
142.0 190.0
142.0 192.0
142.0 194.0
142.0 197.0
143.0 101.0
143.0 106.0
143.0 107.0
143.0 112.0
143.0 114.0
143.0 119.0
143.0 129.0
143.0 134.0
143.0 135.0
143.0 136.0
143.0 137.0
143.0 140.0
143.0 142.0
143.0 146.0
143.0 148.0
143.0 151.0
143.0 152.0
143.0 153.0
143.0 156.0
143.0 157.0
143.0 159.0
143.0 160.0
143.0 161.0
143.0 163.0
143.0 164.0
143.0 165.0
143.0 166.0
143.0 170.0
143.0 173.0
143.0 177.0
143.0 178.0
143.0 181.0
143.0 182.0
143.0 184.0
143.0 185.0
143.0 187.0
143.0 194.0
143.0 197.0
143.0 200.0
144.0 102.0
144.0 103.0
144.0 107.0
144.0 110.0
144.0 117.0
144.0 118.0
144.0 120.0
144.0 121.0
144.0 122.0
144.0 123.0
144.0 124.0
144.0 125.0
144.0 126.0
144.0 128.0
144.0 131.0
144.0 132.0
144.0 138.0
144.0 141.0
144.0 145.0
144.0 147.0
144.0 149.0
144.0 154.0
144.0 162.0
144.0 166.0
144.0 171.0
144.0 172.0
144.0 174.0
144.0 179.0
144.0 183.0
144.0 186.0
144.0 187.0
144.0 188.0
144.0 189.0
144.0 191.0
144.0 192.0
144.0 193.0
144.0 195.0
144.0 196.0
144.0 198.0
144.0 199.0
145.0 102.0
145.0 103.0
145.0 106.0
145.0 107.0
145.0 109.0
145.0 110.0
145.0 111.0
145.0 116.0
145.0 120.0
145.0 121.0
145.0 123.0
145.0 124.0
145.0 125.0
145.0 126.0
145.0 128.0
145.0 131.0
145.0 132.0
145.0 138.0
145.0 141.0
145.0 144.0
145.0 149.0
145.0 154.0
145.0 158.0
145.0 168.0
145.0 171.0
145.0 172.0
145.0 174.0
145.0 179.0
145.0 180.0
145.0 183.0
145.0 185.0
145.0 186.0
145.0 188.0
145.0 189.0
145.0 191.0
145.0 192.0
145.0 193.0
145.0 195.0
145.0 196.0
145.0 198.0
145.0 199.0
146.0 101.0
146.0 106.0
146.0 113.0
146.0 114.0
146.0 127.0
146.0 129.0
146.0 130.0
146.0 133.0
146.0 134.0
146.0 136.0
146.0 140.0
146.0 143.0
146.0 147.0
146.0 148.0
146.0 150.0
146.0 151.0
146.0 152.0
146.0 153.0
146.0 155.0
146.0 157.0
146.0 160.0
146.0 161.0
146.0 163.0
146.0 164.0
146.0 165.0
146.0 166.0
146.0 167.0
146.0 169.0
146.0 170.0
146.0 173.0
146.0 175.0
146.0 176.0
146.0 177.0
146.0 178.0
146.0 180.0
146.0 184.0
146.0 185.0
146.0 190.0
146.0 194.0
146.0 197.0
146.0 200.0
147.0 102.0
147.0 103.0
147.0 109.0
147.0 110.0
147.0 116.0
147.0 117.0
147.0 118.0
147.0 120.0
147.0 121.0
147.0 122.0
147.0 125.0
147.0 128.0
147.0 131.0
147.0 132.0
147.0 138.0
147.0 139.0
147.0 140.0
147.0 141.0
147.0 144.0
147.0 146.0
147.0 149.0
147.0 154.0
147.0 158.0
147.0 162.0
147.0 168.0
147.0 171.0
147.0 172.0
147.0 174.0
147.0 178.0
147.0 179.0
147.0 183.0
147.0 186.0
147.0 188.0
147.0 189.0
147.0 191.0
147.0 192.0
147.0 193.0
147.0 195.0
147.0 196.0
147.0 198.0
147.0 199.0
148.0 101.0
148.0 106.0
148.0 108.0
148.0 112.0
148.0 114.0
148.0 115.0
148.0 127.0
148.0 129.0
148.0 130.0
148.0 134.0
148.0 136.0
148.0 137.0
148.0 143.0
148.0 146.0
148.0 150.0
148.0 153.0
148.0 155.0
148.0 156.0
148.0 157.0
148.0 161.0
148.0 164.0
148.0 165.0
148.0 166.0
148.0 167.0
148.0 169.0
148.0 170.0
148.0 173.0
148.0 175.0
148.0 176.0
148.0 177.0
148.0 178.0
148.0 180.0
148.0 181.0
148.0 182.0
148.0 184.0
148.0 185.0
148.0 190.0
148.0 193.0
148.0 197.0
148.0 200.0
149.0 103.0
149.0 107.0
149.0 109.0
149.0 110.0
149.0 111.0
149.0 116.0
149.0 117.0
149.0 118.0
149.0 120.0
149.0 122.0
149.0 123.0
149.0 124.0
149.0 125.0
149.0 126.0
149.0 128.0
149.0 132.0
149.0 138.0
149.0 141.0
149.0 144.0
149.0 145.0
149.0 147.0
149.0 154.0
149.0 158.0
149.0 162.0
149.0 165.0
149.0 168.0
149.0 171.0
149.0 172.0
149.0 174.0
149.0 179.0
149.0 183.0
149.0 186.0
149.0 188.0
149.0 189.0
149.0 191.0
149.0 192.0
149.0 193.0
149.0 195.0
149.0 198.0
149.0 199.0
149.0 200.0
150.0 101.0
150.0 106.0
150.0 108.0
150.0 112.0
150.0 113.0
150.0 114.0
150.0 127.0
150.0 129.0
150.0 130.0
150.0 134.0
150.0 135.0
150.0 140.0
150.0 142.0
150.0 146.0
150.0 148.0
150.0 151.0
150.0 152.0
150.0 153.0
150.0 155.0
150.0 156.0
150.0 157.0
150.0 159.0
150.0 160.0
150.0 161.0
150.0 164.0
150.0 165.0
150.0 166.0
150.0 167.0
150.0 169.0
150.0 170.0
150.0 173.0
150.0 175.0
150.0 178.0
150.0 180.0
150.0 184.0
150.0 187.0
150.0 190.0
150.0 194.0
150.0 196.0
150.0 200.0
151.0 101.0
151.0 104.0
151.0 106.0
151.0 110.0
151.0 113.0
151.0 115.0
151.0 119.0
151.0 133.0
151.0 136.0
151.0 137.0
151.0 140.0
151.0 142.0
151.0 143.0
151.0 146.0
151.0 150.0
151.0 152.0
151.0 155.0
151.0 156.0
151.0 157.0
151.0 159.0
151.0 160.0
151.0 161.0
151.0 163.0
151.0 164.0
151.0 165.0
151.0 166.0
151.0 167.0
151.0 169.0
151.0 170.0
151.0 173.0
151.0 175.0
151.0 177.0
151.0 180.0
151.0 182.0
151.0 184.0
151.0 185.0
151.0 187.0
151.0 190.0
151.0 197.0
151.0 200.0
152.0 101.0
152.0 105.0
152.0 106.0
152.0 108.0
152.0 112.0
152.0 115.0
152.0 119.0
152.0 130.0
152.0 133.0
152.0 134.0
152.0 135.0
152.0 137.0
152.0 142.0
152.0 143.0
152.0 146.0
152.0 150.0
152.0 151.0
152.0 153.0
152.0 155.0
152.0 157.0
152.0 159.0
152.0 161.0
152.0 163.0
152.0 165.0
152.0 166.0
152.0 167.0
152.0 169.0
152.0 170.0
152.0 173.0
152.0 175.0
152.0 177.0
152.0 178.0
152.0 180.0
152.0 181.0
152.0 182.0
152.0 187.0
152.0 189.0
152.0 190.0
152.0 194.0
152.0 196.0
152.0 200.0
153.0 104.0
153.0 105.0
153.0 106.0
153.0 108.0
153.0 112.0
153.0 115.0
153.0 126.0
153.0 127.0
153.0 129.0
153.0 130.0
153.0 133.0
153.0 134.0
153.0 135.0
153.0 136.0
153.0 137.0
153.0 140.0
153.0 143.0
153.0 146.0
153.0 148.0
153.0 150.0
153.0 152.0
153.0 159.0
153.0 161.0
153.0 163.0
153.0 164.0
153.0 165.0
153.0 166.0
153.0 170.0
153.0 172.0
153.0 176.0
153.0 177.0
153.0 178.0
153.0 180.0
153.0 181.0
153.0 184.0
153.0 185.0
153.0 187.0
153.0 190.0
153.0 194.0
153.0 197.0
153.0 200.0
154.0 102.0
154.0 103.0
154.0 107.0
154.0 109.0
154.0 110.0
154.0 111.0
154.0 116.0
154.0 117.0
154.0 118.0
154.0 120.0
154.0 121.0
154.0 122.0
154.0 123.0
154.0 125.0
154.0 126.0
154.0 128.0
154.0 138.0
154.0 139.0
154.0 141.0
154.0 144.0
154.0 145.0
154.0 147.0
154.0 149.0
154.0 156.0
154.0 157.0
154.0 158.0
154.0 162.0
154.0 168.0
154.0 171.0
154.0 172.0
154.0 174.0
154.0 179.0
154.0 183.0
154.0 186.0
154.0 188.0
154.0 189.0
154.0 191.0
154.0 192.0
154.0 193.0
154.0 195.0
154.0 196.0
154.0 198.0
155.0 101.0
155.0 103.0
155.0 104.0
155.0 105.0
155.0 112.0
155.0 113.0
155.0 114.0
155.0 115.0
155.0 119.0
155.0 127.0
155.0 129.0
155.0 133.0
155.0 134.0
155.0 135.0
155.0 137.0
155.0 140.0
155.0 146.0
155.0 148.0
155.0 150.0
155.0 151.0
155.0 152.0
155.0 156.0
155.0 157.0
155.0 161.0
155.0 163.0
155.0 164.0
155.0 165.0
155.0 166.0
155.0 167.0
155.0 169.0
155.0 170.0
155.0 175.0
155.0 177.0
155.0 178.0
155.0 182.0
155.0 184.0
155.0 185.0
155.0 187.0
155.0 190.0
155.0 194.0
155.0 199.0
155.0 200.0
156.0 101.0
156.0 104.0
156.0 105.0
156.0 106.0
156.0 108.0
156.0 113.0
156.0 114.0
156.0 115.0
156.0 129.0
156.0 130.0
156.0 135.0
156.0 136.0
156.0 137.0
156.0 140.0
156.0 142.0
156.0 143.0
156.0 148.0
156.0 150.0
156.0 151.0
156.0 154.0
156.0 155.0
156.0 157.0
156.0 159.0
156.0 160.0
156.0 163.0
156.0 164.0
156.0 165.0
156.0 166.0
156.0 167.0
156.0 169.0
156.0 170.0
156.0 176.0
156.0 177.0
156.0 178.0
156.0 181.0
156.0 182.0
156.0 184.0
156.0 185.0
156.0 190.0
156.0 194.0
156.0 197.0
156.0 200.0
157.0 104.0
157.0 105.0
157.0 113.0
157.0 114.0
157.0 115.0
157.0 119.0
157.0 125.0
157.0 127.0
157.0 129.0
157.0 130.0
157.0 133.0
157.0 134.0
157.0 135.0
157.0 136.0
157.0 137.0
157.0 142.0
157.0 143.0
157.0 146.0
157.0 148.0
157.0 150.0
157.0 151.0
157.0 152.0
157.0 154.0
157.0 155.0
157.0 156.0
157.0 160.0
157.0 161.0
157.0 163.0
157.0 170.0
157.0 173.0
157.0 175.0
157.0 176.0
157.0 178.0
157.0 180.0
157.0 181.0
157.0 182.0
157.0 184.0
157.0 185.0
157.0 190.0
157.0 194.0
157.0 197.0
157.0 200.0
158.0 102.0
158.0 103.0
158.0 107.0
158.0 109.0
158.0 110.0
158.0 111.0
158.0 115.0
158.0 117.0
158.0 118.0
158.0 120.0
158.0 121.0
158.0 122.0
158.0 123.0
158.0 124.0
158.0 125.0
158.0 131.0
158.0 132.0
158.0 138.0
158.0 139.0
158.0 141.0
158.0 145.0
158.0 147.0
158.0 149.0
158.0 154.0
158.0 159.0
158.0 162.0
158.0 168.0
158.0 171.0
158.0 172.0
158.0 174.0
158.0 176.0
158.0 183.0
158.0 186.0
158.0 188.0
158.0 189.0
158.0 191.0
158.0 192.0
158.0 193.0
158.0 195.0
158.0 196.0
158.0 198.0
158.0 199.0
159.0 101.0
159.0 104.0
159.0 105.0
159.0 106.0
159.0 108.0
159.0 114.0
159.0 115.0
159.0 127.0
159.0 129.0
159.0 130.0
159.0 133.0
159.0 134.0
159.0 135.0
159.0 136.0
159.0 143.0
159.0 150.0
159.0 151.0
159.0 152.0
159.0 153.0
159.0 156.0
159.0 158.0
159.0 160.0
159.0 161.0
159.0 163.0
159.0 165.0
159.0 166.0
159.0 167.0
159.0 169.0
159.0 170.0
159.0 173.0
159.0 175.0
159.0 176.0
159.0 177.0
159.0 178.0
159.0 181.0
159.0 182.0
159.0 184.0
159.0 185.0
159.0 187.0
159.0 188.0
159.0 197.0
159.0 200.0
160.0 101.0
160.0 102.0
160.0 105.0
160.0 108.0
160.0 112.0
160.0 113.0
160.0 114.0
160.0 115.0
160.0 119.0
160.0 127.0
160.0 129.0
160.0 130.0
160.0 133.0
160.0 134.0
160.0 135.0
160.0 137.0
160.0 142.0
160.0 143.0
160.0 146.0
160.0 150.0
160.0 151.0
160.0 156.0
160.0 157.0
160.0 159.0
160.0 161.0
160.0 163.0
160.0 164.0
160.0 165.0
160.0 169.0
160.0 170.0
160.0 175.0
160.0 176.0
160.0 177.0
160.0 178.0
160.0 180.0
160.0 181.0
160.0 185.0
160.0 190.0
160.0 194.0
160.0 197.0
160.0 200.0
161.0 101.0
161.0 104.0
161.0 108.0
161.0 112.0
161.0 113.0
161.0 115.0
161.0 120.0
161.0 127.0
161.0 133.0
161.0 134.0
161.0 135.0
161.0 136.0
161.0 137.0
161.0 140.0
161.0 142.0
161.0 143.0
161.0 146.0
161.0 148.0
161.0 150.0
161.0 151.0
161.0 152.0
161.0 153.0
161.0 155.0
161.0 157.0
161.0 159.0
161.0 160.0
161.0 164.0
161.0 167.0
161.0 169.0
161.0 170.0
161.0 173.0
161.0 176.0
161.0 177.0
161.0 178.0
161.0 180.0
161.0 181.0
161.0 184.0
161.0 185.0
161.0 190.0
161.0 191.0
161.0 198.0
161.0 200.0
162.0 102.0
162.0 103.0
162.0 104.0
162.0 107.0
162.0 109.0
162.0 110.0
162.0 111.0
162.0 116.0
162.0 118.0
162.0 120.0
162.0 121.0
162.0 122.0
162.0 124.0
162.0 125.0
162.0 126.0
162.0 128.0
162.0 131.0
162.0 132.0
162.0 138.0
162.0 139.0
162.0 144.0
162.0 147.0
162.0 149.0
162.0 154.0
162.0 158.0
162.0 163.0
162.0 168.0
162.0 171.0
162.0 172.0
162.0 174.0
162.0 179.0
162.0 183.0
162.0 186.0
162.0 188.0
162.0 189.0
162.0 191.0
162.0 192.0
162.0 193.0
162.0 195.0
162.0 196.0
162.0 198.0
162.0 199.0
163.0 101.0
163.0 104.0
163.0 105.0
163.0 106.0
163.0 108.0
163.0 111.0
163.0 113.0
163.0 114.0
163.0 127.0
163.0 130.0
163.0 134.0
163.0 135.0
163.0 136.0
163.0 137.0
163.0 138.0
163.0 143.0
163.0 146.0
163.0 151.0
163.0 152.0
163.0 153.0
163.0 155.0
163.0 156.0
163.0 157.0
163.0 159.0
163.0 160.0
163.0 162.0
163.0 164.0
163.0 165.0
163.0 166.0
163.0 167.0
163.0 169.0
163.0 170.0
163.0 173.0
163.0 175.0
163.0 176.0
163.0 180.0
163.0 182.0
163.0 185.0
163.0 187.0
163.0 190.0
163.0 194.0
163.0 197.0
163.0 200.0
164.0 101.0
164.0 104.0
164.0 105.0
164.0 106.0
164.0 111.0
164.0 112.0
164.0 119.0
164.0 122.0
164.0 129.0
164.0 130.0
164.0 134.0
164.0 136.0
164.0 137.0
164.0 140.0
164.0 142.0
164.0 143.0
164.0 146.0
164.0 148.0
164.0 150.0
164.0 151.0
164.0 153.0
164.0 155.0
164.0 156.0
164.0 160.0
164.0 161.0
164.0 163.0
164.0 165.0
164.0 166.0
164.0 169.0
164.0 175.0
164.0 176.0
164.0 177.0
164.0 178.0
164.0 180.0
164.0 181.0
164.0 182.0
164.0 184.0
164.0 185.0
164.0 187.0
164.0 190.0
164.0 194.0
164.0 197.0
164.0 200.0
165.0 101.0
165.0 106.0
165.0 108.0
165.0 119.0
165.0 127.0
165.0 129.0
165.0 133.0
165.0 135.0
165.0 140.0
165.0 142.0
165.0 143.0
165.0 146.0
165.0 148.0
165.0 149.0
165.0 150.0
165.0 151.0
165.0 152.0
165.0 153.0
165.0 155.0
165.0 156.0
165.0 159.0
165.0 160.0
165.0 163.0
165.0 164.0
165.0 166.0
165.0 167.0
165.0 169.0
165.0 170.0
165.0 173.0
165.0 175.0
165.0 176.0
165.0 177.0
165.0 178.0
165.0 180.0
165.0 181.0
165.0 182.0
165.0 183.0
165.0 184.0
165.0 185.0
165.0 187.0
165.0 190.0
165.0 197.0
165.0 200.0
166.0 101.0
166.0 104.0
166.0 106.0
166.0 112.0
166.0 113.0
166.0 115.0
166.0 117.0
166.0 129.0
166.0 130.0
166.0 133.0
166.0 134.0
166.0 135.0
166.0 137.0
166.0 140.0
166.0 142.0
166.0 143.0
166.0 144.0
166.0 146.0
166.0 148.0
166.0 150.0
166.0 151.0
166.0 152.0
166.0 153.0
166.0 155.0
166.0 156.0
166.0 159.0
166.0 163.0
166.0 164.0
166.0 165.0
166.0 167.0
166.0 173.0
166.0 175.0
166.0 176.0
166.0 177.0
166.0 180.0
166.0 181.0
166.0 182.0
166.0 184.0
166.0 187.0
166.0 190.0
166.0 194.0
166.0 197.0
166.0 200.0
167.0 101.0
167.0 104.0
167.0 106.0
167.0 108.0
167.0 109.0
167.0 112.0
167.0 113.0
167.0 114.0
167.0 115.0
167.0 127.0
167.0 129.0
167.0 130.0
167.0 133.0
167.0 134.0
167.0 136.0
167.0 137.0
167.0 141.0
167.0 142.0
167.0 146.0
167.0 148.0
167.0 150.0
167.0 151.0
167.0 152.0
167.0 155.0
167.0 156.0
167.0 159.0
167.0 161.0
167.0 163.0
167.0 165.0
167.0 166.0
167.0 170.0
167.0 173.0
167.0 175.0
167.0 176.0
167.0 178.0
167.0 180.0
167.0 181.0
167.0 182.0
167.0 184.0
167.0 187.0
167.0 190.0
167.0 197.0
167.0 200.0
168.0 102.0
168.0 103.0
168.0 109.0
168.0 110.0
168.0 111.0
168.0 116.0
168.0 117.0
168.0 118.0
168.0 120.0
168.0 121.0
168.0 122.0
168.0 123.0
168.0 124.0
168.0 125.0
168.0 126.0
168.0 128.0
168.0 131.0
168.0 132.0
168.0 138.0
168.0 139.0
168.0 141.0
168.0 145.0
168.0 147.0
168.0 149.0
168.0 154.0
168.0 158.0
168.0 162.0
168.0 171.0
168.0 173.0
168.0 174.0
168.0 179.0
168.0 183.0
168.0 186.0
168.0 188.0
168.0 189.0
168.0 191.0
168.0 192.0
168.0 193.0
168.0 194.0
168.0 195.0
168.0 196.0
168.0 198.0
168.0 199.0
169.0 101.0
169.0 104.0
169.0 105.0
169.0 106.0
169.0 108.0
169.0 112.0
169.0 113.0
169.0 114.0
169.0 115.0
169.0 116.0
169.0 119.0
169.0 127.0
169.0 129.0
169.0 130.0
169.0 137.0
169.0 140.0
169.0 146.0
169.0 148.0
169.0 150.0
169.0 151.0
169.0 152.0
169.0 155.0
169.0 156.0
169.0 159.0
169.0 160.0
169.0 161.0
169.0 163.0
169.0 164.0
169.0 165.0
169.0 173.0
169.0 176.0
169.0 177.0
169.0 178.0
169.0 180.0
169.0 181.0
169.0 182.0
169.0 183.0
169.0 184.0
169.0 185.0
169.0 187.0
169.0 190.0
169.0 194.0
169.0 197.0
170.0 101.0
170.0 105.0
170.0 106.0
170.0 112.0
170.0 114.0
170.0 119.0
170.0 127.0
170.0 129.0
170.0 130.0
170.0 133.0
170.0 135.0
170.0 136.0
170.0 137.0
170.0 140.0
170.0 142.0
170.0 143.0
170.0 146.0
170.0 148.0
170.0 150.0
170.0 151.0
170.0 152.0
170.0 153.0
170.0 155.0
170.0 156.0
170.0 157.0
170.0 159.0
170.0 160.0
170.0 161.0
170.0 163.0
170.0 165.0
170.0 167.0
170.0 173.0
170.0 175.0
170.0 176.0
170.0 177.0
170.0 180.0
170.0 181.0
170.0 182.0
170.0 184.0
170.0 187.0
170.0 190.0
170.0 195.0
170.0 197.0
171.0 103.0
171.0 109.0
171.0 110.0
171.0 111.0
171.0 116.0
171.0 117.0
171.0 120.0
171.0 121.0
171.0 122.0
171.0 123.0
171.0 124.0
171.0 125.0
171.0 126.0
171.0 128.0
171.0 131.0
171.0 132.0
171.0 136.0
171.0 138.0
171.0 139.0
171.0 141.0
171.0 144.0
171.0 145.0
171.0 147.0
171.0 149.0
171.0 154.0
171.0 158.0
171.0 162.0
171.0 168.0
171.0 172.0
171.0 174.0
171.0 179.0
171.0 183.0
171.0 186.0
171.0 188.0
171.0 189.0
171.0 191.0
171.0 192.0
171.0 193.0
171.0 194.0
171.0 195.0
171.0 196.0
171.0 198.0
171.0 199.0
172.0 102.0
172.0 103.0
172.0 107.0
172.0 110.0
172.0 111.0
172.0 117.0
172.0 118.0
172.0 120.0
172.0 121.0
172.0 122.0
172.0 123.0
172.0 124.0
172.0 125.0
172.0 126.0
172.0 128.0
172.0 131.0
172.0 132.0
172.0 138.0
172.0 139.0
172.0 141.0
172.0 144.0
172.0 145.0
172.0 147.0
172.0 149.0
172.0 153.0
172.0 154.0
172.0 158.0
172.0 162.0
172.0 171.0
172.0 174.0
172.0 179.0
172.0 182.0
172.0 183.0
172.0 186.0
172.0 188.0
172.0 189.0
172.0 191.0
172.0 192.0
172.0 193.0
172.0 195.0
172.0 196.0
172.0 198.0
172.0 199.0
173.0 101.0
173.0 105.0
173.0 108.0
173.0 112.0
173.0 115.0
173.0 119.0
173.0 127.0
173.0 129.0
173.0 130.0
173.0 133.0
173.0 134.0
173.0 135.0
173.0 136.0
173.0 140.0
173.0 142.0
173.0 143.0
173.0 146.0
173.0 148.0
173.0 150.0
173.0 151.0
173.0 152.0
173.0 157.0
173.0 159.0
173.0 161.0
173.0 163.0
173.0 165.0
173.0 166.0
173.0 167.0
173.0 168.0
173.0 169.0
173.0 170.0
173.0 175.0
173.0 176.0
173.0 177.0
173.0 178.0
173.0 180.0
173.0 181.0
173.0 184.0
173.0 187.0
173.0 190.0
173.0 194.0
173.0 197.0
173.0 200.0
174.0 103.0
174.0 107.0
174.0 109.0
174.0 110.0
174.0 111.0
174.0 116.0
174.0 118.0
174.0 120.0
174.0 121.0
174.0 122.0
174.0 123.0
174.0 124.0
174.0 125.0
174.0 126.0
174.0 128.0
174.0 131.0
174.0 132.0
174.0 138.0
174.0 139.0
174.0 141.0
174.0 142.0
174.0 144.0
174.0 145.0
174.0 147.0
174.0 149.0
174.0 154.0
174.0 158.0
174.0 162.0
174.0 168.0
174.0 171.0
174.0 172.0
174.0 177.0
174.0 179.0
174.0 183.0
174.0 186.0
174.0 188.0
174.0 189.0
174.0 192.0
174.0 193.0
174.0 195.0
174.0 196.0
174.0 198.0
174.0 199.0
175.0 105.0
175.0 106.0
175.0 113.0
175.0 114.0
175.0 115.0
175.0 119.0
175.0 126.0
175.0 127.0
175.0 129.0
175.0 130.0
175.0 133.0
175.0 134.0
175.0 136.0
175.0 137.0
175.0 140.0
175.0 142.0
175.0 146.0
175.0 148.0
175.0 150.0
175.0 151.0
175.0 152.0
175.0 155.0
175.0 157.0
175.0 159.0
175.0 160.0
175.0 163.0
175.0 164.0
175.0 165.0
175.0 166.0
175.0 167.0
175.0 170.0
175.0 173.0
175.0 177.0
175.0 178.0
175.0 180.0
175.0 181.0
175.0 182.0
175.0 185.0
175.0 187.0
175.0 188.0
175.0 190.0
175.0 194.0
175.0 197.0
175.0 200.0
176.0 104.0
176.0 105.0
176.0 106.0
176.0 108.0
176.0 113.0
176.0 114.0
176.0 115.0
176.0 119.0
176.0 127.0
176.0 129.0
176.0 130.0
176.0 135.0
176.0 136.0
176.0 137.0
176.0 138.0
176.0 140.0
176.0 142.0
176.0 146.0
176.0 148.0
176.0 153.0
176.0 156.0
176.0 157.0
176.0 158.0
176.0 159.0
176.0 160.0
176.0 161.0
176.0 163.0
176.0 164.0
176.0 165.0
176.0 166.0
176.0 167.0
176.0 169.0
176.0 170.0
176.0 173.0
176.0 177.0
176.0 178.0
176.0 181.0
176.0 182.0
176.0 185.0
176.0 187.0
176.0 190.0
176.0 194.0
176.0 197.0
176.0 200.0
177.0 104.0
177.0 105.0
177.0 106.0
177.0 108.0
177.0 112.0
177.0 113.0
177.0 114.0
177.0 115.0
177.0 119.0
177.0 129.0
177.0 133.0
177.0 134.0
177.0 135.0
177.0 136.0
177.0 137.0
177.0 139.0
177.0 140.0
177.0 143.0
177.0 146.0
177.0 148.0
177.0 151.0
177.0 152.0
177.0 153.0
177.0 155.0
177.0 156.0
177.0 159.0
177.0 160.0
177.0 161.0
177.0 164.0
177.0 165.0
177.0 166.0
177.0 169.0
177.0 170.0
177.0 173.0
177.0 174.0
177.0 175.0
177.0 176.0
177.0 180.0
177.0 181.0
177.0 182.0
177.0 184.0
177.0 187.0
177.0 194.0
177.0 200.0
178.0 104.0
178.0 105.0
178.0 106.0
178.0 112.0
178.0 113.0
178.0 114.0
178.0 115.0
178.0 116.0
178.0 119.0
178.0 127.0
178.0 134.0
178.0 135.0
178.0 136.0
178.0 142.0
178.0 143.0
178.0 146.0
178.0 147.0
178.0 148.0
178.0 150.0
178.0 152.0
178.0 153.0
178.0 155.0
178.0 156.0
178.0 157.0
178.0 159.0
178.0 160.0
178.0 161.0
178.0 164.0
178.0 165.0
178.0 167.0
178.0 169.0
178.0 173.0
178.0 175.0
178.0 176.0
178.0 181.0
178.0 182.0
178.0 184.0
178.0 185.0
178.0 186.0
178.0 187.0
178.0 190.0
178.0 194.0
178.0 197.0
178.0 200.0
179.0 102.0
179.0 103.0
179.0 104.0
179.0 107.0
179.0 109.0
179.0 110.0
179.0 111.0
179.0 117.0
179.0 118.0
179.0 120.0
179.0 121.0
179.0 122.0
179.0 123.0
179.0 124.0
179.0 125.0
179.0 126.0
179.0 128.0
179.0 131.0
179.0 132.0
179.0 138.0
179.0 139.0
179.0 141.0
179.0 144.0
179.0 145.0
179.0 147.0
179.0 149.0
179.0 154.0
179.0 162.0
179.0 168.0
179.0 171.0
179.0 172.0
179.0 174.0
179.0 183.0
179.0 186.0
179.0 188.0
179.0 189.0
179.0 190.0
179.0 191.0
179.0 192.0
179.0 193.0
179.0 195.0
179.0 196.0
179.0 198.0
179.0 199.0
180.0 101.0
180.0 105.0
180.0 108.0
180.0 113.0
180.0 114.0
180.0 115.0
180.0 119.0
180.0 127.0
180.0 129.0
180.0 130.0
180.0 133.0
180.0 134.0
180.0 135.0
180.0 136.0
180.0 137.0
180.0 140.0
180.0 142.0
180.0 145.0
180.0 146.0
180.0 148.0
180.0 150.0
180.0 151.0
180.0 152.0
180.0 153.0
180.0 157.0
180.0 160.0
180.0 161.0
180.0 163.0
180.0 164.0
180.0 165.0
180.0 166.0
180.0 167.0
180.0 169.0
180.0 170.0
180.0 173.0
180.0 175.0
180.0 177.0
180.0 181.0
180.0 182.0
180.0 185.0
180.0 187.0
180.0 190.0
180.0 193.0
180.0 194.0
181.0 105.0
181.0 107.0
181.0 108.0
181.0 112.0
181.0 114.0
181.0 115.0
181.0 119.0
181.0 122.0
181.0 127.0
181.0 129.0
181.0 133.0
181.0 134.0
181.0 136.0
181.0 137.0
181.0 142.0
181.0 143.0
181.0 148.0
181.0 152.0
181.0 153.0
181.0 156.0
181.0 157.0
181.0 159.0
181.0 160.0
181.0 161.0
181.0 164.0
181.0 165.0
181.0 166.0
181.0 167.0
181.0 169.0
181.0 170.0
181.0 173.0
181.0 175.0
181.0 176.0
181.0 177.0
181.0 178.0
181.0 180.0
181.0 182.0
181.0 184.0
181.0 185.0
181.0 187.0
181.0 190.0
181.0 194.0
181.0 197.0
181.0 200.0
182.0 101.0
182.0 105.0
182.0 108.0
182.0 114.0
182.0 123.0
182.0 127.0
182.0 129.0
182.0 130.0
182.0 133.0
182.0 134.0
182.0 135.0
182.0 136.0
182.0 137.0
182.0 139.0
182.0 140.0
182.0 142.0
182.0 143.0
182.0 148.0
182.0 151.0
182.0 152.0
182.0 155.0
182.0 156.0
182.0 157.0
182.0 159.0
182.0 163.0
182.0 164.0
182.0 165.0
182.0 166.0
182.0 167.0
182.0 169.0
182.0 170.0
182.0 172.0
182.0 175.0
182.0 176.0
182.0 177.0
182.0 178.0
182.0 180.0
182.0 181.0
182.0 184.0
182.0 185.0
182.0 187.0
182.0 190.0
182.0 194.0
182.0 197.0
182.0 200.0
183.0 102.0
183.0 103.0
183.0 107.0
183.0 109.0
183.0 110.0
183.0 111.0
183.0 116.0
183.0 117.0
183.0 118.0
183.0 120.0
183.0 121.0
183.0 122.0
183.0 123.0
183.0 124.0
183.0 126.0
183.0 128.0
183.0 131.0
183.0 132.0
183.0 138.0
183.0 139.0
183.0 141.0
183.0 144.0
183.0 145.0
183.0 147.0
183.0 149.0
183.0 154.0
183.0 158.0
183.0 162.0
183.0 165.0
183.0 168.0
183.0 169.0
183.0 171.0
183.0 172.0
183.0 174.0
183.0 179.0
183.0 186.0
183.0 188.0
183.0 189.0
183.0 191.0
183.0 192.0
183.0 193.0
183.0 195.0
183.0 196.0
183.0 198.0
183.0 199.0
184.0 101.0
184.0 104.0
184.0 106.0
184.0 108.0
184.0 112.0
184.0 113.0
184.0 114.0
184.0 115.0
184.0 117.0
184.0 128.0
184.0 129.0
184.0 130.0
184.0 133.0
184.0 134.0
184.0 135.0
184.0 136.0
184.0 140.0
184.0 142.0
184.0 143.0
184.0 146.0
184.0 148.0
184.0 150.0
184.0 151.0
184.0 153.0
184.0 155.0
184.0 156.0
184.0 157.0
184.0 159.0
184.0 161.0
184.0 164.0
184.0 165.0
184.0 166.0
184.0 167.0
184.0 169.0
184.0 170.0
184.0 173.0
184.0 177.0
184.0 178.0
184.0 181.0
184.0 182.0
184.0 185.0
184.0 190.0
184.0 194.0
184.0 197.0
184.0 200.0
185.0 101.0
185.0 104.0
185.0 106.0
185.0 112.0
185.0 113.0
185.0 114.0
185.0 115.0
185.0 119.0
185.0 121.0
185.0 127.0
185.0 130.0
185.0 133.0
185.0 134.0
185.0 135.0
185.0 136.0
185.0 137.0
185.0 140.0
185.0 142.0
185.0 143.0
185.0 145.0
185.0 146.0
185.0 148.0
185.0 151.0
185.0 153.0
185.0 155.0
185.0 156.0
185.0 157.0
185.0 159.0
185.0 160.0
185.0 161.0
185.0 163.0
185.0 164.0
185.0 165.0
185.0 169.0
185.0 175.0
185.0 176.0
185.0 178.0
185.0 180.0
185.0 181.0
185.0 182.0
185.0 184.0
185.0 187.0
185.0 190.0
185.0 194.0
185.0 197.0
186.0 102.0
186.0 103.0
186.0 107.0
186.0 109.0
186.0 110.0
186.0 111.0
186.0 116.0
186.0 117.0
186.0 118.0
186.0 120.0
186.0 121.0
186.0 122.0
186.0 124.0
186.0 125.0
186.0 126.0
186.0 128.0
186.0 131.0
186.0 132.0
186.0 134.0
186.0 138.0
186.0 139.0
186.0 141.0
186.0 144.0
186.0 145.0
186.0 147.0
186.0 149.0
186.0 154.0
186.0 158.0
186.0 162.0
186.0 168.0
186.0 171.0
186.0 172.0
186.0 174.0
186.0 178.0
186.0 179.0
186.0 183.0
186.0 188.0
186.0 189.0
186.0 191.0
186.0 192.0
186.0 193.0
186.0 195.0
186.0 196.0
186.0 198.0
186.0 199.0
187.0 101.0
187.0 104.0
187.0 105.0
187.0 108.0
187.0 112.0
187.0 113.0
187.0 114.0
187.0 115.0
187.0 119.0
187.0 127.0
187.0 129.0
187.0 133.0
187.0 135.0
187.0 136.0
187.0 137.0
187.0 140.0
187.0 142.0
187.0 143.0
187.0 144.0
187.0 150.0
187.0 151.0
187.0 152.0
187.0 153.0
187.0 155.0
187.0 159.0
187.0 163.0
187.0 164.0
187.0 165.0
187.0 166.0
187.0 167.0
187.0 169.0
187.0 170.0
187.0 173.0
187.0 175.0
187.0 176.0
187.0 177.0
187.0 178.0
187.0 180.0
187.0 181.0
187.0 182.0
187.0 185.0
187.0 190.0
187.0 194.0
187.0 196.0
187.0 200.0
188.0 102.0
188.0 103.0
188.0 107.0
188.0 109.0
188.0 110.0
188.0 111.0
188.0 116.0
188.0 117.0
188.0 118.0
188.0 120.0
188.0 121.0
188.0 122.0
188.0 123.0
188.0 124.0
188.0 125.0
188.0 128.0
188.0 132.0
188.0 137.0
188.0 138.0
188.0 139.0
188.0 141.0
188.0 144.0
188.0 145.0
188.0 147.0
188.0 149.0
188.0 154.0
188.0 158.0
188.0 159.0
188.0 162.0
188.0 168.0
188.0 171.0
188.0 172.0
188.0 174.0
188.0 175.0
188.0 179.0
188.0 183.0
188.0 186.0
188.0 189.0
188.0 191.0
188.0 192.0
188.0 193.0
188.0 195.0
188.0 196.0
188.0 198.0
188.0 199.0
189.0 102.0
189.0 103.0
189.0 105.0
189.0 107.0
189.0 109.0
189.0 110.0
189.0 111.0
189.0 116.0
189.0 117.0
189.0 118.0
189.0 120.0
189.0 121.0
189.0 122.0
189.0 123.0
189.0 125.0
189.0 126.0
189.0 128.0
189.0 131.0
189.0 132.0
189.0 138.0
189.0 139.0
189.0 141.0
189.0 144.0
189.0 145.0
189.0 147.0
189.0 149.0
189.0 152.0
189.0 154.0
189.0 158.0
189.0 162.0
189.0 168.0
189.0 171.0
189.0 172.0
189.0 174.0
189.0 179.0
189.0 183.0
189.0 186.0
189.0 188.0
189.0 191.0
189.0 192.0
189.0 193.0
189.0 195.0
189.0 196.0
189.0 198.0
189.0 199.0
190.0 105.0
190.0 108.0
190.0 112.0
190.0 113.0
190.0 114.0
190.0 115.0
190.0 129.0
190.0 134.0
190.0 137.0
190.0 140.0
190.0 142.0
190.0 146.0
190.0 148.0
190.0 150.0
190.0 151.0
190.0 152.0
190.0 153.0
190.0 155.0
190.0 156.0
190.0 157.0
190.0 160.0
190.0 161.0
190.0 163.0
190.0 164.0
190.0 165.0
190.0 166.0
190.0 167.0
190.0 169.0
190.0 170.0
190.0 173.0
190.0 175.0
190.0 176.0
190.0 178.0
190.0 179.0
190.0 180.0
190.0 181.0
190.0 182.0
190.0 184.0
190.0 185.0
190.0 187.0
190.0 191.0
190.0 194.0
190.0 197.0
190.0 198.0
190.0 200.0
191.0 102.0
191.0 103.0
191.0 107.0
191.0 109.0
191.0 110.0
191.0 111.0
191.0 116.0
191.0 117.0
191.0 118.0
191.0 120.0
191.0 121.0
191.0 122.0
191.0 123.0
191.0 124.0
191.0 125.0
191.0 126.0
191.0 128.0
191.0 131.0
191.0 132.0
191.0 138.0
191.0 139.0
191.0 141.0
191.0 144.0
191.0 145.0
191.0 147.0
191.0 149.0
191.0 154.0
191.0 158.0
191.0 161.0
191.0 162.0
191.0 168.0
191.0 171.0
191.0 172.0
191.0 179.0
191.0 183.0
191.0 186.0
191.0 188.0
191.0 189.0
191.0 190.0
191.0 192.0
191.0 193.0
191.0 195.0
191.0 196.0
191.0 198.0
191.0 199.0
192.0 103.0
192.0 107.0
192.0 109.0
192.0 110.0
192.0 111.0
192.0 116.0
192.0 117.0
192.0 118.0
192.0 119.0
192.0 120.0
192.0 121.0
192.0 122.0
192.0 123.0
192.0 124.0
192.0 125.0
192.0 126.0
192.0 128.0
192.0 131.0
192.0 132.0
192.0 138.0
192.0 139.0
192.0 141.0
192.0 142.0
192.0 144.0
192.0 145.0
192.0 147.0
192.0 149.0
192.0 154.0
192.0 158.0
192.0 162.0
192.0 168.0
192.0 171.0
192.0 172.0
192.0 174.0
192.0 179.0
192.0 183.0
192.0 186.0
192.0 188.0
192.0 189.0
192.0 191.0
192.0 193.0
192.0 195.0
192.0 196.0
192.0 198.0
192.0 199.0
193.0 102.0
193.0 103.0
193.0 107.0
193.0 109.0
193.0 110.0
193.0 111.0
193.0 115.0
193.0 116.0
193.0 117.0
193.0 118.0
193.0 120.0
193.0 121.0
193.0 123.0
193.0 124.0
193.0 125.0
193.0 126.0
193.0 131.0
193.0 132.0
193.0 138.0
193.0 139.0
193.0 141.0
193.0 144.0
193.0 145.0
193.0 147.0
193.0 148.0
193.0 149.0
193.0 154.0
193.0 158.0
193.0 162.0
193.0 168.0
193.0 171.0
193.0 172.0
193.0 174.0
193.0 179.0
193.0 180.0
193.0 183.0
193.0 186.0
193.0 188.0
193.0 189.0
193.0 191.0
193.0 192.0
193.0 195.0
193.0 196.0
193.0 198.0
193.0 199.0
194.0 101.0
194.0 104.0
194.0 105.0
194.0 106.0
194.0 108.0
194.0 113.0
194.0 115.0
194.0 119.0
194.0 127.0
194.0 130.0
194.0 133.0
194.0 134.0
194.0 135.0
194.0 136.0
194.0 140.0
194.0 141.0
194.0 142.0
194.0 143.0
194.0 146.0
194.0 150.0
194.0 152.0
194.0 153.0
194.0 155.0
194.0 156.0
194.0 157.0
194.0 160.0
194.0 163.0
194.0 164.0
194.0 166.0
194.0 168.0
194.0 169.0
194.0 171.0
194.0 173.0
194.0 175.0
194.0 176.0
194.0 177.0
194.0 178.0
194.0 180.0
194.0 181.0
194.0 182.0
194.0 184.0
194.0 185.0
194.0 187.0
194.0 190.0
194.0 200.0
195.0 101.0
195.0 102.0
195.0 103.0
195.0 107.0
195.0 109.0
195.0 110.0
195.0 111.0
195.0 116.0
195.0 117.0
195.0 118.0
195.0 120.0
195.0 121.0
195.0 122.0
195.0 123.0
195.0 124.0
195.0 125.0
195.0 126.0
195.0 128.0
195.0 131.0
195.0 132.0
195.0 138.0
195.0 139.0
195.0 141.0
195.0 144.0
195.0 145.0
195.0 147.0
195.0 149.0
195.0 154.0
195.0 158.0
195.0 162.0
195.0 168.0
195.0 170.0
195.0 171.0
195.0 172.0
195.0 174.0
195.0 179.0
195.0 183.0
195.0 186.0
195.0 188.0
195.0 189.0
195.0 191.0
195.0 192.0
195.0 193.0
195.0 196.0
195.0 198.0
195.0 199.0
196.0 102.0
196.0 103.0
196.0 107.0
196.0 109.0
196.0 110.0
196.0 111.0
196.0 116.0
196.0 117.0
196.0 118.0
196.0 120.0
196.0 121.0
196.0 122.0
196.0 123.0
196.0 124.0
196.0 125.0
196.0 126.0
196.0 128.0
196.0 131.0
196.0 132.0
196.0 138.0
196.0 139.0
196.0 141.0
196.0 144.0
196.0 145.0
196.0 147.0
196.0 150.0
196.0 152.0
196.0 154.0
196.0 158.0
196.0 162.0
196.0 168.0
196.0 171.0
196.0 172.0
196.0 174.0
196.0 179.0
196.0 183.0
196.0 186.0
196.0 187.0
196.0 188.0
196.0 189.0
196.0 191.0
196.0 192.0
196.0 193.0
196.0 195.0
196.0 198.0
196.0 199.0
197.0 101.0
197.0 104.0
197.0 105.0
197.0 106.0
197.0 108.0
197.0 113.0
197.0 114.0
197.0 115.0
197.0 119.0
197.0 127.0
197.0 129.0
197.0 130.0
197.0 131.0
197.0 133.0
197.0 134.0
197.0 135.0
197.0 136.0
197.0 140.0
197.0 142.0
197.0 143.0
197.0 146.0
197.0 148.0
197.0 151.0
197.0 153.0
197.0 156.0
197.0 157.0
197.0 159.0
197.0 160.0
197.0 163.0
197.0 164.0
197.0 165.0
197.0 166.0
197.0 167.0
197.0 169.0
197.0 170.0
197.0 173.0
197.0 175.0
197.0 176.0
197.0 178.0
197.0 181.0
197.0 182.0
197.0 184.0
197.0 185.0
197.0 190.0
197.0 200.0
198.0 102.0
198.0 103.0
198.0 107.0
198.0 109.0
198.0 110.0
198.0 111.0
198.0 116.0
198.0 117.0
198.0 118.0
198.0 120.0
198.0 121.0
198.0 122.0
198.0 123.0
198.0 124.0
198.0 125.0
198.0 126.0
198.0 128.0
198.0 131.0
198.0 132.0
198.0 138.0
198.0 139.0
198.0 141.0
198.0 144.0
198.0 145.0
198.0 147.0
198.0 149.0
198.0 154.0
198.0 158.0
198.0 161.0
198.0 162.0
198.0 168.0
198.0 171.0
198.0 172.0
198.0 174.0
198.0 179.0
198.0 183.0
198.0 186.0
198.0 188.0
198.0 189.0
198.0 190.0
198.0 191.0
198.0 192.0
198.0 193.0
198.0 195.0
198.0 196.0
198.0 199.0
199.0 101.0
199.0 102.0
199.0 103.0
199.0 107.0
199.0 109.0
199.0 110.0
199.0 111.0
199.0 116.0
199.0 117.0
199.0 118.0
199.0 120.0
199.0 121.0
199.0 122.0
199.0 123.0
199.0 124.0
199.0 125.0
199.0 126.0
199.0 128.0
199.0 130.0
199.0 131.0
199.0 132.0
199.0 138.0
199.0 139.0
199.0 141.0
199.0 144.0
199.0 145.0
199.0 147.0
199.0 149.0
199.0 155.0
199.0 158.0
199.0 162.0
199.0 168.0
199.0 171.0
199.0 172.0
199.0 174.0
199.0 179.0
199.0 183.0
199.0 186.0
199.0 188.0
199.0 189.0
199.0 191.0
199.0 192.0
199.0 193.0
199.0 195.0
199.0 196.0
199.0 198.0
200.0 104.0
200.0 106.0
200.0 112.0
200.0 113.0
200.0 114.0
200.0 115.0
200.0 119.0
200.0 127.0
200.0 128.0
200.0 129.0
200.0 130.0
200.0 133.0
200.0 135.0
200.0 137.0
200.0 140.0
200.0 143.0
200.0 146.0
200.0 148.0
200.0 149.0
200.0 150.0
200.0 151.0
200.0 152.0
200.0 153.0
200.0 155.0
200.0 156.0
200.0 157.0
200.0 159.0
200.0 160.0
200.0 161.0
200.0 163.0
200.0 164.0
200.0 165.0
200.0 166.0
200.0 167.0
200.0 173.0
200.0 175.0
200.0 176.0
200.0 177.0
200.0 178.0
200.0 181.0
200.0 182.0
200.0 184.0
200.0 187.0
200.0 190.0
200.0 194.0
200.0 197.0
1
1 2
143
67 197.0
1 200.0
60 143.0
51 170.0
69 169.0
85 113.0
64 187.0
33 114.0
70 194.0
52 155.0
56 133.0
90 129.0
36 164.0
77 166.0
100 177.0
40 151.0
48 108.0
53 153.0
61 115.0
4 140.0
34 152.0
81 167.0
15 148.0
97 127.0
46 101.0
50 112.0
65 136.0
37 146.0
13 156.0
57 137.0
43 185.0
8 135.0
29 161.0
66 159.0
63 181.0
55 173.0
19 160.0
30 142.0
76 119.0
82 106.0
78 130.0
94 157.0
12 178.0
6 104.0
73 180.0
80 134.0
14 163.0
42 182.0
35 176.0
27 105.0
5 165.0
75 190.0
59 184.0
87 175.0
84 150.0
11 110.0
44 132.0
72 154.0
39 145.0
49 191.0
38 149.0
22 120.0
17 128.0
47 117.0
96 198.0
18 172.0
89 122.0
99 183.0
41 192.0
23 126.0
86 189.0
21 124.0
45 193.0
95 199.0
7 162.0
3 174.0
26 121.0
92 138.0
83 168.0
25 103.0
24 171.0
32 139.0
93 109.0
58 186.0
91 141.0
54 179.0
79 123.0
62 125.0
16 196.0
71 147.0
10 158.0
31 118.0
2 116.0
98 144.0
88 111.0
68 188.0
74 195.0
9 107.0
20 102.0
28 131.0
37 188.0
27 103.0
60 109.0
94 147.0
83 106.0
47 104.0
9 143.0
22 157.0
96 197.0
46 122.0
88 170.0
23 153.0
76 174.0
64 196.0
10 104.0
11 137.0
47 181.0
74 166.0
12 123.0
53 186.0
46 139.0
5 126.0
53 111.0
47 182.0
10 133.0
32 135.0
57 141.0
97 168.0
55 193.0
52 183.0
62 160.0
4 145.0
27 107.0
87 168.0
77 183.0
64 103.0
53 110.0
68 130.0
77 107.0
43 171.0
43 158.0
13 141.0
22 136.0
2
1 4 5 6 8 12 13 14 15 19 27 29 30 33 34 35 36 37 40 42 43 46 48 50 51 52 53 55 56 57 59 60 61 63 64 65 66 67 69 70 73 75 76 77 78 80 81 82 84 85 87 90 94 97 100 101.0 104.0 105.0 106.0 108.0 112.0 113.0 114.0 115.0 119.0 127.0 129.0 130.0 133.0 134.0 135.0 136.0 137.0 140.0 142.0 143.0 146.0 148.0 150.0 151.0 152.0 153.0 155.0 156.0 157.0 159.0 160.0 161.0 163.0 164.0 165.0 166.0 167.0 169.0 170.0 173.0 175.0 176.0 177.0 178.0 180.0 181.0 182.0 184.0 185.0 187.0 190.0 194.0 197.0 200.0 
2 3 7 9 10 11 16 17 18 20 21 22 23 24 25 26 28 31 32 38 39 41 44 45 47 49 54 58 62 68 71 72 74 79 83 86 88 89 91 92 93 95 96 98 99 102.0 103.0 107.0 109.0 110.0 111.0 116.0 117.0 118.0 120.0 121.0 122.0 123.0 124.0 125.0 126.0 128.0 131.0 132.0 138.0 139.0 141.0 144.0 145.0 147.0 149.0 154.0 158.0 162.0 168.0 171.0 172.0 174.0 179.0 183.0 186.0 188.0 189.0 191.0 192.0 193.0 195.0 196.0 198.0 199.0 
