2
1 2 3 4 5 6 7 8 9 10 11 12 13 14 15 16 17 18 19 20 21 22 23 24 25 26 27 28 29 30 31 32 33 34 35 36 37 38 39 40 41 42 43 44 45 46 47 48 49 50 51 52 53 54 55 56 57 58 59 60 61 62 63 64 65 66 67 68 69 70 71 72 73 74 75 76 77 78 79 80 81 82 83 84 85 86 87 88 89 90 91 92 93 94 95 96 97 98 99 100
2708
1 2
1 11
1 12
1 16
1 28
1 34
1 36
1 63
1 64
1 66
1 71
1 72
1 73
1 76
1 77
1 78
1 84
1 88
1 89
1 90
1 91
1 98
1 100
2 1
2 11
2 12
2 13
2 16
2 17
2 18
2 20
2 56
2 57
2 64
2 66
2 68
2 72
2 73
2 76
2 77
2 78
2 84
2 88
2 98
2 99
2 100
3 4
3 5
3 6
3 9
3 18
3 23
3 25
3 30
3 37
3 38
3 39
3 47
3 51
3 59
3 61
3 65
3 75
3 80
3 81
3 92
3 93
3 96
3 99
4 3
4 6
4 7
4 10
4 21
4 23
4 30
4 32
4 37
4 38
4 39
4 40
4 50
4 55
4 59
4 61
4 65
4 75
4 80
4 81
4 92
4 93
4 96
5 3
5 6
5 7
5 18
5 23
5 25
5 30
5 31
5 32
5 37
5 47
5 51
5 59
5 61
5 65
5 75
5 80
5 81
5 83
5 90
5 92
5 93
5 96
6 3
6 4
6 5
6 7
6 8
6 23
6 25
6 30
6 37
6 38
6 39
6 40
6 47
6 51
6 55
6 61
6 75
6 80
6 81
6 92
6 93
6 96
6 97
7 4
7 5
7 6
7 8
7 9
7 10
7 18
7 23
7 30
7 31
7 37
7 39
7 40
7 51
7 55
7 59
7 61
7 65
7 75
7 80
7 93
7 94
7 96
8 6
8 7
8 9
8 10
8 18
8 21
8 23
8 29
8 31
8 32
8 38
8 47
8 51
8 55
8 59
8 61
8 65
8 75
8 80
8 81
8 92
8 93
8 96
9 3
9 7
9 8
9 10
9 30
9 31
9 32
9 37
9 38
9 39
9 47
9 51
9 55
9 59
9 61
9 65
9 75
9 80
9 81
9 85
9 92
9 93
9 96
10 4
10 7
10 8
10 9
10 21
10 25
10 31
10 32
10 37
10 38
10 39
10 40
10 51
10 55
10 59
10 61
10 65
10 75
10 76
10 80
10 81
10 92
10 93
10 96
11 1
11 2
11 13
11 14
11 20
11 22
11 26
11 34
11 52
11 53
11 66
11 68
11 69
11 72
11 73
11 76
11 77
11 78
11 88
11 89
11 90
11 91
11 98
11 100
12 1
12 2
12 14
12 17
12 22
12 27
12 36
12 53
12 56
12 57
12 64
12 66
12 71
12 73
12 76
12 77
12 78
12 80
12 88
12 89
12 90
12 91
12 98
12 99
13 2
13 11
13 17
13 22
13 27
13 34
13 36
13 48
13 53
13 56
13 68
13 69
13 71
13 72
13 73
13 77
13 78
13 84
13 90
13 91
13 95
13 98
13 99
13 100
14 11
14 12
14 16
14 17
14 22
14 26
14 28
14 36
14 37
14 48
14 53
14 56
14 64
14 68
14 76
14 77
14 78
14 84
14 88
14 90
14 91
14 98
14 99
14 100
15 29
15 41
15 44
15 49
15 50
15 52
15 54
15 56
15 58
15 60
15 62
15 63
15 67
15 70
15 74
15 79
15 82
15 83
15 85
15 86
15 87
15 94
15 95
15 97
16 1
16 2
16 14
16 17
16 24
16 27
16 28
16 34
16 36
16 48
16 56
16 66
16 69
16 71
16 73
16 77
16 78
16 84
16 88
16 90
16 91
16 98
16 99
16 100
17 2
17 12
17 13
17 14
17 16
17 20
17 22
17 26
17 28
17 48
17 53
17 56
17 57
17 58
17 68
17 69
17 72
17 77
17 78
17 84
17 88
17 90
17 98
17 100
18 2
18 3
18 5
18 7
18 8
18 21
18 23
18 25
18 31
18 32
18 37
18 39
18 40
18 47
18 53
18 55
18 61
18 65
18 75
18 80
18 81
18 92
18 93
18 96
19 29
19 41
19 42
19 43
19 48
19 49
19 50
19 52
19 54
19 58
19 60
19 62
19 63
19 70
19 74
19 79
19 82
19 83
19 85
19 86
19 87
19 94
19 95
19 97
20 2
20 11
20 17
20 22
20 26
20 48
20 53
20 56
20 64
20 68
20 70
20 71
20 72
20 73
20 74
20 76
20 77
20 78
20 84
20 89
20 90
20 91
20 98
20 100
21 4
21 8
21 10
21 18
21 25
21 30
21 31
21 32
21 38
21 39
21 40
21 47
21 51
21 55
21 59
21 61
21 65
21 75
21 80
21 81
21 87
21 92
21 93
21 96
22 11
22 12
22 13
22 14
22 17
22 20
22 27
22 34
22 36
22 37
22 57
22 64
22 66
22 69
22 71
22 72
22 76
22 77
22 78
22 84
22 88
22 89
22 98
22 100
23 3
23 4
23 5
23 6
23 7
23 8
23 18
23 25
23 30
23 39
23 40
23 47
23 51
23 55
23 59
23 61
23 65
23 67
23 75
23 80
23 81
23 92
23 93
23 96
24 16
24 33
24 41
24 42
24 43
24 44
24 45
24 46
24 54
24 58
24 60
24 62
24 63
24 67
24 70
24 74
24 79
24 83
24 85
24 86
24 87
24 94
24 95
24 97
25 3
25 5
25 6
25 10
25 18
25 21
25 23
25 27
25 30
25 31
25 32
25 38
25 40
25 47
25 51
25 55
25 59
25 61
25 65
25 75
25 80
25 81
25 92
25 93
25 96
26 11
26 14
26 17
26 20
26 27
26 28
26 45
26 48
26 53
26 57
26 59
26 64
26 66
26 68
26 69
26 71
26 72
26 73
26 76
26 77
26 84
26 89
26 91
26 98
26 99
27 12
27 13
27 16
27 22
27 25
27 26
27 34
27 48
27 53
27 56
27 57
27 64
27 66
27 68
27 69
27 72
27 73
27 76
27 84
27 88
27 89
27 90
27 91
27 99
27 100
28 1
28 14
28 16
28 17
28 26
28 36
28 41
28 48
28 56
28 57
28 64
28 66
28 67
28 71
28 72
28 73
28 78
28 84
28 88
28 89
28 90
28 91
28 98
28 99
28 100
29 8
29 15
29 19
29 33
29 42
29 43
29 44
29 45
29 46
29 49
29 52
29 54
29 60
29 62
29 63
29 74
29 79
29 82
29 83
29 85
29 86
29 87
29 94
29 95
29 97
30 3
30 4
30 5
30 6
30 7
30 9
30 21
30 23
30 25
30 31
30 37
30 38
30 39
30 40
30 47
30 51
30 59
30 61
30 65
30 75
30 78
30 80
30 81
30 92
30 96
31 5
31 7
31 8
31 9
31 10
31 18
31 21
31 25
31 30
31 32
31 37
31 38
31 40
31 47
31 51
31 55
31 59
31 61
31 65
31 75
31 81
31 92
31 93
31 96
31 100
32 4
32 5
32 8
32 9
32 10
32 18
32 21
32 25
32 31
32 38
32 39
32 40
32 43
32 47
32 51
32 55
32 59
32 61
32 65
32 75
32 80
32 81
32 92
32 93
32 96
33 24
33 29
33 35
33 40
33 41
33 42
33 45
33 49
33 50
33 52
33 54
33 58
33 62
33 63
33 67
33 70
33 74
33 82
33 83
33 85
33 86
33 87
33 94
33 95
33 97
34 1
34 11
34 13
34 16
34 22
34 27
34 36
34 40
34 48
34 53
34 57
34 62
34 68
34 69
34 71
34 73
34 76
34 77
34 84
34 88
34 89
34 90
34 91
34 99
34 100
35 33
35 41
35 43
35 44
35 45
35 46
35 50
35 52
35 54
35 58
35 61
35 62
35 63
35 64
35 67
35 74
35 79
35 82
35 83
35 85
35 86
35 87
35 94
35 95
35 97
36 1
36 12
36 13
36 14
36 16
36 22
36 28
36 34
36 39
36 48
36 53
36 64
36 66
36 68
36 69
36 71
36 72
36 76
36 77
36 78
36 89
36 90
36 98
36 99
36 100
37 3
37 4
37 5
37 6
37 7
37 9
37 10
37 14
37 18
37 22
37 30
37 31
37 38
37 39
37 40
37 47
37 55
37 59
37 65
37 75
37 80
37 81
37 92
37 93
37 96
38 3
38 4
38 6
38 8
38 9
38 10
38 21
38 25
38 30
38 31
38 32
38 37
38 39
38 40
38 45
38 47
38 51
38 55
38 75
38 80
38 81
38 92
38 93
38 96
38 99
39 3
39 4
39 6
39 7
39 9
39 10
39 18
39 21
39 23
39 30
39 32
39 36
39 37
39 38
39 47
39 51
39 59
39 61
39 65
39 80
39 81
39 84
39 92
39 93
39 96
40 4
40 6
40 7
40 10
40 18
40 21
40 23
40 25
40 30
40 31
40 32
40 33
40 34
40 37
40 38
40 47
40 51
40 55
40 59
40 61
40 75
40 80
40 81
40 92
40 93
40 96
41 15
41 19
41 24
41 28
41 33
41 35
41 42
41 44
41 45
41 46
41 49
41 50
41 52
41 54
41 60
41 67
41 70
41 74
41 79
41 82
41 83
41 85
41 86
41 87
41 95
41 97
42 19
42 24
42 29
42 33
42 41
42 44
42 45
42 46
42 49
42 52
42 58
42 62
42 63
42 67
42 70
42 74
42 79
42 82
42 83
42 85
42 86
42 87
42 92
42 94
42 95
42 97
43 19
43 24
43 29
43 32
43 35
43 44
43 45
43 49
43 50
43 54
43 58
43 60
43 62
43 63
43 67
43 70
43 73
43 79
43 82
43 83
43 85
43 86
43 87
43 94
43 95
43 97
44 15
44 24
44 29
44 35
44 41
44 42
44 43
44 46
44 49
44 50
44 54
44 58
44 60
44 62
44 63
44 67
44 70
44 74
44 75
44 79
44 82
44 83
44 85
44 94
44 95
44 97
45 24
45 26
45 29
45 33
45 35
45 38
45 41
45 42
45 43
45 46
45 49
45 50
45 54
45 60
45 67
45 70
45 74
45 79
45 82
45 83
45 85
45 86
45 87
45 94
45 95
45 97
46 24
46 29
46 35
46 41
46 42
46 44
46 45
46 49
46 50
46 52
46 58
46 60
46 63
46 67
46 70
46 74
46 79
46 81
46 82
46 83
46 85
46 86
46 87
46 94
46 95
46 97
47 3
47 5
47 6
47 8
47 9
47 18
47 21
47 23
47 25
47 30
47 31
47 32
47 37
47 38
47 39
47 40
47 51
47 54
47 55
47 59
47 75
47 79
47 80
47 81
47 92
47 93
47 96
48 13
48 14
48 16
48 17
48 19
48 20
48 26
48 27
48 28
48 34
48 36
48 53
48 57
48 68
48 69
48 71
48 72
48 76
48 77
48 78
48 88
48 89
48 90
48 91
48 98
48 99
48 100
49 15
49 19
49 29
49 33
49 41
49 42
49 43
49 44
49 45
49 46
49 50
49 54
49 57
49 58
49 62
49 63
49 67
49 74
49 79
49 82
49 83
49 85
49 86
49 87
49 94
49 95
49 97
50 4
50 15
50 19
50 33
50 35
50 41
50 43
50 44
50 45
50 46
50 49
50 52
50 54
50 58
50 60
50 62
50 63
50 74
50 79
50 82
50 83
50 85
50 86
50 87
50 94
50 95
50 97
51 3
51 5
51 6
51 7
51 8
51 9
51 10
51 21
51 23
51 25
51 30
51 31
51 32
51 38
51 39
51 40
51 47
51 55
51 61
51 65
51 75
51 80
51 81
51 92
51 93
51 96
51 98
52 11
52 15
52 19
52 29
52 33
52 35
52 41
52 42
52 46
52 50
52 58
52 60
52 62
52 63
52 67
52 70
52 74
52 79
52 82
52 83
52 85
52 86
52 87
52 89
52 94
52 95
52 97
53 11
53 12
53 13
53 14
53 17
53 18
53 20
53 26
53 27
53 34
53 36
53 48
53 56
53 57
53 64
53 66
53 69
53 72
53 73
53 76
53 77
53 88
53 89
53 90
53 98
53 99
53 100
54 15
54 19
54 24
54 29
54 33
54 35
54 41
54 43
54 44
54 45
54 47
54 49
54 50
54 60
54 62
54 63
54 67
54 70
54 79
54 82
54 83
54 85
54 86
54 87
54 94
54 95
54 97
55 4
55 6
55 7
55 8
55 9
55 10
55 18
55 21
55 23
55 25
55 31
55 32
55 37
55 38
55 40
55 47
55 51
55 59
55 65
55 75
55 78
55 80
55 81
55 86
55 92
55 93
55 96
56 2
56 12
56 13
56 14
56 15
56 16
56 17
56 20
56 27
56 28
56 53
56 57
56 64
56 66
56 68
56 69
56 71
56 73
56 76
56 77
56 84
56 88
56 89
56 91
56 98
56 99
56 100
57 2
57 12
57 17
57 22
57 26
57 27
57 28
57 34
57 48
57 49
57 53
57 56
57 64
57 69
57 71
57 73
57 76
57 77
57 78
57 84
57 88
57 89
57 90
57 91
57 98
57 99
57 100
58 15
58 17
58 19
58 24
58 33
58 35
58 42
58 43
58 44
58 46
58 49
58 50
58 52
58 60
58 62
58 63
58 65
58 67
58 70
58 79
58 82
58 83
58 86
58 87
58 94
58 95
58 97
59 3
59 4
59 5
59 7
59 8
59 9
59 10
59 21
59 23
59 25
59 26
59 30
59 31
59 32
59 37
59 39
59 40
59 47
59 55
59 61
59 65
59 75
59 79
59 80
59 81
59 92
59 93
59 96
60 15
60 19
60 24
60 29
60 41
60 43
60 44
60 45
60 46
60 50
60 52
60 54
60 58
60 62
60 63
60 67
60 68
60 70
60 74
60 79
60 82
60 83
60 85
60 86
60 87
60 94
60 95
60 97
61 3
61 4
61 5
61 6
61 7
61 8
61 9
61 10
61 18
61 21
61 23
61 25
61 30
61 31
61 32
61 35
61 39
61 40
61 51
61 59
61 63
61 65
61 75
61 80
61 81
61 92
61 93
61 96
62 15
62 19
62 24
62 29
62 33
62 34
62 35
62 42
62 43
62 44
62 49
62 50
62 52
62 54
62 58
62 60
62 70
62 74
62 79
62 82
62 83
62 85
62 86
62 87
62 94
62 95
62 96
62 97
63 1
63 15
63 19
63 24
63 29
63 33
63 35
63 42
63 43
63 44
63 46
63 49
63 50
63 52
63 54
63 58
63 60
63 61
63 67
63 70
63 79
63 82
63 83
63 85
63 87
63 94
63 95
63 97
64 1
64 2
64 12
64 14
64 20
64 22
64 26
64 27
64 28
64 35
64 36
64 53
64 56
64 57
64 66
64 68
64 69
64 71
64 72
64 76
64 78
64 84
64 88
64 89
64 91
64 98
64 99
64 100
65 3
65 4
65 5
65 7
65 8
65 9
65 10
65 18
65 21
65 23
65 25
65 30
65 31
65 32
65 37
65 39
65 51
65 55
65 58
65 59
65 61
65 75
65 77
65 80
65 81
65 92
65 93
65 96
66 1
66 2
66 11
66 12
66 16
66 22
66 26
66 27
66 28
66 36
66 53
66 56
66 64
66 68
66 69
66 71
66 73
66 77
66 78
66 84
66 86
66 88
66 89
66 90
66 91
66 98
66 99
66 100
67 15
67 23
67 24
67 28
67 33
67 35
67 41
67 42
67 43
67 44
67 45
67 46
67 49
67 52
67 54
67 58
67 60
67 63
67 70
67 74
67 79
67 82
67 83
67 85
67 86
67 87
67 94
67 95
67 97
68 2
68 11
68 13
68 14
68 17
68 20
68 26
68 27
68 34
68 36
68 48
68 56
68 60
68 64
68 66
68 71
68 72
68 73
68 76
68 77
68 78
68 82
68 84
68 88
68 89
68 90
68 91
68 99
68 100
69 11
69 13
69 16
69 17
69 22
69 26
69 27
69 34
69 36
69 48
69 53
69 56
69 57
69 64
69 66
69 71
69 72
69 73
69 76
69 78
69 82
69 84
69 88
69 89
69 90
69 91
69 98
69 99
69 100
70 15
70 19
70 20
70 24
70 33
70 41
70 42
70 43
70 44
70 45
70 46
70 52
70 54
70 58
70 60
70 62
70 63
70 67
70 72
70 74
70 79
70 82
70 83
70 85
70 86
70 87
70 94
70 95
70 97
71 1
71 12
71 13
71 16
71 20
71 22
71 26
71 28
71 34
71 36
71 48
71 56
71 57
71 64
71 66
71 68
71 69
71 72
71 73
71 74
71 76
71 77
71 84
71 88
71 89
71 90
71 91
71 98
71 99
72 1
72 2
72 11
72 13
72 17
72 20
72 22
72 26
72 27
72 28
72 36
72 48
72 53
72 64
72 68
72 69
72 70
72 71
72 73
72 76
72 77
72 84
72 88
72 89
72 90
72 91
72 98
72 99
72 100
73 1
73 2
73 11
73 12
73 13
73 16
73 20
73 26
73 27
73 28
73 34
73 43
73 53
73 56
73 57
73 66
73 68
73 69
73 71
73 72
73 77
73 78
73 84
73 88
73 89
73 91
73 98
73 99
73 100
74 15
74 19
74 20
74 24
74 29
74 33
74 35
74 41
74 42
74 44
74 45
74 46
74 49
74 50
74 52
74 60
74 62
74 67
74 70
74 71
74 79
74 82
74 83
74 85
74 86
74 87
74 94
74 95
74 97
75 3
75 4
75 5
75 6
75 7
75 8
75 9
75 10
75 18
75 21
75 23
75 25
75 30
75 31
75 32
75 37
75 38
75 40
75 44
75 47
75 51
75 55
75 59
75 61
75 65
75 80
75 92
75 93
75 96
76 1
76 2
76 10
76 11
76 12
76 14
76 20
76 22
76 26
76 27
76 34
76 36
76 48
76 53
76 56
76 57
76 64
76 68
76 69
76 71
76 72
76 77
76 78
76 84
76 88
76 89
76 90
76 91
76 98
76 100
77 1
77 2
77 11
77 12
77 13
77 14
77 16
77 17
77 20
77 22
77 26
77 34
77 36
77 48
77 53
77 56
77 57
77 65
77 66
77 68
77 71
77 72
77 73
77 76
77 78
77 89
77 91
77 98
77 99
77 100
78 1
78 2
78 11
78 12
78 13
78 14
78 16
78 17
78 20
78 22
78 28
78 30
78 36
78 48
78 55
78 57
78 64
78 66
78 68
78 69
78 73
78 76
78 77
78 88
78 89
78 90
78 91
78 98
78 99
78 100
79 15
79 19
79 24
79 29
79 35
79 41
79 42
79 43
79 44
79 45
79 46
79 47
79 49
79 50
79 52
79 54
79 58
79 59
79 60
79 62
79 63
79 67
79 70
79 74
79 83
79 85
79 86
79 94
79 95
79 97
80 3
80 4
80 5
80 6
80 7
80 8
80 9
80 10
80 12
80 18
80 21
80 23
80 25
80 30
80 32
80 37
80 38
80 39
80 40
80 47
80 51
80 55
80 59
80 61
80 65
80 75
80 81
80 92
80 93
80 96
81 3
81 4
81 5
81 6
81 8
81 9
81 10
81 18
81 21
81 23
81 25
81 30
81 31
81 32
81 37
81 38
81 39
81 40
81 46
81 47
81 51
81 55
81 59
81 61
81 65
81 80
81 92
81 93
81 94
81 96
82 15
82 19
82 29
82 33
82 35
82 41
82 42
82 43
82 44
82 45
82 46
82 49
82 50
82 52
82 54
82 58
82 60
82 62
82 63
82 67
82 68
82 69
82 70
82 74
82 85
82 86
82 87
82 94
82 95
82 97
83 5
83 15
83 19
83 24
83 29
83 33
83 35
83 41
83 42
83 43
83 44
83 45
83 46
83 49
83 50
83 52
83 54
83 58
83 60
83 62
83 63
83 67
83 70
83 74
83 79
83 85
83 86
83 87
83 94
83 95
83 97
84 1
84 2
84 13
84 14
84 16
84 17
84 20
84 22
84 26
84 27
84 28
84 34
84 39
84 56
84 57
84 64
84 66
84 68
84 69
84 71
84 72
84 73
84 76
84 87
84 88
84 89
84 90
84 91
84 98
84 99
84 100
85 9
85 15
85 19
85 24
85 29
85 33
85 35
85 41
85 42
85 43
85 44
85 45
85 46
85 49
85 50
85 52
85 54
85 60
85 62
85 63
85 67
85 70
85 74
85 79
85 82
85 83
85 86
85 87
85 94
85 95
85 97
86 15
86 19
86 24
86 29
86 33
86 35
86 41
86 42
86 43
86 45
86 46
86 49
86 50
86 52
86 54
86 55
86 58
86 60
86 62
86 66
86 67
86 70
86 74
86 79
86 82
86 83
86 85
86 87
86 94
86 95
86 97
87 15
87 19
87 21
87 24
87 29
87 33
87 35
87 41
87 42
87 43
87 45
87 46
87 49
87 50
87 52
87 54
87 58
87 60
87 62
87 63
87 67
87 70
87 74
87 82
87 83
87 84
87 85
87 86
87 94
87 95
87 97
88 1
88 2
88 11
88 12
88 14
88 16
88 17
88 22
88 27
88 28
88 34
88 48
88 53
88 56
88 57
88 64
88 66
88 68
88 69
88 71
88 72
88 73
88 76
88 78
88 84
88 90
88 91
88 92
88 93
88 98
88 99
89 1
89 11
89 12
89 20
89 22
89 26
89 27
89 28
89 34
89 36
89 48
89 52
89 53
89 56
89 57
89 64
89 66
89 68
89 69
89 71
89 72
89 73
89 76
89 77
89 78
89 84
89 90
89 91
89 98
89 99
89 100
90 1
90 5
90 11
90 12
90 13
90 14
90 16
90 17
90 20
90 27
90 28
90 34
90 36
90 48
90 53
90 57
90 66
90 68
90 69
90 71
90 72
90 76
90 78
90 84
90 88
90 89
90 91
90 96
90 98
90 99
90 100
91 1
91 11
91 12
91 13
91 14
91 16
91 20
91 26
91 27
91 28
91 34
91 48
91 56
91 57
91 64
91 66
91 68
91 69
91 71
91 72
91 73
91 76
91 77
91 78
91 84
91 88
91 89
91 90
91 93
91 99
91 100
92 3
92 4
92 5
92 6
92 8
92 9
92 10
92 18
92 21
92 23
92 25
92 30
92 31
92 32
92 37
92 38
92 39
92 40
92 42
92 47
92 51
92 55
92 59
92 61
92 65
92 75
92 80
92 81
92 88
92 93
92 96
93 3
93 4
93 5
93 6
93 7
93 8
93 9
93 10
93 18
93 21
93 23
93 25
93 31
93 32
93 37
93 38
93 39
93 40
93 47
93 51
93 55
93 59
93 61
93 65
93 75
93 80
93 81
93 88
93 91
93 92
93 96
94 7
94 15
94 19
94 24
94 29
94 33
94 35
94 42
94 43
94 44
94 45
94 46
94 49
94 50
94 52
94 54
94 58
94 60
94 62
94 63
94 67
94 70
94 74
94 79
94 81
94 82
94 83
94 85
94 86
94 87
94 95
94 97
95 13
95 15
95 19
95 24
95 29
95 33
95 35
95 41
95 42
95 43
95 44
95 45
95 46
95 49
95 50
95 52
95 54
95 58
95 60
95 62
95 63
95 67
95 70
95 74
95 79
95 82
95 83
95 85
95 86
95 87
95 94
95 97
96 3
96 4
96 5
96 6
96 7
96 8
96 9
96 10
96 18
96 21
96 23
96 25
96 30
96 31
96 32
96 37
96 38
96 39
96 40
96 47
96 51
96 55
96 59
96 61
96 62
96 65
96 75
96 80
96 81
96 90
96 92
96 93
97 6
97 15
97 19
97 24
97 29
97 33
97 35
97 41
97 42
97 43
97 44
97 45
97 46
97 49
97 50
97 52
97 54
97 58
97 60
97 62
97 63
97 67
97 70
97 74
97 79
97 82
97 83
97 85
97 86
97 87
97 94
97 95
98 1
98 2
98 11
98 12
98 13
98 14
98 16
98 17
98 20
98 22
98 26
98 28
98 36
98 48
98 51
98 53
98 56
98 57
98 64
98 66
98 69
98 71
98 72
98 73
98 76
98 77
98 78
98 84
98 88
98 89
98 90
98 99
99 2
99 3
99 12
99 13
99 14
99 16
99 26
99 27
99 28
99 34
99 36
99 38
99 48
99 53
99 56
99 57
99 64
99 66
99 68
99 69
99 71
99 72
99 73
99 77
99 78
99 84
99 88
99 89
99 90
99 91
99 98
99 100
100 1
100 2
100 11
100 13
100 14
100 16
100 17
100 20
100 22
100 27
100 28
100 31
100 34
100 36
100 48
100 53
100 56
100 57
100 64
100 66
100 68
100 69
100 72
100 73
100 76
100 77
100 78
100 84
100 89
100 90
100 91
100 99
101.0 102.0 103.0 104.0 105.0 106.0 107.0 108.0 109.0 110.0 111.0 112.0 113.0 114.0 115.0 116.0 117.0 118.0 119.0 120.0 121.0 122.0 123.0 124.0 125.0 126.0 127.0 128.0 129.0 130.0 131.0 132.0 133.0 134.0 135.0 136.0 137.0 138.0 139.0 140.0 141.0 142.0 143.0 144.0 145.0 146.0 147.0 148.0 149.0 150.0 151.0 152.0 153.0 154.0 155.0 156.0 157.0 158.0 159.0 160.0 161.0 162.0 163.0 164.0 165.0 166.0 167.0 168.0 169.0 170.0 171.0 172.0 173.0 174.0 175.0 176.0 177.0 178.0 179.0 180.0 181.0 182.0 183.0 184.0 185.0 186.0 187.0 188.0 189.0 190.0 191.0 192.0 193.0 194.0 195.0 196.0 197.0 198.0 199.0 200.0
2708
101.0 102.0
101.0 111.0
101.0 112.0
101.0 116.0
101.0 128.0
101.0 134.0
101.0 136.0
101.0 163.0
101.0 164.0
101.0 166.0
101.0 171.0
101.0 172.0
101.0 173.0
101.0 176.0
101.0 177.0
101.0 178.0
101.0 184.0
101.0 188.0
101.0 189.0
101.0 190.0
101.0 191.0
101.0 198.0
101.0 200.0
102.0 101.0
102.0 111.0
102.0 112.0
102.0 113.0
102.0 116.0
102.0 117.0
102.0 118.0
102.0 120.0
102.0 156.0
102.0 157.0
102.0 164.0
102.0 166.0
102.0 168.0
102.0 172.0
102.0 173.0
102.0 176.0
102.0 177.0
102.0 178.0
102.0 184.0
102.0 188.0
102.0 198.0
102.0 199.0
102.0 200.0
103.0 104.0
103.0 105.0
103.0 106.0
103.0 109.0
103.0 118.0
103.0 123.0
103.0 125.0
103.0 130.0
103.0 137.0
103.0 138.0
103.0 139.0
103.0 147.0
103.0 151.0
103.0 159.0
103.0 161.0
103.0 165.0
103.0 175.0
103.0 180.0
103.0 181.0
103.0 192.0
103.0 193.0
103.0 196.0
103.0 199.0
104.0 103.0
104.0 106.0
104.0 107.0
104.0 110.0
104.0 121.0
104.0 123.0
104.0 130.0
104.0 132.0
104.0 137.0
104.0 138.0
104.0 139.0
104.0 140.0
104.0 150.0
104.0 155.0
104.0 159.0
104.0 161.0
104.0 165.0
104.0 175.0
104.0 180.0
104.0 181.0
104.0 192.0
104.0 193.0
104.0 196.0
105.0 103.0
105.0 106.0
105.0 107.0
105.0 118.0
105.0 123.0
105.0 125.0
105.0 130.0
105.0 131.0
105.0 132.0
105.0 137.0
105.0 147.0
105.0 151.0
105.0 159.0
105.0 161.0
105.0 165.0
105.0 175.0
105.0 180.0
105.0 181.0
105.0 183.0
105.0 190.0
105.0 192.0
105.0 193.0
105.0 196.0
106.0 103.0
106.0 104.0
106.0 105.0
106.0 107.0
106.0 108.0
106.0 123.0
106.0 125.0
106.0 130.0
106.0 137.0
106.0 138.0
106.0 139.0
106.0 140.0
106.0 147.0
106.0 151.0
106.0 155.0
106.0 161.0
106.0 175.0
106.0 180.0
106.0 181.0
106.0 192.0
106.0 193.0
106.0 196.0
106.0 197.0
107.0 104.0
107.0 105.0
107.0 106.0
107.0 108.0
107.0 109.0
107.0 110.0
107.0 118.0
107.0 123.0
107.0 130.0
107.0 131.0
107.0 137.0
107.0 139.0
107.0 140.0
107.0 151.0
107.0 155.0
107.0 159.0
107.0 161.0
107.0 165.0
107.0 175.0
107.0 180.0
107.0 193.0
107.0 194.0
107.0 196.0
108.0 106.0
108.0 107.0
108.0 109.0
108.0 110.0
108.0 118.0
108.0 121.0
108.0 123.0
108.0 129.0
108.0 131.0
108.0 132.0
108.0 138.0
108.0 147.0
108.0 151.0
108.0 155.0
108.0 159.0
108.0 161.0
108.0 165.0
108.0 175.0
108.0 180.0
108.0 181.0
108.0 192.0
108.0 193.0
108.0 196.0
109.0 103.0
109.0 107.0
109.0 108.0
109.0 110.0
109.0 130.0
109.0 131.0
109.0 132.0
109.0 137.0
109.0 138.0
109.0 139.0
109.0 147.0
109.0 151.0
109.0 155.0
109.0 159.0
109.0 161.0
109.0 165.0
109.0 175.0
109.0 180.0
109.0 181.0
109.0 185.0
109.0 192.0
109.0 193.0
109.0 196.0
110.0 104.0
110.0 107.0
110.0 108.0
110.0 109.0
110.0 121.0
110.0 125.0
110.0 131.0
110.0 132.0
110.0 137.0
110.0 138.0
110.0 139.0
110.0 140.0
110.0 151.0
110.0 155.0
110.0 159.0
110.0 161.0
110.0 165.0
110.0 175.0
110.0 176.0
110.0 180.0
110.0 181.0
110.0 192.0
110.0 193.0
110.0 196.0
111.0 101.0
111.0 102.0
111.0 113.0
111.0 114.0
111.0 120.0
111.0 122.0
111.0 126.0
111.0 134.0
111.0 152.0
111.0 153.0
111.0 166.0
111.0 168.0
111.0 169.0
111.0 172.0
111.0 173.0
111.0 176.0
111.0 177.0
111.0 178.0
111.0 188.0
111.0 189.0
111.0 190.0
111.0 191.0
111.0 198.0
111.0 200.0
112.0 101.0
112.0 102.0
112.0 114.0
112.0 117.0
112.0 122.0
112.0 127.0
112.0 136.0
112.0 153.0
112.0 156.0
112.0 157.0
112.0 164.0
112.0 166.0
112.0 171.0
112.0 173.0
112.0 176.0
112.0 177.0
112.0 178.0
112.0 180.0
112.0 188.0
112.0 189.0
112.0 190.0
112.0 191.0
112.0 198.0
112.0 199.0
113.0 102.0
113.0 111.0
113.0 117.0
113.0 122.0
113.0 127.0
113.0 134.0
113.0 136.0
113.0 148.0
113.0 153.0
113.0 156.0
113.0 168.0
113.0 169.0
113.0 171.0
113.0 172.0
113.0 173.0
113.0 177.0
113.0 178.0
113.0 184.0
113.0 190.0
113.0 191.0
113.0 195.0
113.0 198.0
113.0 199.0
113.0 200.0
114.0 111.0
114.0 112.0
114.0 116.0
114.0 117.0
114.0 122.0
114.0 126.0
114.0 128.0
114.0 136.0
114.0 137.0
114.0 148.0
114.0 153.0
114.0 156.0
114.0 164.0
114.0 168.0
114.0 176.0
114.0 177.0
114.0 178.0
114.0 184.0
114.0 188.0
114.0 190.0
114.0 191.0
114.0 198.0
114.0 199.0
114.0 200.0
115.0 129.0
115.0 141.0
115.0 144.0
115.0 149.0
115.0 150.0
115.0 152.0
115.0 154.0
115.0 156.0
115.0 158.0
115.0 160.0
115.0 162.0
115.0 163.0
115.0 167.0
115.0 170.0
115.0 174.0
115.0 179.0
115.0 182.0
115.0 183.0
115.0 185.0
115.0 186.0
115.0 187.0
115.0 194.0
115.0 195.0
115.0 197.0
116.0 101.0
116.0 102.0
116.0 114.0
116.0 117.0
116.0 124.0
116.0 127.0
116.0 128.0
116.0 134.0
116.0 136.0
116.0 148.0
116.0 156.0
116.0 166.0
116.0 169.0
116.0 171.0
116.0 173.0
116.0 177.0
116.0 178.0
116.0 184.0
116.0 188.0
116.0 190.0
116.0 191.0
116.0 198.0
116.0 199.0
116.0 200.0
117.0 102.0
117.0 112.0
117.0 113.0
117.0 114.0
117.0 116.0
117.0 120.0
117.0 122.0
117.0 126.0
117.0 128.0
117.0 148.0
117.0 153.0
117.0 156.0
117.0 157.0
117.0 158.0
117.0 168.0
117.0 169.0
117.0 172.0
117.0 177.0
117.0 178.0
117.0 184.0
117.0 188.0
117.0 190.0
117.0 198.0
117.0 200.0
118.0 102.0
118.0 103.0
118.0 105.0
118.0 107.0
118.0 108.0
118.0 121.0
118.0 123.0
118.0 125.0
118.0 131.0
118.0 132.0
118.0 137.0
118.0 139.0
118.0 140.0
118.0 147.0
118.0 153.0
118.0 155.0
118.0 161.0
118.0 165.0
118.0 175.0
118.0 180.0
118.0 181.0
118.0 192.0
118.0 193.0
118.0 196.0
119.0 129.0
119.0 141.0
119.0 142.0
119.0 143.0
119.0 148.0
119.0 149.0
119.0 150.0
119.0 152.0
119.0 154.0
119.0 158.0
119.0 160.0
119.0 162.0
119.0 163.0
119.0 170.0
119.0 174.0
119.0 179.0
119.0 182.0
119.0 183.0
119.0 185.0
119.0 186.0
119.0 187.0
119.0 194.0
119.0 195.0
119.0 197.0
120.0 102.0
120.0 111.0
120.0 117.0
120.0 122.0
120.0 126.0
120.0 148.0
120.0 153.0
120.0 156.0
120.0 164.0
120.0 168.0
120.0 170.0
120.0 171.0
120.0 172.0
120.0 173.0
120.0 174.0
120.0 176.0
120.0 177.0
120.0 178.0
120.0 184.0
120.0 189.0
120.0 190.0
120.0 191.0
120.0 198.0
120.0 200.0
121.0 104.0
121.0 108.0
121.0 110.0
121.0 118.0
121.0 125.0
121.0 130.0
121.0 131.0
121.0 132.0
121.0 138.0
121.0 139.0
121.0 140.0
121.0 147.0
121.0 151.0
121.0 155.0
121.0 159.0
121.0 161.0
121.0 165.0
121.0 175.0
121.0 180.0
121.0 181.0
121.0 187.0
121.0 192.0
121.0 193.0
121.0 196.0
122.0 111.0
122.0 112.0
122.0 113.0
122.0 114.0
122.0 117.0
122.0 120.0
122.0 127.0
122.0 134.0
122.0 136.0
122.0 137.0
122.0 157.0
122.0 164.0
122.0 166.0
122.0 169.0
122.0 171.0
122.0 172.0
122.0 176.0
122.0 177.0
122.0 178.0
122.0 184.0
122.0 188.0
122.0 189.0
122.0 198.0
122.0 200.0
123.0 103.0
123.0 104.0
123.0 105.0
123.0 106.0
123.0 107.0
123.0 108.0
123.0 118.0
123.0 125.0
123.0 130.0
123.0 139.0
123.0 140.0
123.0 147.0
123.0 151.0
123.0 155.0
123.0 159.0
123.0 161.0
123.0 165.0
123.0 167.0
123.0 175.0
123.0 180.0
123.0 181.0
123.0 192.0
123.0 193.0
123.0 196.0
124.0 116.0
124.0 133.0
124.0 141.0
124.0 142.0
124.0 143.0
124.0 144.0
124.0 145.0
124.0 146.0
124.0 154.0
124.0 158.0
124.0 160.0
124.0 162.0
124.0 163.0
124.0 167.0
124.0 170.0
124.0 174.0
124.0 179.0
124.0 183.0
124.0 185.0
124.0 186.0
124.0 187.0
124.0 194.0
124.0 195.0
124.0 197.0
125.0 103.0
125.0 105.0
125.0 106.0
125.0 110.0
125.0 118.0
125.0 121.0
125.0 123.0
125.0 127.0
125.0 130.0
125.0 131.0
125.0 132.0
125.0 138.0
125.0 140.0
125.0 147.0
125.0 151.0
125.0 155.0
125.0 159.0
125.0 161.0
125.0 165.0
125.0 175.0
125.0 180.0
125.0 181.0
125.0 192.0
125.0 193.0
125.0 196.0
126.0 111.0
126.0 114.0
126.0 117.0
126.0 120.0
126.0 127.0
126.0 128.0
126.0 145.0
126.0 148.0
126.0 153.0
126.0 157.0
126.0 159.0
126.0 164.0
126.0 166.0
126.0 168.0
126.0 169.0
126.0 171.0
126.0 172.0
126.0 173.0
126.0 176.0
126.0 177.0
126.0 184.0
126.0 189.0
126.0 191.0
126.0 198.0
126.0 199.0
127.0 112.0
127.0 113.0
127.0 116.0
127.0 122.0
127.0 125.0
127.0 126.0
127.0 134.0
127.0 148.0
127.0 153.0
127.0 156.0
127.0 157.0
127.0 164.0
127.0 166.0
127.0 168.0
127.0 169.0
127.0 172.0
127.0 173.0
127.0 176.0
127.0 184.0
127.0 188.0
127.0 189.0
127.0 190.0
127.0 191.0
127.0 199.0
127.0 200.0
128.0 101.0
128.0 114.0
128.0 116.0
128.0 117.0
128.0 126.0
128.0 136.0
128.0 141.0
128.0 148.0
128.0 156.0
128.0 157.0
128.0 164.0
128.0 166.0
128.0 167.0
128.0 171.0
128.0 172.0
128.0 173.0
128.0 178.0
128.0 184.0
128.0 188.0
128.0 189.0
128.0 190.0
128.0 191.0
128.0 198.0
128.0 199.0
128.0 200.0
129.0 108.0
129.0 115.0
129.0 119.0
129.0 133.0
129.0 142.0
129.0 143.0
129.0 144.0
129.0 145.0
129.0 146.0
129.0 149.0
129.0 152.0
129.0 154.0
129.0 160.0
129.0 162.0
129.0 163.0
129.0 174.0
129.0 179.0
129.0 182.0
129.0 183.0
129.0 185.0
129.0 186.0
129.0 187.0
129.0 194.0
129.0 195.0
129.0 197.0
130.0 103.0
130.0 104.0
130.0 105.0
130.0 106.0
130.0 107.0
130.0 109.0
130.0 121.0
130.0 123.0
130.0 125.0
130.0 131.0
130.0 137.0
130.0 138.0
130.0 139.0
130.0 140.0
130.0 147.0
130.0 151.0
130.0 159.0
130.0 161.0
130.0 165.0
130.0 175.0
130.0 178.0
130.0 180.0
130.0 181.0
130.0 192.0
130.0 196.0
131.0 105.0
131.0 107.0
131.0 108.0
131.0 109.0
131.0 110.0
131.0 118.0
131.0 121.0
131.0 125.0
131.0 130.0
131.0 132.0
131.0 137.0
131.0 138.0
131.0 140.0
131.0 147.0
131.0 151.0
131.0 155.0
131.0 159.0
131.0 161.0
131.0 165.0
131.0 175.0
131.0 181.0
131.0 192.0
131.0 193.0
131.0 196.0
131.0 200.0
132.0 104.0
132.0 105.0
132.0 108.0
132.0 109.0
132.0 110.0
132.0 118.0
132.0 121.0
132.0 125.0
132.0 131.0
132.0 138.0
132.0 139.0
132.0 140.0
132.0 143.0
132.0 147.0
132.0 151.0
132.0 155.0
132.0 159.0
132.0 161.0
132.0 165.0
132.0 175.0
132.0 180.0
132.0 181.0
132.0 192.0
132.0 193.0
132.0 196.0
133.0 124.0
133.0 129.0
133.0 135.0
133.0 140.0
133.0 141.0
133.0 142.0
133.0 145.0
133.0 149.0
133.0 150.0
133.0 152.0
133.0 154.0
133.0 158.0
133.0 162.0
133.0 163.0
133.0 167.0
133.0 170.0
133.0 174.0
133.0 182.0
133.0 183.0
133.0 185.0
133.0 186.0
133.0 187.0
133.0 194.0
133.0 195.0
133.0 197.0
134.0 101.0
134.0 111.0
134.0 113.0
134.0 116.0
134.0 122.0
134.0 127.0
134.0 136.0
134.0 140.0
134.0 148.0
134.0 153.0
134.0 157.0
134.0 162.0
134.0 168.0
134.0 169.0
134.0 171.0
134.0 173.0
134.0 176.0
134.0 177.0
134.0 184.0
134.0 188.0
134.0 189.0
134.0 190.0
134.0 191.0
134.0 199.0
134.0 200.0
135.0 133.0
135.0 141.0
135.0 143.0
135.0 144.0
135.0 145.0
135.0 146.0
135.0 150.0
135.0 152.0
135.0 154.0
135.0 158.0
135.0 161.0
135.0 162.0
135.0 163.0
135.0 164.0
135.0 167.0
135.0 174.0
135.0 179.0
135.0 182.0
135.0 183.0
135.0 185.0
135.0 186.0
135.0 187.0
135.0 194.0
135.0 195.0
135.0 197.0
136.0 101.0
136.0 112.0
136.0 113.0
136.0 114.0
136.0 116.0
136.0 122.0
136.0 128.0
136.0 134.0
136.0 139.0
136.0 148.0
136.0 153.0
136.0 164.0
136.0 166.0
136.0 168.0
136.0 169.0
136.0 171.0
136.0 172.0
136.0 176.0
136.0 177.0
136.0 178.0
136.0 189.0
136.0 190.0
136.0 198.0
136.0 199.0
136.0 200.0
137.0 103.0
137.0 104.0
137.0 105.0
137.0 106.0
137.0 107.0
137.0 109.0
137.0 110.0
137.0 114.0
137.0 118.0
137.0 122.0
137.0 130.0
137.0 131.0
137.0 138.0
137.0 139.0
137.0 140.0
137.0 147.0
137.0 155.0
137.0 159.0
137.0 165.0
137.0 175.0
137.0 180.0
137.0 181.0
137.0 192.0
137.0 193.0
137.0 196.0
138.0 103.0
138.0 104.0
138.0 106.0
138.0 108.0
138.0 109.0
138.0 110.0
138.0 121.0
138.0 125.0
138.0 130.0
138.0 131.0
138.0 132.0
138.0 137.0
138.0 139.0
138.0 140.0
138.0 145.0
138.0 147.0
138.0 151.0
138.0 155.0
138.0 175.0
138.0 180.0
138.0 181.0
138.0 192.0
138.0 193.0
138.0 196.0
138.0 199.0
139.0 103.0
139.0 104.0
139.0 106.0
139.0 107.0
139.0 109.0
139.0 110.0
139.0 118.0
139.0 121.0
139.0 123.0
139.0 130.0
139.0 132.0
139.0 136.0
139.0 137.0
139.0 138.0
139.0 147.0
139.0 151.0
139.0 159.0
139.0 161.0
139.0 165.0
139.0 180.0
139.0 181.0
139.0 184.0
139.0 192.0
139.0 193.0
139.0 196.0
140.0 104.0
140.0 106.0
140.0 107.0
140.0 110.0
140.0 118.0
140.0 121.0
140.0 123.0
140.0 125.0
140.0 130.0
140.0 131.0
140.0 132.0
140.0 133.0
140.0 134.0
140.0 137.0
140.0 138.0
140.0 147.0
140.0 151.0
140.0 155.0
140.0 159.0
140.0 161.0
140.0 175.0
140.0 180.0
140.0 181.0
140.0 192.0
140.0 193.0
140.0 196.0
141.0 115.0
141.0 119.0
141.0 124.0
141.0 128.0
141.0 133.0
141.0 135.0
141.0 142.0
141.0 144.0
141.0 145.0
141.0 146.0
141.0 149.0
141.0 150.0
141.0 152.0
141.0 154.0
141.0 160.0
141.0 167.0
141.0 170.0
141.0 174.0
141.0 179.0
141.0 182.0
141.0 183.0
141.0 185.0
141.0 186.0
141.0 187.0
141.0 195.0
141.0 197.0
142.0 119.0
142.0 124.0
142.0 129.0
142.0 133.0
142.0 141.0
142.0 144.0
142.0 145.0
142.0 146.0
142.0 149.0
142.0 152.0
142.0 158.0
142.0 162.0
142.0 163.0
142.0 167.0
142.0 170.0
142.0 174.0
142.0 179.0
142.0 182.0
142.0 183.0
142.0 185.0
142.0 186.0
142.0 187.0
142.0 192.0
142.0 194.0
142.0 195.0
142.0 197.0
143.0 119.0
143.0 124.0
143.0 129.0
143.0 132.0
143.0 135.0
143.0 144.0
143.0 145.0
143.0 149.0
143.0 150.0
143.0 154.0
143.0 158.0
143.0 160.0
143.0 162.0
143.0 163.0
143.0 167.0
143.0 170.0
143.0 173.0
143.0 179.0
143.0 182.0
143.0 183.0
143.0 185.0
143.0 186.0
143.0 187.0
143.0 194.0
143.0 195.0
143.0 197.0
144.0 115.0
144.0 124.0
144.0 129.0
144.0 135.0
144.0 141.0
144.0 142.0
144.0 143.0
144.0 146.0
144.0 149.0
144.0 150.0
144.0 154.0
144.0 158.0
144.0 160.0
144.0 162.0
144.0 163.0
144.0 167.0
144.0 170.0
144.0 174.0
144.0 175.0
144.0 179.0
144.0 182.0
144.0 183.0
144.0 185.0
144.0 194.0
144.0 195.0
144.0 197.0
145.0 124.0
145.0 126.0
145.0 129.0
145.0 133.0
145.0 135.0
145.0 138.0
145.0 141.0
145.0 142.0
145.0 143.0
145.0 146.0
145.0 149.0
145.0 150.0
145.0 154.0
145.0 160.0
145.0 167.0
145.0 170.0
145.0 174.0
145.0 179.0
145.0 182.0
145.0 183.0
145.0 185.0
145.0 186.0
145.0 187.0
145.0 194.0
145.0 195.0
145.0 197.0
146.0 124.0
146.0 129.0
146.0 135.0
146.0 141.0
146.0 142.0
146.0 144.0
146.0 145.0
146.0 149.0
146.0 150.0
146.0 152.0
146.0 158.0
146.0 160.0
146.0 163.0
146.0 167.0
146.0 170.0
146.0 174.0
146.0 179.0
146.0 181.0
146.0 182.0
146.0 183.0
146.0 185.0
146.0 186.0
146.0 187.0
146.0 194.0
146.0 195.0
146.0 197.0
147.0 103.0
147.0 105.0
147.0 106.0
147.0 108.0
147.0 109.0
147.0 118.0
147.0 121.0
147.0 123.0
147.0 125.0
147.0 130.0
147.0 131.0
147.0 132.0
147.0 137.0
147.0 138.0
147.0 139.0
147.0 140.0
147.0 151.0
147.0 154.0
147.0 155.0
147.0 159.0
147.0 175.0
147.0 179.0
147.0 180.0
147.0 181.0
147.0 192.0
147.0 193.0
147.0 196.0
148.0 113.0
148.0 114.0
148.0 116.0
148.0 117.0
148.0 119.0
148.0 120.0
148.0 126.0
148.0 127.0
148.0 128.0
148.0 134.0
148.0 136.0
148.0 153.0
148.0 157.0
148.0 168.0
148.0 169.0
148.0 171.0
148.0 172.0
148.0 176.0
148.0 177.0
148.0 178.0
148.0 188.0
148.0 189.0
148.0 190.0
148.0 191.0
148.0 198.0
148.0 199.0
148.0 200.0
149.0 115.0
149.0 119.0
149.0 129.0
149.0 133.0
149.0 141.0
149.0 142.0
149.0 143.0
149.0 144.0
149.0 145.0
149.0 146.0
149.0 150.0
149.0 154.0
149.0 157.0
149.0 158.0
149.0 162.0
149.0 163.0
149.0 167.0
149.0 174.0
149.0 179.0
149.0 182.0
149.0 183.0
149.0 185.0
149.0 186.0
149.0 187.0
149.0 194.0
149.0 195.0
149.0 197.0
150.0 104.0
150.0 115.0
150.0 119.0
150.0 133.0
150.0 135.0
150.0 141.0
150.0 143.0
150.0 144.0
150.0 145.0
150.0 146.0
150.0 149.0
150.0 152.0
150.0 154.0
150.0 158.0
150.0 160.0
150.0 162.0
150.0 163.0
150.0 174.0
150.0 179.0
150.0 182.0
150.0 183.0
150.0 185.0
150.0 186.0
150.0 187.0
150.0 194.0
150.0 195.0
150.0 197.0
151.0 103.0
151.0 105.0
151.0 106.0
151.0 107.0
151.0 108.0
151.0 109.0
151.0 110.0
151.0 121.0
151.0 123.0
151.0 125.0
151.0 130.0
151.0 131.0
151.0 132.0
151.0 138.0
151.0 139.0
151.0 140.0
151.0 147.0
151.0 155.0
151.0 161.0
151.0 165.0
151.0 175.0
151.0 180.0
151.0 181.0
151.0 192.0
151.0 193.0
151.0 196.0
151.0 198.0
152.0 111.0
152.0 115.0
152.0 119.0
152.0 129.0
152.0 133.0
152.0 135.0
152.0 141.0
152.0 142.0
152.0 146.0
152.0 150.0
152.0 158.0
152.0 160.0
152.0 162.0
152.0 163.0
152.0 167.0
152.0 170.0
152.0 174.0
152.0 179.0
152.0 182.0
152.0 183.0
152.0 185.0
152.0 186.0
152.0 187.0
152.0 189.0
152.0 194.0
152.0 195.0
152.0 197.0
153.0 111.0
153.0 112.0
153.0 113.0
153.0 114.0
153.0 117.0
153.0 118.0
153.0 120.0
153.0 126.0
153.0 127.0
153.0 134.0
153.0 136.0
153.0 148.0
153.0 156.0
153.0 157.0
153.0 164.0
153.0 166.0
153.0 169.0
153.0 172.0
153.0 173.0
153.0 176.0
153.0 177.0
153.0 188.0
153.0 189.0
153.0 190.0
153.0 198.0
153.0 199.0
153.0 200.0
154.0 115.0
154.0 119.0
154.0 124.0
154.0 129.0
154.0 133.0
154.0 135.0
154.0 141.0
154.0 143.0
154.0 144.0
154.0 145.0
154.0 147.0
154.0 149.0
154.0 150.0
154.0 160.0
154.0 162.0
154.0 163.0
154.0 167.0
154.0 170.0
154.0 179.0
154.0 182.0
154.0 183.0
154.0 185.0
154.0 186.0
154.0 187.0
154.0 194.0
154.0 195.0
154.0 197.0
155.0 104.0
155.0 106.0
155.0 107.0
155.0 108.0
155.0 109.0
155.0 110.0
155.0 118.0
155.0 121.0
155.0 123.0
155.0 125.0
155.0 131.0
155.0 132.0
155.0 137.0
155.0 138.0
155.0 140.0
155.0 147.0
155.0 151.0
155.0 159.0
155.0 165.0
155.0 175.0
155.0 178.0
155.0 180.0
155.0 181.0
155.0 186.0
155.0 192.0
155.0 193.0
155.0 196.0
156.0 102.0
156.0 112.0
156.0 113.0
156.0 114.0
156.0 115.0
156.0 116.0
156.0 117.0
156.0 120.0
156.0 127.0
156.0 128.0
156.0 153.0
156.0 157.0
156.0 164.0
156.0 166.0
156.0 168.0
156.0 169.0
156.0 171.0
156.0 173.0
156.0 176.0
156.0 177.0
156.0 184.0
156.0 188.0
156.0 189.0
156.0 191.0
156.0 198.0
156.0 199.0
156.0 200.0
157.0 102.0
157.0 112.0
157.0 117.0
157.0 122.0
157.0 126.0
157.0 127.0
157.0 128.0
157.0 134.0
157.0 148.0
157.0 149.0
157.0 153.0
157.0 156.0
157.0 164.0
157.0 169.0
157.0 171.0
157.0 173.0
157.0 176.0
157.0 177.0
157.0 178.0
157.0 184.0
157.0 188.0
157.0 189.0
157.0 190.0
157.0 191.0
157.0 198.0
157.0 199.0
157.0 200.0
158.0 115.0
158.0 117.0
158.0 119.0
158.0 124.0
158.0 133.0
158.0 135.0
158.0 142.0
158.0 143.0
158.0 144.0
158.0 146.0
158.0 149.0
158.0 150.0
158.0 152.0
158.0 160.0
158.0 162.0
158.0 163.0
158.0 165.0
158.0 167.0
158.0 170.0
158.0 179.0
158.0 182.0
158.0 183.0
158.0 186.0
158.0 187.0
158.0 194.0
158.0 195.0
158.0 197.0
159.0 103.0
159.0 104.0
159.0 105.0
159.0 107.0
159.0 108.0
159.0 109.0
159.0 110.0
159.0 121.0
159.0 123.0
159.0 125.0
159.0 126.0
159.0 130.0
159.0 131.0
159.0 132.0
159.0 137.0
159.0 139.0
159.0 140.0
159.0 147.0
159.0 155.0
159.0 161.0
159.0 165.0
159.0 175.0
159.0 179.0
159.0 180.0
159.0 181.0
159.0 192.0
159.0 193.0
159.0 196.0
160.0 115.0
160.0 119.0
160.0 124.0
160.0 129.0
160.0 141.0
160.0 143.0
160.0 144.0
160.0 145.0
160.0 146.0
160.0 150.0
160.0 152.0
160.0 154.0
160.0 158.0
160.0 162.0
160.0 163.0
160.0 167.0
160.0 168.0
160.0 170.0
160.0 174.0
160.0 179.0
160.0 182.0
160.0 183.0
160.0 185.0
160.0 186.0
160.0 187.0
160.0 194.0
160.0 195.0
160.0 197.0
161.0 103.0
161.0 104.0
161.0 105.0
161.0 106.0
161.0 107.0
161.0 108.0
161.0 109.0
161.0 110.0
161.0 118.0
161.0 121.0
161.0 123.0
161.0 125.0
161.0 130.0
161.0 131.0
161.0 132.0
161.0 135.0
161.0 139.0
161.0 140.0
161.0 151.0
161.0 159.0
161.0 163.0
161.0 165.0
161.0 175.0
161.0 180.0
161.0 181.0
161.0 192.0
161.0 193.0
161.0 196.0
162.0 115.0
162.0 119.0
162.0 124.0
162.0 129.0
162.0 133.0
162.0 134.0
162.0 135.0
162.0 142.0
162.0 143.0
162.0 144.0
162.0 149.0
162.0 150.0
162.0 152.0
162.0 154.0
162.0 158.0
162.0 160.0
162.0 170.0
162.0 174.0
162.0 179.0
162.0 182.0
162.0 183.0
162.0 185.0
162.0 186.0
162.0 187.0
162.0 194.0
162.0 195.0
162.0 196.0
162.0 197.0
163.0 101.0
163.0 115.0
163.0 119.0
163.0 124.0
163.0 129.0
163.0 133.0
163.0 135.0
163.0 142.0
163.0 143.0
163.0 144.0
163.0 146.0
163.0 149.0
163.0 150.0
163.0 152.0
163.0 154.0
163.0 158.0
163.0 160.0
163.0 161.0
163.0 167.0
163.0 170.0
163.0 179.0
163.0 182.0
163.0 183.0
163.0 185.0
163.0 187.0
163.0 194.0
163.0 195.0
163.0 197.0
164.0 101.0
164.0 102.0
164.0 112.0
164.0 114.0
164.0 120.0
164.0 122.0
164.0 126.0
164.0 127.0
164.0 128.0
164.0 135.0
164.0 136.0
164.0 153.0
164.0 156.0
164.0 157.0
164.0 166.0
164.0 168.0
164.0 169.0
164.0 171.0
164.0 172.0
164.0 176.0
164.0 178.0
164.0 184.0
164.0 188.0
164.0 189.0
164.0 191.0
164.0 198.0
164.0 199.0
164.0 200.0
165.0 103.0
165.0 104.0
165.0 105.0
165.0 107.0
165.0 108.0
165.0 109.0
165.0 110.0
165.0 118.0
165.0 121.0
165.0 123.0
165.0 125.0
165.0 130.0
165.0 131.0
165.0 132.0
165.0 137.0
165.0 139.0
165.0 151.0
165.0 155.0
165.0 158.0
165.0 159.0
165.0 161.0
165.0 175.0
165.0 177.0
165.0 180.0
165.0 181.0
165.0 192.0
165.0 193.0
165.0 196.0
166.0 101.0
166.0 102.0
166.0 111.0
166.0 112.0
166.0 116.0
166.0 122.0
166.0 126.0
166.0 127.0
166.0 128.0
166.0 136.0
166.0 153.0
166.0 156.0
166.0 164.0
166.0 168.0
166.0 169.0
166.0 171.0
166.0 173.0
166.0 177.0
166.0 178.0
166.0 184.0
166.0 186.0
166.0 188.0
166.0 189.0
166.0 190.0
166.0 191.0
166.0 198.0
166.0 199.0
166.0 200.0
167.0 115.0
167.0 123.0
167.0 124.0
167.0 128.0
167.0 133.0
167.0 135.0
167.0 141.0
167.0 142.0
167.0 143.0
167.0 144.0
167.0 145.0
167.0 146.0
167.0 149.0
167.0 152.0
167.0 154.0
167.0 158.0
167.0 160.0
167.0 163.0
167.0 170.0
167.0 174.0
167.0 179.0
167.0 182.0
167.0 183.0
167.0 185.0
167.0 186.0
167.0 187.0
167.0 194.0
167.0 195.0
167.0 197.0
168.0 102.0
168.0 111.0
168.0 113.0
168.0 114.0
168.0 117.0
168.0 120.0
168.0 126.0
168.0 127.0
168.0 134.0
168.0 136.0
168.0 148.0
168.0 156.0
168.0 160.0
168.0 164.0
168.0 166.0
168.0 171.0
168.0 172.0
168.0 173.0
168.0 176.0
168.0 177.0
168.0 178.0
168.0 182.0
168.0 184.0
168.0 188.0
168.0 189.0
168.0 190.0
168.0 191.0
168.0 199.0
168.0 200.0
169.0 111.0
169.0 113.0
169.0 116.0
169.0 117.0
169.0 122.0
169.0 126.0
169.0 127.0
169.0 134.0
169.0 136.0
169.0 148.0
169.0 153.0
169.0 156.0
169.0 157.0
169.0 164.0
169.0 166.0
169.0 171.0
169.0 172.0
169.0 173.0
169.0 176.0
169.0 178.0
169.0 182.0
169.0 184.0
169.0 188.0
169.0 189.0
169.0 190.0
169.0 191.0
169.0 198.0
169.0 199.0
169.0 200.0
170.0 115.0
170.0 119.0
170.0 120.0
170.0 124.0
170.0 133.0
170.0 141.0
170.0 142.0
170.0 143.0
170.0 144.0
170.0 145.0
170.0 146.0
170.0 152.0
170.0 154.0
170.0 158.0
170.0 160.0
170.0 162.0
170.0 163.0
170.0 167.0
170.0 172.0
170.0 174.0
170.0 179.0
170.0 182.0
170.0 183.0
170.0 185.0
170.0 186.0
170.0 187.0
170.0 194.0
170.0 195.0
170.0 197.0
171.0 101.0
171.0 112.0
171.0 113.0
171.0 116.0
171.0 120.0
171.0 122.0
171.0 126.0
171.0 128.0
171.0 134.0
171.0 136.0
171.0 148.0
171.0 156.0
171.0 157.0
171.0 164.0
171.0 166.0
171.0 168.0
171.0 169.0
171.0 172.0
171.0 173.0
171.0 174.0
171.0 176.0
171.0 177.0
171.0 184.0
171.0 188.0
171.0 189.0
171.0 190.0
171.0 191.0
171.0 198.0
171.0 199.0
172.0 101.0
172.0 102.0
172.0 111.0
172.0 113.0
172.0 117.0
172.0 120.0
172.0 122.0
172.0 126.0
172.0 127.0
172.0 128.0
172.0 136.0
172.0 148.0
172.0 153.0
172.0 164.0
172.0 168.0
172.0 169.0
172.0 170.0
172.0 171.0
172.0 173.0
172.0 176.0
172.0 177.0
172.0 184.0
172.0 188.0
172.0 189.0
172.0 190.0
172.0 191.0
172.0 198.0
172.0 199.0
172.0 200.0
173.0 101.0
173.0 102.0
173.0 111.0
173.0 112.0
173.0 113.0
173.0 116.0
173.0 120.0
173.0 126.0
173.0 127.0
173.0 128.0
173.0 134.0
173.0 143.0
173.0 153.0
173.0 156.0
173.0 157.0
173.0 166.0
173.0 168.0
173.0 169.0
173.0 171.0
173.0 172.0
173.0 177.0
173.0 178.0
173.0 184.0
173.0 188.0
173.0 189.0
173.0 191.0
173.0 198.0
173.0 199.0
173.0 200.0
174.0 115.0
174.0 119.0
174.0 120.0
174.0 124.0
174.0 129.0
174.0 133.0
174.0 135.0
174.0 141.0
174.0 142.0
174.0 144.0
174.0 145.0
174.0 146.0
174.0 149.0
174.0 150.0
174.0 152.0
174.0 160.0
174.0 162.0
174.0 167.0
174.0 170.0
174.0 171.0
174.0 179.0
174.0 182.0
174.0 183.0
174.0 185.0
174.0 186.0
174.0 187.0
174.0 194.0
174.0 195.0
174.0 197.0
175.0 103.0
175.0 104.0
175.0 105.0
175.0 106.0
175.0 107.0
175.0 108.0
175.0 109.0
175.0 110.0
175.0 118.0
175.0 121.0
175.0 123.0
175.0 125.0
175.0 130.0
175.0 131.0
175.0 132.0
175.0 137.0
175.0 138.0
175.0 140.0
175.0 144.0
175.0 147.0
175.0 151.0
175.0 155.0
175.0 159.0
175.0 161.0
175.0 165.0
175.0 180.0
175.0 192.0
175.0 193.0
175.0 196.0
176.0 101.0
176.0 102.0
176.0 110.0
176.0 111.0
176.0 112.0
176.0 114.0
176.0 120.0
176.0 122.0
176.0 126.0
176.0 127.0
176.0 134.0
176.0 136.0
176.0 148.0
176.0 153.0
176.0 156.0
176.0 157.0
176.0 164.0
176.0 168.0
176.0 169.0
176.0 171.0
176.0 172.0
176.0 177.0
176.0 178.0
176.0 184.0
176.0 188.0
176.0 189.0
176.0 190.0
176.0 191.0
176.0 198.0
176.0 200.0
177.0 101.0
177.0 102.0
177.0 111.0
177.0 112.0
177.0 113.0
177.0 114.0
177.0 116.0
177.0 117.0
177.0 120.0
177.0 122.0
177.0 126.0
177.0 134.0
177.0 136.0
177.0 148.0
177.0 153.0
177.0 156.0
177.0 157.0
177.0 165.0
177.0 166.0
177.0 168.0
177.0 171.0
177.0 172.0
177.0 173.0
177.0 176.0
177.0 178.0
177.0 189.0
177.0 191.0
177.0 198.0
177.0 199.0
177.0 200.0
178.0 101.0
178.0 102.0
178.0 111.0
178.0 112.0
178.0 113.0
178.0 114.0
178.0 116.0
178.0 117.0
178.0 120.0
178.0 122.0
178.0 128.0
178.0 130.0
178.0 136.0
178.0 148.0
178.0 155.0
178.0 157.0
178.0 164.0
178.0 166.0
178.0 168.0
178.0 169.0
178.0 173.0
178.0 176.0
178.0 177.0
178.0 188.0
178.0 189.0
178.0 190.0
178.0 191.0
178.0 198.0
178.0 199.0
178.0 200.0
179.0 115.0
179.0 119.0
179.0 124.0
179.0 129.0
179.0 135.0
179.0 141.0
179.0 142.0
179.0 143.0
179.0 144.0
179.0 145.0
179.0 146.0
179.0 147.0
179.0 149.0
179.0 150.0
179.0 152.0
179.0 154.0
179.0 158.0
179.0 159.0
179.0 160.0
179.0 162.0
179.0 163.0
179.0 167.0
179.0 170.0
179.0 174.0
179.0 183.0
179.0 185.0
179.0 186.0
179.0 194.0
179.0 195.0
179.0 197.0
180.0 103.0
180.0 104.0
180.0 105.0
180.0 106.0
180.0 107.0
180.0 108.0
180.0 109.0
180.0 110.0
180.0 112.0
180.0 118.0
180.0 121.0
180.0 123.0
180.0 125.0
180.0 130.0
180.0 132.0
180.0 137.0
180.0 138.0
180.0 139.0
180.0 140.0
180.0 147.0
180.0 151.0
180.0 155.0
180.0 159.0
180.0 161.0
180.0 165.0
180.0 175.0
180.0 181.0
180.0 192.0
180.0 193.0
180.0 196.0
181.0 103.0
181.0 104.0
181.0 105.0
181.0 106.0
181.0 108.0
181.0 109.0
181.0 110.0
181.0 118.0
181.0 121.0
181.0 123.0
181.0 125.0
181.0 130.0
181.0 131.0
181.0 132.0
181.0 137.0
181.0 138.0
181.0 139.0
181.0 140.0
181.0 146.0
181.0 147.0
181.0 151.0
181.0 155.0
181.0 159.0
181.0 161.0
181.0 165.0
181.0 180.0
181.0 192.0
181.0 193.0
181.0 194.0
181.0 196.0
182.0 115.0
182.0 119.0
182.0 129.0
182.0 133.0
182.0 135.0
182.0 141.0
182.0 142.0
182.0 143.0
182.0 144.0
182.0 145.0
182.0 146.0
182.0 149.0
182.0 150.0
182.0 152.0
182.0 154.0
182.0 158.0
182.0 160.0
182.0 162.0
182.0 163.0
182.0 167.0
182.0 168.0
182.0 169.0
182.0 170.0
182.0 174.0
182.0 185.0
182.0 186.0
182.0 187.0
182.0 194.0
182.0 195.0
182.0 197.0
183.0 105.0
183.0 115.0
183.0 119.0
183.0 124.0
183.0 129.0
183.0 133.0
183.0 135.0
183.0 141.0
183.0 142.0
183.0 143.0
183.0 144.0
183.0 145.0
183.0 146.0
183.0 149.0
183.0 150.0
183.0 152.0
183.0 154.0
183.0 158.0
183.0 160.0
183.0 162.0
183.0 163.0
183.0 167.0
183.0 170.0
183.0 174.0
183.0 179.0
183.0 185.0
183.0 186.0
183.0 187.0
183.0 194.0
183.0 195.0
183.0 197.0
184.0 101.0
184.0 102.0
184.0 113.0
184.0 114.0
184.0 116.0
184.0 117.0
184.0 120.0
184.0 122.0
184.0 126.0
184.0 127.0
184.0 128.0
184.0 134.0
184.0 139.0
184.0 156.0
184.0 157.0
184.0 164.0
184.0 166.0
184.0 168.0
184.0 169.0
184.0 171.0
184.0 172.0
184.0 173.0
184.0 176.0
184.0 187.0
184.0 188.0
184.0 189.0
184.0 190.0
184.0 191.0
184.0 198.0
184.0 199.0
184.0 200.0
185.0 109.0
185.0 115.0
185.0 119.0
185.0 124.0
185.0 129.0
185.0 133.0
185.0 135.0
185.0 141.0
185.0 142.0
185.0 143.0
185.0 144.0
185.0 145.0
185.0 146.0
185.0 149.0
185.0 150.0
185.0 152.0
185.0 154.0
185.0 160.0
185.0 162.0
185.0 163.0
185.0 167.0
185.0 170.0
185.0 174.0
185.0 179.0
185.0 182.0
185.0 183.0
185.0 186.0
185.0 187.0
185.0 194.0
185.0 195.0
185.0 197.0
186.0 115.0
186.0 119.0
186.0 124.0
186.0 129.0
186.0 133.0
186.0 135.0
186.0 141.0
186.0 142.0
186.0 143.0
186.0 145.0
186.0 146.0
186.0 149.0
186.0 150.0
186.0 152.0
186.0 154.0
186.0 155.0
186.0 158.0
186.0 160.0
186.0 162.0
186.0 166.0
186.0 167.0
186.0 170.0
186.0 174.0
186.0 179.0
186.0 182.0
186.0 183.0
186.0 185.0
186.0 187.0
186.0 194.0
186.0 195.0
186.0 197.0
187.0 115.0
187.0 119.0
187.0 121.0
187.0 124.0
187.0 129.0
187.0 133.0
187.0 135.0
187.0 141.0
187.0 142.0
187.0 143.0
187.0 145.0
187.0 146.0
187.0 149.0
187.0 150.0
187.0 152.0
187.0 154.0
187.0 158.0
187.0 160.0
187.0 162.0
187.0 163.0
187.0 167.0
187.0 170.0
187.0 174.0
187.0 182.0
187.0 183.0
187.0 184.0
187.0 185.0
187.0 186.0
187.0 194.0
187.0 195.0
187.0 197.0
188.0 101.0
188.0 102.0
188.0 111.0
188.0 112.0
188.0 114.0
188.0 116.0
188.0 117.0
188.0 122.0
188.0 127.0
188.0 128.0
188.0 134.0
188.0 148.0
188.0 153.0
188.0 156.0
188.0 157.0
188.0 164.0
188.0 166.0
188.0 168.0
188.0 169.0
188.0 171.0
188.0 172.0
188.0 173.0
188.0 176.0
188.0 178.0
188.0 184.0
188.0 190.0
188.0 191.0
188.0 192.0
188.0 193.0
188.0 198.0
188.0 199.0
189.0 101.0
189.0 111.0
189.0 112.0
189.0 120.0
189.0 122.0
189.0 126.0
189.0 127.0
189.0 128.0
189.0 134.0
189.0 136.0
189.0 148.0
189.0 152.0
189.0 153.0
189.0 156.0
189.0 157.0
189.0 164.0
189.0 166.0
189.0 168.0
189.0 169.0
189.0 171.0
189.0 172.0
189.0 173.0
189.0 176.0
189.0 177.0
189.0 178.0
189.0 184.0
189.0 190.0
189.0 191.0
189.0 198.0
189.0 199.0
189.0 200.0
190.0 101.0
190.0 105.0
190.0 111.0
190.0 112.0
190.0 113.0
190.0 114.0
190.0 116.0
190.0 117.0
190.0 120.0
190.0 127.0
190.0 128.0
190.0 134.0
190.0 136.0
190.0 148.0
190.0 153.0
190.0 157.0
190.0 166.0
190.0 168.0
190.0 169.0
190.0 171.0
190.0 172.0
190.0 176.0
190.0 178.0
190.0 184.0
190.0 188.0
190.0 189.0
190.0 191.0
190.0 196.0
190.0 198.0
190.0 199.0
190.0 200.0
191.0 101.0
191.0 111.0
191.0 112.0
191.0 113.0
191.0 114.0
191.0 116.0
191.0 120.0
191.0 126.0
191.0 127.0
191.0 128.0
191.0 134.0
191.0 148.0
191.0 156.0
191.0 157.0
191.0 164.0
191.0 166.0
191.0 168.0
191.0 169.0
191.0 171.0
191.0 172.0
191.0 173.0
191.0 176.0
191.0 177.0
191.0 178.0
191.0 184.0
191.0 188.0
191.0 189.0
191.0 190.0
191.0 193.0
191.0 199.0
191.0 200.0
192.0 103.0
192.0 104.0
192.0 105.0
192.0 106.0
192.0 108.0
192.0 109.0
192.0 110.0
192.0 118.0
192.0 121.0
192.0 123.0
192.0 125.0
192.0 130.0
192.0 131.0
192.0 132.0
192.0 137.0
192.0 138.0
192.0 139.0
192.0 140.0
192.0 142.0
192.0 147.0
192.0 151.0
192.0 155.0
192.0 159.0
192.0 161.0
192.0 165.0
192.0 175.0
192.0 180.0
192.0 181.0
192.0 188.0
192.0 193.0
192.0 196.0
193.0 103.0
193.0 104.0
193.0 105.0
193.0 106.0
193.0 107.0
193.0 108.0
193.0 109.0
193.0 110.0
193.0 118.0
193.0 121.0
193.0 123.0
193.0 125.0
193.0 131.0
193.0 132.0
193.0 137.0
193.0 138.0
193.0 139.0
193.0 140.0
193.0 147.0
193.0 151.0
193.0 155.0
193.0 159.0
193.0 161.0
193.0 165.0
193.0 175.0
193.0 180.0
193.0 181.0
193.0 188.0
193.0 191.0
193.0 192.0
193.0 196.0
194.0 107.0
194.0 115.0
194.0 119.0
194.0 124.0
194.0 129.0
194.0 133.0
194.0 135.0
194.0 142.0
194.0 143.0
194.0 144.0
194.0 145.0
194.0 146.0
194.0 149.0
194.0 150.0
194.0 152.0
194.0 154.0
194.0 158.0
194.0 160.0
194.0 162.0
194.0 163.0
194.0 167.0
194.0 170.0
194.0 174.0
194.0 179.0
194.0 181.0
194.0 182.0
194.0 183.0
194.0 185.0
194.0 186.0
194.0 187.0
194.0 195.0
194.0 197.0
195.0 113.0
195.0 115.0
195.0 119.0
195.0 124.0
195.0 129.0
195.0 133.0
195.0 135.0
195.0 141.0
195.0 142.0
195.0 143.0
195.0 144.0
195.0 145.0
195.0 146.0
195.0 149.0
195.0 150.0
195.0 152.0
195.0 154.0
195.0 158.0
195.0 160.0
195.0 162.0
195.0 163.0
195.0 167.0
195.0 170.0
195.0 174.0
195.0 179.0
195.0 182.0
195.0 183.0
195.0 185.0
195.0 186.0
195.0 187.0
195.0 194.0
195.0 197.0
196.0 103.0
196.0 104.0
196.0 105.0
196.0 106.0
196.0 107.0
196.0 108.0
196.0 109.0
196.0 110.0
196.0 118.0
196.0 121.0
196.0 123.0
196.0 125.0
196.0 130.0
196.0 131.0
196.0 132.0
196.0 137.0
196.0 138.0
196.0 139.0
196.0 140.0
196.0 147.0
196.0 151.0
196.0 155.0
196.0 159.0
196.0 161.0
196.0 162.0
196.0 165.0
196.0 175.0
196.0 180.0
196.0 181.0
196.0 190.0
196.0 192.0
196.0 193.0
197.0 106.0
197.0 115.0
197.0 119.0
197.0 124.0
197.0 129.0
197.0 133.0
197.0 135.0
197.0 141.0
197.0 142.0
197.0 143.0
197.0 144.0
197.0 145.0
197.0 146.0
197.0 149.0
197.0 150.0
197.0 152.0
197.0 154.0
197.0 158.0
197.0 160.0
197.0 162.0
197.0 163.0
197.0 167.0
197.0 170.0
197.0 174.0
197.0 179.0
197.0 182.0
197.0 183.0
197.0 185.0
197.0 186.0
197.0 187.0
197.0 194.0
197.0 195.0
198.0 101.0
198.0 102.0
198.0 111.0
198.0 112.0
198.0 113.0
198.0 114.0
198.0 116.0
198.0 117.0
198.0 120.0
198.0 122.0
198.0 126.0
198.0 128.0
198.0 136.0
198.0 148.0
198.0 151.0
198.0 153.0
198.0 156.0
198.0 157.0
198.0 164.0
198.0 166.0
198.0 169.0
198.0 171.0
198.0 172.0
198.0 173.0
198.0 176.0
198.0 177.0
198.0 178.0
198.0 184.0
198.0 188.0
198.0 189.0
198.0 190.0
198.0 199.0
199.0 102.0
199.0 103.0
199.0 112.0
199.0 113.0
199.0 114.0
199.0 116.0
199.0 126.0
199.0 127.0
199.0 128.0
199.0 134.0
199.0 136.0
199.0 138.0
199.0 148.0
199.0 153.0
199.0 156.0
199.0 157.0
199.0 164.0
199.0 166.0
199.0 168.0
199.0 169.0
199.0 171.0
199.0 172.0
199.0 173.0
199.0 177.0
199.0 178.0
199.0 184.0
199.0 188.0
199.0 189.0
199.0 190.0
199.0 191.0
199.0 198.0
199.0 200.0
200.0 101.0
200.0 102.0
200.0 111.0
200.0 113.0
200.0 114.0
200.0 116.0
200.0 117.0
200.0 120.0
200.0 122.0
200.0 127.0
200.0 128.0
200.0 131.0
200.0 134.0
200.0 136.0
200.0 148.0
200.0 153.0
200.0 156.0
200.0 157.0
200.0 164.0
200.0 166.0
200.0 168.0
200.0 169.0
200.0 172.0
200.0 173.0
200.0 176.0
200.0 177.0
200.0 178.0
200.0 184.0
200.0 189.0
200.0 190.0
200.0 191.0
200.0 199.0
1
1 2
43
44 119.0
63 162.0
94 179.0
70 163.0
86 124.0
79 133.0
50 141.0
54 115.0
24 187.0
67 194.0
31 159.0
23 132.0
37 139.0
55 192.0
75 147.0
4 103.0
81 151.0
8 131.0
51 123.0
73 171.0
99 116.0
84 190.0
17 184.0
77 112.0
71 101.0
68 189.0
91 148.0
12 164.0
72 188.0
64 153.0
37 190.0
31 148.0
81 124.0
75 115.0
94 116.0
86 147.0
63 159.0
63 101.0
54 131.0
71 179.0
68 179.0
99 115.0
67 190.0
3
15 19 24 29 33 35 41 42 43 44 45 46 49 50 52 54 58 60 62 63 67 70 74 79 82 83 85 86 87 94 95 97 115.0 119.0 124.0 129.0 133.0 135.0 141.0 142.0 143.0 144.0 145.0 146.0 149.0 150.0 152.0 154.0 158.0 160.0 162.0 163.0 167.0 170.0 174.0 179.0 182.0 183.0 185.0 186.0 187.0 194.0 195.0 197.0 
3 4 5 6 7 8 9 10 18 21 23 25 30 31 32 37 38 39 40 47 51 55 59 61 65 75 80 81 92 93 96 103.0 104.0 105.0 106.0 107.0 108.0 109.0 110.0 118.0 121.0 123.0 125.0 130.0 131.0 132.0 137.0 138.0 139.0 140.0 147.0 151.0 155.0 159.0 161.0 165.0 175.0 180.0 181.0 192.0 193.0 196.0 
1 2 11 12 13 14 16 17 20 22 26 27 28 34 36 48 53 56 57 64 66 68 69 71 72 73 76 77 78 84 88 89 90 91 98 99 100 101.0 102.0 111.0 112.0 113.0 114.0 116.0 117.0 120.0 122.0 126.0 127.0 128.0 134.0 136.0 148.0 153.0 156.0 157.0 164.0 166.0 168.0 169.0 171.0 172.0 173.0 176.0 177.0 178.0 184.0 188.0 189.0 190.0 191.0 198.0 199.0 200.0 
