2
1 2 3 4 5 6 7 8 9 10 11 12 13 14 15 16 17 18 19 20 21 22 23 24 25 26 27 28 29 30 31 32 33 34 35 36 37 38 39 40 41 42 43 44 45 46 47 48 49 50 51 52 53 54 55 56 57 58 59 60 61 62 63 64 65 66 67 68 69 70 71 72 73 74 75 76 77 78 79 80 81 82 83 84 85 86 87 88 89 90 91 92 93 94 95 96 97 98 99 100
1316
1 3
1 6
1 9
1 10
1 11
1 27
1 33
1 39
1 43
1 45
2 4
2 7
2 13
2 21
2 23
2 24
2 35
2 40
2 46
2 47
3 1
3 9
3 10
3 11
3 19
3 27
3 39
3 43
3 45
3 85
4 2
4 13
4 23
4 24
4 28
4 29
4 35
4 40
4 46
4 47
5 21
5 50
5 51
5 61
5 72
5 74
5 76
5 77
5 85
5 88
6 1
6 9
6 11
6 19
6 27
6 33
6 39
6 43
6 45
6 82
7 2
7 21
7 23
7 24
7 28
7 29
7 35
7 40
7 46
7 47
8 12
8 36
8 48
8 50
8 62
8 63
8 66
8 76
8 85
8 88
9 1
9 3
9 6
9 11
9 19
9 27
9 33
9 39
9 43
9 45
10 1
10 3
10 11
10 19
10 27
10 33
10 39
10 43
10 45
10 87
11 1
11 3
11 6
11 9
11 10
11 19
11 33
11 39
11 43
11 45
12 8
12 51
12 61
12 62
12 66
12 72
12 76
12 77
12 85
12 88
13 2
13 4
13 21
13 23
13 24
13 29
13 35
13 40
13 46
13 47
14 17
14 22
14 25
14 31
14 32
14 34
14 37
14 38
14 41
14 42
15 26
15 30
15 69
15 73
15 78
15 81
15 83
15 84
15 95
15 96
16 34
16 53
16 67
16 82
16 84
16 86
16 90
16 91
16 94
16 95
17 14
17 20
17 22
17 25
17 31
17 34
17 37
17 38
17 41
17 42
18 20
18 22
18 31
18 32
18 34
18 37
18 38
18 41
18 42
18 98
19 3
19 6
19 9
19 10
19 11
19 27
19 33
19 39
19 43
19 45
20 17
20 18
20 22
20 25
20 31
20 32
20 34
20 37
20 42
20 96
21 2
21 5
21 7
21 13
21 24
21 28
21 29
21 35
21 40
21 46
21 47
22 14
22 17
22 18
22 20
22 25
22 31
22 34
22 37
22 38
22 41
22 42
23 2
23 4
23 7
23 13
23 24
23 28
23 29
23 40
23 46
23 47
23 78
24 2
24 4
24 7
24 13
24 21
24 23
24 28
24 29
24 35
24 46
24 47
25 14
25 17
25 20
25 22
25 31
25 32
25 34
25 37
25 38
25 41
25 42
26 15
26 60
26 65
26 67
26 80
26 81
26 82
26 86
26 89
26 94
26 96
27 1
27 3
27 6
27 9
27 10
27 19
27 33
27 39
27 43
27 45
27 72
28 4
28 7
28 21
28 23
28 24
28 29
28 35
28 39
28 40
28 46
28 47
29 4
29 7
29 13
29 21
29 23
29 24
29 28
29 35
29 40
29 46
29 47
30 15
30 53
30 68
30 69
30 79
30 80
30 84
30 86
30 91
30 94
30 95
31 14
31 17
31 18
31 20
31 22
31 25
31 32
31 37
31 38
31 41
31 42
32 14
32 18
32 20
32 25
32 31
32 34
32 37
32 38
32 40
32 41
32 42
33 1
33 6
33 9
33 10
33 11
33 19
33 27
33 39
33 43
33 45
33 94
34 14
34 16
34 17
34 18
34 20
34 22
34 25
34 32
34 38
34 41
34 42
35 2
35 4
35 7
35 13
35 21
35 24
35 28
35 29
35 40
35 46
35 47
36 8
36 48
36 50
36 51
36 62
36 66
36 72
36 74
36 77
36 85
36 88
37 14
37 17
37 18
37 20
37 22
37 25
37 31
37 32
37 38
37 41
37 42
37 95
38 14
38 17
38 18
38 22
38 25
38 31
38 32
38 34
38 37
38 41
38 42
38 92
39 1
39 3
39 6
39 9
39 10
39 11
39 19
39 27
39 28
39 33
39 43
39 45
40 2
40 4
40 7
40 13
40 21
40 23
40 28
40 29
40 32
40 35
40 46
40 47
41 14
41 17
41 18
41 22
41 25
41 31
41 32
41 34
41 37
41 38
41 42
41 56
42 14
42 17
42 18
42 20
42 22
42 25
42 31
42 32
42 34
42 37
42 38
42 41
43 1
43 3
43 6
43 9
43 10
43 11
43 19
43 27
43 33
43 39
43 45
43 62
44 60
44 65
44 67
44 78
44 80
44 84
44 86
44 90
44 92
44 94
44 95
44 96
45 1
45 3
45 6
45 9
45 10
45 11
45 19
45 27
45 33
45 39
45 43
45 52
46 2
46 4
46 7
46 13
46 21
46 23
46 24
46 28
46 29
46 35
46 40
46 47
47 2
47 4
47 7
47 13
47 21
47 23
47 24
47 28
47 29
47 35
47 40
47 46
47 73
48 8
48 36
48 50
48 51
48 55
48 61
48 62
48 72
48 74
48 76
48 77
48 85
48 88
49 54
49 56
49 57
49 63
49 64
49 70
49 75
49 87
49 93
49 97
49 98
49 99
49 100
50 5
50 8
50 36
50 48
50 55
50 61
50 62
50 66
50 74
50 76
50 77
50 85
50 88
51 5
51 12
51 36
51 48
51 55
51 61
51 66
51 72
51 74
51 76
51 77
51 85
51 88
52 45
52 54
52 58
52 59
52 63
52 64
52 71
52 75
52 87
52 97
52 98
52 99
52 100
53 16
53 30
53 67
53 68
53 75
53 80
53 82
53 89
53 90
53 91
53 92
53 95
53 96
54 49
54 52
54 56
54 57
54 58
54 63
54 70
54 71
54 79
54 93
54 97
54 99
54 100
55 48
55 50
55 51
55 61
55 62
55 66
55 67
55 72
55 74
55 76
55 77
55 85
55 88
56 41
56 49
56 54
56 57
56 70
56 71
56 79
56 87
56 93
56 97
56 98
56 99
56 100
57 49
57 54
57 56
57 64
57 71
57 75
57 79
57 87
57 93
57 97
57 98
57 99
57 100
58 52
58 54
58 59
58 61
58 70
58 71
58 79
58 87
58 93
58 97
58 98
58 99
58 100
59 52
59 58
59 63
59 70
59 71
59 75
59 79
59 87
59 89
59 93
59 97
59 98
59 99
59 100
60 26
60 44
60 67
60 68
60 69
60 73
60 80
60 82
60 83
60 86
60 90
60 92
60 94
60 96
61 5
61 12
61 48
61 50
61 51
61 55
61 58
61 66
61 72
61 74
61 76
61 77
61 85
61 88
62 8
62 12
62 36
62 43
62 48
62 50
62 55
62 72
62 74
62 76
62 77
62 85
62 88
62 100
63 8
63 49
63 52
63 54
63 59
63 64
63 70
63 71
63 75
63 87
63 93
63 97
63 98
63 100
64 49
64 52
64 57
64 63
64 68
64 71
64 75
64 79
64 87
64 93
64 97
64 98
64 99
64 100
65 26
65 44
65 69
65 74
65 78
65 80
65 81
65 84
65 86
65 89
65 90
65 91
65 92
65 96
66 8
66 12
66 36
66 50
66 51
66 55
66 61
66 72
66 74
66 76
66 77
66 85
66 86
66 88
67 16
67 26
67 44
67 53
67 55
67 60
67 68
67 73
67 84
67 86
67 89
67 90
67 91
67 94
68 30
68 53
68 60
68 64
68 67
68 69
68 73
68 78
68 81
68 83
68 86
68 89
68 91
68 92
69 15
69 30
69 60
69 65
69 68
69 81
69 82
69 83
69 86
69 89
69 90
69 91
69 92
69 95
69 96
70 49
70 54
70 56
70 58
70 59
70 63
70 71
70 75
70 79
70 87
70 90
70 93
70 97
70 98
70 99
71 52
71 54
71 56
71 57
71 58
71 59
71 63
71 64
71 70
71 79
71 93
71 97
71 98
71 99
71 100
72 5
72 12
72 27
72 36
72 48
72 51
72 55
72 61
72 62
72 66
72 74
72 76
72 77
72 85
72 88
73 15
73 47
73 60
73 67
73 68
73 78
73 80
73 81
73 83
73 84
73 89
73 90
73 92
73 95
73 96
74 5
74 36
74 48
74 50
74 51
74 55
74 61
74 62
74 65
74 66
74 72
74 76
74 77
74 85
74 88
75 49
75 52
75 53
75 57
75 59
75 63
75 64
75 70
75 79
75 87
75 93
75 97
75 98
75 99
75 100
76 5
76 8
76 12
76 48
76 50
76 51
76 55
76 61
76 62
76 66
76 72
76 74
76 77
76 85
76 88
77 5
77 12
77 36
77 48
77 50
77 51
77 55
77 61
77 62
77 66
77 72
77 74
77 76
77 85
77 88
78 15
78 23
78 44
78 65
78 68
78 73
78 80
78 82
78 83
78 84
78 86
78 89
78 90
78 91
78 94
78 96
79 30
79 54
79 56
79 57
79 58
79 59
79 64
79 70
79 71
79 75
79 87
79 93
79 97
79 98
79 99
79 100
80 26
80 30
80 44
80 53
80 60
80 65
80 73
80 78
80 81
80 82
80 83
80 86
80 89
80 92
80 94
80 96
81 15
81 26
81 65
81 68
81 69
81 73
81 80
81 82
81 83
81 86
81 90
81 91
81 92
81 94
81 95
81 99
82 6
82 16
82 26
82 53
82 60
82 69
82 78
82 80
82 81
82 83
82 84
82 89
82 91
82 92
82 95
82 96
83 15
83 60
83 68
83 69
83 73
83 78
83 80
83 81
83 82
83 84
83 86
83 89
83 91
83 94
83 95
83 96
84 15
84 16
84 30
84 44
84 65
84 67
84 73
84 78
84 82
84 83
84 88
84 89
84 90
84 91
84 94
84 95
85 3
85 5
85 8
85 12
85 36
85 48
85 50
85 51
85 55
85 61
85 62
85 66
85 72
85 74
85 76
85 77
85 88
86 16
86 26
86 30
86 44
86 60
86 65
86 66
86 67
86 68
86 69
86 78
86 80
86 81
86 83
86 92
86 94
86 95
87 10
87 49
87 52
87 56
87 57
87 58
87 59
87 63
87 64
87 70
87 75
87 79
87 93
87 97
87 98
87 99
87 100
88 5
88 8
88 12
88 36
88 48
88 50
88 51
88 55
88 61
88 62
88 66
88 72
88 74
88 76
88 77
88 84
88 85
89 26
89 53
89 59
89 65
89 67
89 68
89 69
89 73
89 78
89 80
89 82
89 83
89 84
89 91
89 92
89 94
89 96
90 16
90 44
90 53
90 60
90 65
90 67
90 69
90 70
90 73
90 78
90 81
90 84
90 91
90 92
90 94
90 95
90 96
91 16
91 30
91 53
91 65
91 67
91 68
91 69
91 78
91 81
91 82
91 83
91 84
91 89
91 90
91 94
91 95
91 96
92 38
92 44
92 53
92 60
92 65
92 68
92 69
92 73
92 80
92 81
92 82
92 86
92 89
92 90
92 94
92 95
92 96
93 49
93 54
93 56
93 57
93 58
93 59
93 63
93 64
93 70
93 71
93 75
93 79
93 87
93 97
93 98
93 99
93 100
94 16
94 26
94 30
94 33
94 44
94 60
94 67
94 78
94 80
94 81
94 83
94 84
94 86
94 89
94 90
94 91
94 92
95 15
95 16
95 30
95 37
95 44
95 53
95 69
95 73
95 81
95 82
95 83
95 84
95 86
95 90
95 91
95 92
95 96
96 15
96 20
96 26
96 44
96 53
96 60
96 65
96 69
96 73
96 78
96 80
96 82
96 83
96 89
96 90
96 91
96 92
96 95
97 49
97 52
97 54
97 56
97 57
97 58
97 59
97 63
97 64
97 70
97 71
97 75
97 79
97 87
97 93
97 98
97 99
97 100
98 18
98 49
98 52
98 56
98 57
98 58
98 59
98 63
98 64
98 70
98 71
98 75
98 79
98 87
98 93
98 97
98 99
98 100
99 49
99 52
99 54
99 56
99 57
99 58
99 59
99 64
99 70
99 71
99 75
99 79
99 81
99 87
99 93
99 97
99 98
99 100
100 49
100 52
100 54
100 56
100 57
100 58
100 59
100 62
100 63
100 64
100 71
100 75
100 79
100 87
100 93
100 97
100 98
100 99
101.0 102.0 103.0 104.0 105.0 106.0 107.0 108.0 109.0 110.0 111.0 112.0 113.0 114.0 115.0 116.0 117.0 118.0 119.0 120.0 121.0 122.0 123.0 124.0 125.0 126.0 127.0 128.0 129.0 130.0 131.0 132.0 133.0 134.0 135.0 136.0 137.0 138.0 139.0 140.0 141.0 142.0 143.0 144.0 145.0 146.0 147.0 148.0 149.0 150.0 151.0 152.0 153.0 154.0 155.0 156.0 157.0 158.0 159.0 160.0 161.0 162.0 163.0 164.0 165.0 166.0 167.0 168.0 169.0 170.0 171.0 172.0 173.0 174.0 175.0 176.0 177.0 178.0 179.0 180.0 181.0 182.0 183.0 184.0 185.0 186.0 187.0 188.0 189.0 190.0 191.0 192.0 193.0 194.0 195.0 196.0 197.0 198.0 199.0 200.0
1316
101.0 103.0
101.0 106.0
101.0 109.0
101.0 110.0
101.0 111.0
101.0 127.0
101.0 133.0
101.0 139.0
101.0 143.0
101.0 145.0
102.0 104.0
102.0 107.0
102.0 113.0
102.0 121.0
102.0 123.0
102.0 124.0
102.0 135.0
102.0 140.0
102.0 146.0
102.0 147.0
103.0 101.0
103.0 109.0
103.0 110.0
103.0 111.0
103.0 119.0
103.0 127.0
103.0 139.0
103.0 143.0
103.0 145.0
103.0 185.0
104.0 102.0
104.0 113.0
104.0 123.0
104.0 124.0
104.0 128.0
104.0 129.0
104.0 135.0
104.0 140.0
104.0 146.0
104.0 147.0
105.0 121.0
105.0 150.0
105.0 151.0
105.0 161.0
105.0 172.0
105.0 174.0
105.0 176.0
105.0 177.0
105.0 185.0
105.0 188.0
106.0 101.0
106.0 109.0
106.0 111.0
106.0 119.0
106.0 127.0
106.0 133.0
106.0 139.0
106.0 143.0
106.0 145.0
106.0 182.0
107.0 102.0
107.0 121.0
107.0 123.0
107.0 124.0
107.0 128.0
107.0 129.0
107.0 135.0
107.0 140.0
107.0 146.0
107.0 147.0
108.0 112.0
108.0 136.0
108.0 148.0
108.0 150.0
108.0 162.0
108.0 163.0
108.0 166.0
108.0 176.0
108.0 185.0
108.0 188.0
109.0 101.0
109.0 103.0
109.0 106.0
109.0 111.0
109.0 119.0
109.0 127.0
109.0 133.0
109.0 139.0
109.0 143.0
109.0 145.0
110.0 101.0
110.0 103.0
110.0 111.0
110.0 119.0
110.0 127.0
110.0 133.0
110.0 139.0
110.0 143.0
110.0 145.0
110.0 187.0
111.0 101.0
111.0 103.0
111.0 106.0
111.0 109.0
111.0 110.0
111.0 119.0
111.0 133.0
111.0 139.0
111.0 143.0
111.0 145.0
112.0 108.0
112.0 151.0
112.0 161.0
112.0 162.0
112.0 166.0
112.0 172.0
112.0 176.0
112.0 177.0
112.0 185.0
112.0 188.0
113.0 102.0
113.0 104.0
113.0 121.0
113.0 123.0
113.0 124.0
113.0 129.0
113.0 135.0
113.0 140.0
113.0 146.0
113.0 147.0
114.0 117.0
114.0 122.0
114.0 125.0
114.0 131.0
114.0 132.0
114.0 134.0
114.0 137.0
114.0 138.0
114.0 141.0
114.0 142.0
115.0 126.0
115.0 130.0
115.0 169.0
115.0 173.0
115.0 178.0
115.0 181.0
115.0 183.0
115.0 184.0
115.0 195.0
115.0 196.0
116.0 134.0
116.0 153.0
116.0 167.0
116.0 182.0
116.0 184.0
116.0 186.0
116.0 190.0
116.0 191.0
116.0 194.0
116.0 195.0
117.0 114.0
117.0 120.0
117.0 122.0
117.0 125.0
117.0 131.0
117.0 134.0
117.0 137.0
117.0 138.0
117.0 141.0
117.0 142.0
118.0 120.0
118.0 122.0
118.0 131.0
118.0 132.0
118.0 134.0
118.0 137.0
118.0 138.0
118.0 141.0
118.0 142.0
118.0 198.0
119.0 103.0
119.0 106.0
119.0 109.0
119.0 110.0
119.0 111.0
119.0 127.0
119.0 133.0
119.0 139.0
119.0 143.0
119.0 145.0
120.0 117.0
120.0 118.0
120.0 122.0
120.0 125.0
120.0 131.0
120.0 132.0
120.0 134.0
120.0 137.0
120.0 142.0
120.0 196.0
121.0 102.0
121.0 105.0
121.0 107.0
121.0 113.0
121.0 124.0
121.0 128.0
121.0 129.0
121.0 135.0
121.0 140.0
121.0 146.0
121.0 147.0
122.0 114.0
122.0 117.0
122.0 118.0
122.0 120.0
122.0 125.0
122.0 131.0
122.0 134.0
122.0 137.0
122.0 138.0
122.0 141.0
122.0 142.0
123.0 102.0
123.0 104.0
123.0 107.0
123.0 113.0
123.0 124.0
123.0 128.0
123.0 129.0
123.0 140.0
123.0 146.0
123.0 147.0
123.0 178.0
124.0 102.0
124.0 104.0
124.0 107.0
124.0 113.0
124.0 121.0
124.0 123.0
124.0 128.0
124.0 129.0
124.0 135.0
124.0 146.0
124.0 147.0
125.0 114.0
125.0 117.0
125.0 120.0
125.0 122.0
125.0 131.0
125.0 132.0
125.0 134.0
125.0 137.0
125.0 138.0
125.0 141.0
125.0 142.0
126.0 115.0
126.0 160.0
126.0 165.0
126.0 167.0
126.0 180.0
126.0 181.0
126.0 182.0
126.0 186.0
126.0 189.0
126.0 194.0
126.0 196.0
127.0 101.0
127.0 103.0
127.0 106.0
127.0 109.0
127.0 110.0
127.0 119.0
127.0 133.0
127.0 139.0
127.0 143.0
127.0 145.0
127.0 172.0
128.0 104.0
128.0 107.0
128.0 121.0
128.0 123.0
128.0 124.0
128.0 129.0
128.0 135.0
128.0 139.0
128.0 140.0
128.0 146.0
128.0 147.0
129.0 104.0
129.0 107.0
129.0 113.0
129.0 121.0
129.0 123.0
129.0 124.0
129.0 128.0
129.0 135.0
129.0 140.0
129.0 146.0
129.0 147.0
130.0 115.0
130.0 153.0
130.0 168.0
130.0 169.0
130.0 179.0
130.0 180.0
130.0 184.0
130.0 186.0
130.0 191.0
130.0 194.0
130.0 195.0
131.0 114.0
131.0 117.0
131.0 118.0
131.0 120.0
131.0 122.0
131.0 125.0
131.0 132.0
131.0 137.0
131.0 138.0
131.0 141.0
131.0 142.0
132.0 114.0
132.0 118.0
132.0 120.0
132.0 125.0
132.0 131.0
132.0 134.0
132.0 137.0
132.0 138.0
132.0 140.0
132.0 141.0
132.0 142.0
133.0 101.0
133.0 106.0
133.0 109.0
133.0 110.0
133.0 111.0
133.0 119.0
133.0 127.0
133.0 139.0
133.0 143.0
133.0 145.0
133.0 194.0
134.0 114.0
134.0 116.0
134.0 117.0
134.0 118.0
134.0 120.0
134.0 122.0
134.0 125.0
134.0 132.0
134.0 138.0
134.0 141.0
134.0 142.0
135.0 102.0
135.0 104.0
135.0 107.0
135.0 113.0
135.0 121.0
135.0 124.0
135.0 128.0
135.0 129.0
135.0 140.0
135.0 146.0
135.0 147.0
136.0 108.0
136.0 148.0
136.0 150.0
136.0 151.0
136.0 162.0
136.0 166.0
136.0 172.0
136.0 174.0
136.0 177.0
136.0 185.0
136.0 188.0
137.0 114.0
137.0 117.0
137.0 118.0
137.0 120.0
137.0 122.0
137.0 125.0
137.0 131.0
137.0 132.0
137.0 138.0
137.0 141.0
137.0 142.0
137.0 195.0
138.0 114.0
138.0 117.0
138.0 118.0
138.0 122.0
138.0 125.0
138.0 131.0
138.0 132.0
138.0 134.0
138.0 137.0
138.0 141.0
138.0 142.0
138.0 192.0
139.0 101.0
139.0 103.0
139.0 106.0
139.0 109.0
139.0 110.0
139.0 111.0
139.0 119.0
139.0 127.0
139.0 128.0
139.0 133.0
139.0 143.0
139.0 145.0
140.0 102.0
140.0 104.0
140.0 107.0
140.0 113.0
140.0 121.0
140.0 123.0
140.0 128.0
140.0 129.0
140.0 132.0
140.0 135.0
140.0 146.0
140.0 147.0
141.0 114.0
141.0 117.0
141.0 118.0
141.0 122.0
141.0 125.0
141.0 131.0
141.0 132.0
141.0 134.0
141.0 137.0
141.0 138.0
141.0 142.0
141.0 156.0
142.0 114.0
142.0 117.0
142.0 118.0
142.0 120.0
142.0 122.0
142.0 125.0
142.0 131.0
142.0 132.0
142.0 134.0
142.0 137.0
142.0 138.0
142.0 141.0
143.0 101.0
143.0 103.0
143.0 106.0
143.0 109.0
143.0 110.0
143.0 111.0
143.0 119.0
143.0 127.0
143.0 133.0
143.0 139.0
143.0 145.0
143.0 162.0
144.0 160.0
144.0 165.0
144.0 167.0
144.0 178.0
144.0 180.0
144.0 184.0
144.0 186.0
144.0 190.0
144.0 192.0
144.0 194.0
144.0 195.0
144.0 196.0
145.0 101.0
145.0 103.0
145.0 106.0
145.0 109.0
145.0 110.0
145.0 111.0
145.0 119.0
145.0 127.0
145.0 133.0
145.0 139.0
145.0 143.0
145.0 152.0
146.0 102.0
146.0 104.0
146.0 107.0
146.0 113.0
146.0 121.0
146.0 123.0
146.0 124.0
146.0 128.0
146.0 129.0
146.0 135.0
146.0 140.0
146.0 147.0
147.0 102.0
147.0 104.0
147.0 107.0
147.0 113.0
147.0 121.0
147.0 123.0
147.0 124.0
147.0 128.0
147.0 129.0
147.0 135.0
147.0 140.0
147.0 146.0
147.0 173.0
148.0 108.0
148.0 136.0
148.0 150.0
148.0 151.0
148.0 155.0
148.0 161.0
148.0 162.0
148.0 172.0
148.0 174.0
148.0 176.0
148.0 177.0
148.0 185.0
148.0 188.0
149.0 154.0
149.0 156.0
149.0 157.0
149.0 163.0
149.0 164.0
149.0 170.0
149.0 175.0
149.0 187.0
149.0 193.0
149.0 197.0
149.0 198.0
149.0 199.0
149.0 200.0
150.0 105.0
150.0 108.0
150.0 136.0
150.0 148.0
150.0 155.0
150.0 161.0
150.0 162.0
150.0 166.0
150.0 174.0
150.0 176.0
150.0 177.0
150.0 185.0
150.0 188.0
151.0 105.0
151.0 112.0
151.0 136.0
151.0 148.0
151.0 155.0
151.0 161.0
151.0 166.0
151.0 172.0
151.0 174.0
151.0 176.0
151.0 177.0
151.0 185.0
151.0 188.0
152.0 145.0
152.0 154.0
152.0 158.0
152.0 159.0
152.0 163.0
152.0 164.0
152.0 171.0
152.0 175.0
152.0 187.0
152.0 197.0
152.0 198.0
152.0 199.0
152.0 200.0
153.0 116.0
153.0 130.0
153.0 167.0
153.0 168.0
153.0 175.0
153.0 180.0
153.0 182.0
153.0 189.0
153.0 190.0
153.0 191.0
153.0 192.0
153.0 195.0
153.0 196.0
154.0 149.0
154.0 152.0
154.0 156.0
154.0 157.0
154.0 158.0
154.0 163.0
154.0 170.0
154.0 171.0
154.0 179.0
154.0 193.0
154.0 197.0
154.0 199.0
154.0 200.0
155.0 148.0
155.0 150.0
155.0 151.0
155.0 161.0
155.0 162.0
155.0 166.0
155.0 167.0
155.0 172.0
155.0 174.0
155.0 176.0
155.0 177.0
155.0 185.0
155.0 188.0
156.0 141.0
156.0 149.0
156.0 154.0
156.0 157.0
156.0 170.0
156.0 171.0
156.0 179.0
156.0 187.0
156.0 193.0
156.0 197.0
156.0 198.0
156.0 199.0
156.0 200.0
157.0 149.0
157.0 154.0
157.0 156.0
157.0 164.0
157.0 171.0
157.0 175.0
157.0 179.0
157.0 187.0
157.0 193.0
157.0 197.0
157.0 198.0
157.0 199.0
157.0 200.0
158.0 152.0
158.0 154.0
158.0 159.0
158.0 161.0
158.0 170.0
158.0 171.0
158.0 179.0
158.0 187.0
158.0 193.0
158.0 197.0
158.0 198.0
158.0 199.0
158.0 200.0
159.0 152.0
159.0 158.0
159.0 163.0
159.0 170.0
159.0 171.0
159.0 175.0
159.0 179.0
159.0 187.0
159.0 189.0
159.0 193.0
159.0 197.0
159.0 198.0
159.0 199.0
159.0 200.0
160.0 126.0
160.0 144.0
160.0 167.0
160.0 168.0
160.0 169.0
160.0 173.0
160.0 180.0
160.0 182.0
160.0 183.0
160.0 186.0
160.0 190.0
160.0 192.0
160.0 194.0
160.0 196.0
161.0 105.0
161.0 112.0
161.0 148.0
161.0 150.0
161.0 151.0
161.0 155.0
161.0 158.0
161.0 166.0
161.0 172.0
161.0 174.0
161.0 176.0
161.0 177.0
161.0 185.0
161.0 188.0
162.0 108.0
162.0 112.0
162.0 136.0
162.0 143.0
162.0 148.0
162.0 150.0
162.0 155.0
162.0 172.0
162.0 174.0
162.0 176.0
162.0 177.0
162.0 185.0
162.0 188.0
162.0 200.0
163.0 108.0
163.0 149.0
163.0 152.0
163.0 154.0
163.0 159.0
163.0 164.0
163.0 170.0
163.0 171.0
163.0 175.0
163.0 187.0
163.0 193.0
163.0 197.0
163.0 198.0
163.0 200.0
164.0 149.0
164.0 152.0
164.0 157.0
164.0 163.0
164.0 168.0
164.0 171.0
164.0 175.0
164.0 179.0
164.0 187.0
164.0 193.0
164.0 197.0
164.0 198.0
164.0 199.0
164.0 200.0
165.0 126.0
165.0 144.0
165.0 169.0
165.0 174.0
165.0 178.0
165.0 180.0
165.0 181.0
165.0 184.0
165.0 186.0
165.0 189.0
165.0 190.0
165.0 191.0
165.0 192.0
165.0 196.0
166.0 108.0
166.0 112.0
166.0 136.0
166.0 150.0
166.0 151.0
166.0 155.0
166.0 161.0
166.0 172.0
166.0 174.0
166.0 176.0
166.0 177.0
166.0 185.0
166.0 186.0
166.0 188.0
167.0 116.0
167.0 126.0
167.0 144.0
167.0 153.0
167.0 155.0
167.0 160.0
167.0 168.0
167.0 173.0
167.0 184.0
167.0 186.0
167.0 189.0
167.0 190.0
167.0 191.0
167.0 194.0
168.0 130.0
168.0 153.0
168.0 160.0
168.0 164.0
168.0 167.0
168.0 169.0
168.0 173.0
168.0 178.0
168.0 181.0
168.0 183.0
168.0 186.0
168.0 189.0
168.0 191.0
168.0 192.0
169.0 115.0
169.0 130.0
169.0 160.0
169.0 165.0
169.0 168.0
169.0 181.0
169.0 182.0
169.0 183.0
169.0 186.0
169.0 189.0
169.0 190.0
169.0 191.0
169.0 192.0
169.0 195.0
169.0 196.0
170.0 149.0
170.0 154.0
170.0 156.0
170.0 158.0
170.0 159.0
170.0 163.0
170.0 171.0
170.0 175.0
170.0 179.0
170.0 187.0
170.0 190.0
170.0 193.0
170.0 197.0
170.0 198.0
170.0 199.0
171.0 152.0
171.0 154.0
171.0 156.0
171.0 157.0
171.0 158.0
171.0 159.0
171.0 163.0
171.0 164.0
171.0 170.0
171.0 179.0
171.0 193.0
171.0 197.0
171.0 198.0
171.0 199.0
171.0 200.0
172.0 105.0
172.0 112.0
172.0 127.0
172.0 136.0
172.0 148.0
172.0 151.0
172.0 155.0
172.0 161.0
172.0 162.0
172.0 166.0
172.0 174.0
172.0 176.0
172.0 177.0
172.0 185.0
172.0 188.0
173.0 115.0
173.0 147.0
173.0 160.0
173.0 167.0
173.0 168.0
173.0 178.0
173.0 180.0
173.0 181.0
173.0 183.0
173.0 184.0
173.0 189.0
173.0 190.0
173.0 192.0
173.0 195.0
173.0 196.0
174.0 105.0
174.0 136.0
174.0 148.0
174.0 150.0
174.0 151.0
174.0 155.0
174.0 161.0
174.0 162.0
174.0 165.0
174.0 166.0
174.0 172.0
174.0 176.0
174.0 177.0
174.0 185.0
174.0 188.0
175.0 149.0
175.0 152.0
175.0 153.0
175.0 157.0
175.0 159.0
175.0 163.0
175.0 164.0
175.0 170.0
175.0 179.0
175.0 187.0
175.0 193.0
175.0 197.0
175.0 198.0
175.0 199.0
175.0 200.0
176.0 105.0
176.0 108.0
176.0 112.0
176.0 148.0
176.0 150.0
176.0 151.0
176.0 155.0
176.0 161.0
176.0 162.0
176.0 166.0
176.0 172.0
176.0 174.0
176.0 177.0
176.0 185.0
176.0 188.0
177.0 105.0
177.0 112.0
177.0 136.0
177.0 148.0
177.0 150.0
177.0 151.0
177.0 155.0
177.0 161.0
177.0 162.0
177.0 166.0
177.0 172.0
177.0 174.0
177.0 176.0
177.0 185.0
177.0 188.0
178.0 115.0
178.0 123.0
178.0 144.0
178.0 165.0
178.0 168.0
178.0 173.0
178.0 180.0
178.0 182.0
178.0 183.0
178.0 184.0
178.0 186.0
178.0 189.0
178.0 190.0
178.0 191.0
178.0 194.0
178.0 196.0
179.0 130.0
179.0 154.0
179.0 156.0
179.0 157.0
179.0 158.0
179.0 159.0
179.0 164.0
179.0 170.0
179.0 171.0
179.0 175.0
179.0 187.0
179.0 193.0
179.0 197.0
179.0 198.0
179.0 199.0
179.0 200.0
180.0 126.0
180.0 130.0
180.0 144.0
180.0 153.0
180.0 160.0
180.0 165.0
180.0 173.0
180.0 178.0
180.0 181.0
180.0 182.0
180.0 183.0
180.0 186.0
180.0 189.0
180.0 192.0
180.0 194.0
180.0 196.0
181.0 115.0
181.0 126.0
181.0 165.0
181.0 168.0
181.0 169.0
181.0 173.0
181.0 180.0
181.0 182.0
181.0 183.0
181.0 186.0
181.0 190.0
181.0 191.0
181.0 192.0
181.0 194.0
181.0 195.0
181.0 199.0
182.0 106.0
182.0 116.0
182.0 126.0
182.0 153.0
182.0 160.0
182.0 169.0
182.0 178.0
182.0 180.0
182.0 181.0
182.0 183.0
182.0 184.0
182.0 189.0
182.0 191.0
182.0 192.0
182.0 195.0
182.0 196.0
183.0 115.0
183.0 160.0
183.0 168.0
183.0 169.0
183.0 173.0
183.0 178.0
183.0 180.0
183.0 181.0
183.0 182.0
183.0 184.0
183.0 186.0
183.0 189.0
183.0 191.0
183.0 194.0
183.0 195.0
183.0 196.0
184.0 115.0
184.0 116.0
184.0 130.0
184.0 144.0
184.0 165.0
184.0 167.0
184.0 173.0
184.0 178.0
184.0 182.0
184.0 183.0
184.0 188.0
184.0 189.0
184.0 190.0
184.0 191.0
184.0 194.0
184.0 195.0
185.0 103.0
185.0 105.0
185.0 108.0
185.0 112.0
185.0 136.0
185.0 148.0
185.0 150.0
185.0 151.0
185.0 155.0
185.0 161.0
185.0 162.0
185.0 166.0
185.0 172.0
185.0 174.0
185.0 176.0
185.0 177.0
185.0 188.0
186.0 116.0
186.0 126.0
186.0 130.0
186.0 144.0
186.0 160.0
186.0 165.0
186.0 166.0
186.0 167.0
186.0 168.0
186.0 169.0
186.0 178.0
186.0 180.0
186.0 181.0
186.0 183.0
186.0 192.0
186.0 194.0
186.0 195.0
187.0 110.0
187.0 149.0
187.0 152.0
187.0 156.0
187.0 157.0
187.0 158.0
187.0 159.0
187.0 163.0
187.0 164.0
187.0 170.0
187.0 175.0
187.0 179.0
187.0 193.0
187.0 197.0
187.0 198.0
187.0 199.0
187.0 200.0
188.0 105.0
188.0 108.0
188.0 112.0
188.0 136.0
188.0 148.0
188.0 150.0
188.0 151.0
188.0 155.0
188.0 161.0
188.0 162.0
188.0 166.0
188.0 172.0
188.0 174.0
188.0 176.0
188.0 177.0
188.0 184.0
188.0 185.0
189.0 126.0
189.0 153.0
189.0 159.0
189.0 165.0
189.0 167.0
189.0 168.0
189.0 169.0
189.0 173.0
189.0 178.0
189.0 180.0
189.0 182.0
189.0 183.0
189.0 184.0
189.0 191.0
189.0 192.0
189.0 194.0
189.0 196.0
190.0 116.0
190.0 144.0
190.0 153.0
190.0 160.0
190.0 165.0
190.0 167.0
190.0 169.0
190.0 170.0
190.0 173.0
190.0 178.0
190.0 181.0
190.0 184.0
190.0 191.0
190.0 192.0
190.0 194.0
190.0 195.0
190.0 196.0
191.0 116.0
191.0 130.0
191.0 153.0
191.0 165.0
191.0 167.0
191.0 168.0
191.0 169.0
191.0 178.0
191.0 181.0
191.0 182.0
191.0 183.0
191.0 184.0
191.0 189.0
191.0 190.0
191.0 194.0
191.0 195.0
191.0 196.0
192.0 138.0
192.0 144.0
192.0 153.0
192.0 160.0
192.0 165.0
192.0 168.0
192.0 169.0
192.0 173.0
192.0 180.0
192.0 181.0
192.0 182.0
192.0 186.0
192.0 189.0
192.0 190.0
192.0 194.0
192.0 195.0
192.0 196.0
193.0 149.0
193.0 154.0
193.0 156.0
193.0 157.0
193.0 158.0
193.0 159.0
193.0 163.0
193.0 164.0
193.0 170.0
193.0 171.0
193.0 175.0
193.0 179.0
193.0 187.0
193.0 197.0
193.0 198.0
193.0 199.0
193.0 200.0
194.0 116.0
194.0 126.0
194.0 130.0
194.0 133.0
194.0 144.0
194.0 160.0
194.0 167.0
194.0 178.0
194.0 180.0
194.0 181.0
194.0 183.0
194.0 184.0
194.0 186.0
194.0 189.0
194.0 190.0
194.0 191.0
194.0 192.0
195.0 115.0
195.0 116.0
195.0 130.0
195.0 137.0
195.0 144.0
195.0 153.0
195.0 169.0
195.0 173.0
195.0 181.0
195.0 182.0
195.0 183.0
195.0 184.0
195.0 186.0
195.0 190.0
195.0 191.0
195.0 192.0
195.0 196.0
196.0 115.0
196.0 120.0
196.0 126.0
196.0 144.0
196.0 153.0
196.0 160.0
196.0 165.0
196.0 169.0
196.0 173.0
196.0 178.0
196.0 180.0
196.0 182.0
196.0 183.0
196.0 189.0
196.0 190.0
196.0 191.0
196.0 192.0
196.0 195.0
197.0 149.0
197.0 152.0
197.0 154.0
197.0 156.0
197.0 157.0
197.0 158.0
197.0 159.0
197.0 163.0
197.0 164.0
197.0 170.0
197.0 171.0
197.0 175.0
197.0 179.0
197.0 187.0
197.0 193.0
197.0 198.0
197.0 199.0
197.0 200.0
198.0 118.0
198.0 149.0
198.0 152.0
198.0 156.0
198.0 157.0
198.0 158.0
198.0 159.0
198.0 163.0
198.0 164.0
198.0 170.0
198.0 171.0
198.0 175.0
198.0 179.0
198.0 187.0
198.0 193.0
198.0 197.0
198.0 199.0
198.0 200.0
199.0 149.0
199.0 152.0
199.0 154.0
199.0 156.0
199.0 157.0
199.0 158.0
199.0 159.0
199.0 164.0
199.0 170.0
199.0 171.0
199.0 175.0
199.0 179.0
199.0 181.0
199.0 187.0
199.0 193.0
199.0 197.0
199.0 198.0
199.0 200.0
200.0 149.0
200.0 152.0
200.0 154.0
200.0 156.0
200.0 157.0
200.0 158.0
200.0 159.0
200.0 162.0
200.0 163.0
200.0 164.0
200.0 171.0
200.0 175.0
200.0 179.0
200.0 187.0
200.0 193.0
200.0 197.0
200.0 198.0
200.0 199.0
1
1 2
106
66 118.0
50 142.0
74 138.0
61 117.0
76 137.0
55 114.0
77 134.0
85 125.0
12 122.0
51 141.0
36 131.0
88 132.0
8 120.0
5 122.0
72 141.0
48 142.0
62 132.0
95 124.0
15 129.0
78 135.0
80 140.0
73 128.0
96 102.0
94 146.0
89 123.0
82 107.0
53 121.0
84 113.0
67 104.0
69 147.0
92 123.0
44 146.0
83 107.0
26 128.0
68 113.0
60 147.0
16 121.0
90 129.0
86 140.0
65 104.0
30 124.0
91 102.0
81 135.0
4 154.0
2 159.0
23 149.0
21 200.0
29 152.0
28 156.0
24 175.0
47 163.0
40 170.0
46 198.0
13 197.0
7 179.0
35 164.0
13 158.0
46 193.0
7 199.0
2 157.0
4 187.0
29 171.0
6 111.0
19 133.0
11 139.0
3 101.0
39 103.0
43 106.0
9 145.0
27 127.0
45 110.0
10 143.0
1 109.0
33 119.0
44 141.0
40 133.0
39 117.0
55 156.0
68 143.0
60 137.0
53 157.0
3 152.0
15 114.0
3 137.0
78 142.0
55 121.0
33 154.0
2 137.0
21 110.0
77 170.0
19 104.0
19 142.0
45 164.0
72 101.0
48 135.0
26 103.0
28 145.0
11 141.0
21 129.0
88 146.0
74 121.0
62 147.0
40 122.0
33 179.0
28 129.0
69 109.0
8
5 8 12 36 48 50 51 55 61 62 66 72 74 76 77 85 88 114.0 117.0 118.0 120.0 122.0 125.0 131.0 132.0 134.0 137.0 138.0 141.0 142.0 
15 16 26 30 44 53 60 65 67 68 69 73 78 80 81 82 83 84 86 89 90 91 92 94 95 96 102.0 104.0 107.0 113.0 121.0 123.0 124.0 128.0 129.0 135.0 140.0 146.0 147.0 
2 4 7 13 21 23 24 28 29 35 40 46 47 149.0 152.0 154.0 156.0 157.0 158.0 159.0 163.0 164.0 170.0 171.0 175.0 179.0 187.0 193.0 197.0 198.0 199.0 200.0 
1 3 6 9 10 11 19 27 33 39 43 45 101.0 103.0 106.0 109.0 110.0 111.0 119.0 127.0 133.0 139.0 143.0 145.0 
49 52 54 56 57 58 59 63 64 70 71 75 79 87 93 97 98 99 100
14 17 18 20 22 25 31 32 34 37 38 41 42
105.0 108.0 112.0 136.0 148.0 150.0 151.0 155.0 161.0 162.0 166.0 172.0 174.0 176.0 177.0 185.0 188.0
115.0 116.0 126.0 130.0 144.0 153.0 160.0 165.0 167.0 168.0 169.0 173.0 178.0 180.0 181.0 182.0 183.0 184.0 186.0 189.0 190.0 191.0 192.0 194.0 195.0 196.0
