2
1 2 3 4 5 6 7 8 9 10 11 12 13 14 15 16 17 18 19 20 21 22 23 24 25 26 27 28 29 30 31 32 33 34 35 36 37 38 39 40 41 42 43 44 45 46 47 48 49 50 51 52 53 54 55 56 57 58 59 60 61 62 63 64 65 66 67 68 69 70 71 72 73 74 75 76 77 78 79 80 81 82 83 84 85 86 87 88 89 90 91 92 93 94 95 96 97 98 99 100
2606
1 4
1 9
1 23
1 27
1 34
1 36
1 41
1 42
1 48
1 55
1 58
1 68
1 74
1 80
1 83
1 86
1 88
1 89
1 90
1 93
1 95
1 98
2 12
2 17
2 18
2 19
2 20
2 26
2 35
2 37
2 38
2 46
2 51
2 57
2 59
2 60
2 61
2 62
2 69
2 70
2 85
2 91
2 92
2 99
3 4
3 21
3 36
3 41
3 43
3 48
3 49
3 55
3 58
3 68
3 74
3 80
3 82
3 83
3 86
3 87
3 88
3 89
3 90
3 93
3 95
3 98
4 1
4 3
4 16
4 27
4 34
4 36
4 42
4 43
4 55
4 68
4 74
4 80
4 82
4 83
4 86
4 87
4 88
4 89
4 90
4 95
4 97
4 98
5 14
5 28
5 36
5 41
5 44
5 48
5 55
5 58
5 64
5 68
5 74
5 80
5 82
5 83
5 86
5 87
5 88
5 89
5 90
5 93
5 95
5 98
6 7
6 17
6 24
6 31
6 33
6 47
6 49
6 50
6 53
6 54
6 56
6 62
6 65
6 71
6 72
6 75
6 76
6 77
6 78
6 79
6 81
6 96
7 6
7 24
7 29
7 31
7 33
7 39
7 50
7 53
7 65
7 70
7 71
7 72
7 75
7 76
7 78
7 79
7 81
7 84
7 94
7 96
7 97
7 100
8 10
8 13
8 25
8 29
8 30
8 33
8 39
8 44
8 49
8 54
8 56
8 59
8 65
8 67
8 72
8 73
8 75
8 78
8 79
8 81
8 84
8 94
9 1
9 12
9 15
9 18
9 19
9 26
9 37
9 38
9 45
9 51
9 52
9 59
9 60
9 61
9 63
9 64
9 69
9 70
9 85
9 91
9 92
9 99
10 8
10 11
10 13
10 22
10 24
10 25
10 29
10 31
10 49
10 54
10 56
10 65
10 66
10 67
10 72
10 75
10 77
10 79
10 84
10 92
10 96
10 97
10 100
11 10
11 17
11 25
11 29
11 39
11 47
11 50
11 53
11 54
11 65
11 66
11 67
11 71
11 73
11 76
11 78
11 79
11 81
11 94
11 95
11 96
11 97
11 100
12 2
12 9
12 15
12 18
12 19
12 20
12 35
12 38
12 45
12 46
12 52
12 57
12 60
12 62
12 63
12 64
12 69
12 70
12 77
12 85
12 91
12 92
12 99
13 8
13 10
13 16
13 25
13 29
13 31
13 33
13 39
13 47
13 50
13 53
13 54
13 56
13 65
13 66
13 71
13 72
13 76
13 77
13 84
13 94
13 96
13 100
14 5
14 21
14 23
14 27
14 36
14 42
14 48
14 55
14 58
14 68
14 74
14 75
14 80
14 82
14 83
14 86
14 87
14 88
14 89
14 90
14 93
14 95
14 98
15 9
15 12
15 19
15 20
15 26
15 28
15 32
15 45
15 46
15 51
15 57
15 59
15 60
15 61
15 62
15 63
15 64
15 69
15 70
15 85
15 91
15 92
15 99
16 4
16 13
16 21
16 27
16 28
16 34
16 41
16 42
16 48
16 55
16 58
16 68
16 74
16 80
16 82
16 83
16 87
16 88
16 89
16 90
16 93
16 95
16 98
17 2
17 6
17 11
17 22
17 25
17 29
17 30
17 31
17 47
17 50
17 53
17 65
17 71
17 73
17 75
17 77
17 79
17 81
17 84
17 94
17 96
17 97
17 100
18 2
18 9
18 12
18 26
18 32
18 35
18 40
18 45
18 46
18 51
18 52
18 57
18 59
18 60
18 61
18 63
18 69
18 79
18 82
18 85
18 91
18 92
18 99
19 2
19 9
19 12
19 15
19 24
19 26
19 32
19 37
19 38
19 40
19 46
19 51
19 57
19 59
19 61
19 62
19 63
19 64
19 70
19 85
19 91
19 92
19 99
20 2
20 12
20 15
20 26
20 32
20 37
20 40
20 51
20 52
20 57
20 59
20 60
20 61
20 62
20 64
20 69
20 70
20 76
20 85
20 87
20 91
20 92
20 99
21 3
21 14
21 16
21 23
21 27
21 31
21 42
21 48
21 55
21 58
21 68
21 74
21 80
21 82
21 83
21 86
21 87
21 88
21 89
21 90
21 93
21 95
21 98
22 10
22 17
22 24
22 30
22 31
22 37
22 44
22 47
22 50
22 53
22 54
22 66
22 67
22 71
22 73
22 76
22 77
22 78
22 81
22 84
22 96
22 97
22 100
23 1
23 14
23 21
23 27
23 28
23 34
23 41
23 42
23 43
23 48
23 50
23 58
23 68
23 74
23 82
23 83
23 86
23 87
23 88
23 89
23 90
23 95
23 98
24 6
24 7
24 10
24 19
24 22
24 29
24 30
24 33
24 44
24 49
24 50
24 53
24 71
24 72
24 73
24 76
24 77
24 78
24 81
24 84
24 94
24 96
24 100
25 8
25 10
25 11
25 13
25 17
25 30
25 33
25 39
25 47
25 49
25 56
25 65
25 66
25 67
25 71
25 75
25 76
25 77
25 78
25 81
25 96
25 97
25 100
26 2
26 9
26 15
26 18
26 19
26 20
26 32
26 37
26 38
26 46
26 51
26 52
26 57
26 59
26 61
26 62
26 63
26 64
26 69
26 85
26 90
26 91
26 92
26 99
27 1
27 4
27 14
27 16
27 21
27 23
27 28
27 36
27 41
27 42
27 48
27 67
27 68
27 80
27 82
27 83
27 86
27 87
27 88
27 89
27 90
27 93
27 95
27 98
28 5
28 15
28 16
28 23
28 27
28 36
28 41
28 43
28 55
28 56
28 58
28 68
28 74
28 80
28 82
28 83
28 86
28 87
28 88
28 89
28 90
28 93
28 95
28 98
29 7
29 8
29 10
29 11
29 13
29 17
29 24
29 44
29 47
29 49
29 50
29 54
29 56
29 58
29 65
29 71
29 72
29 73
29 75
29 78
29 79
29 81
29 94
29 97
30 8
30 17
30 22
30 24
30 25
30 33
30 39
30 40
30 44
30 47
30 66
30 67
30 71
30 72
30 73
30 75
30 76
30 77
30 78
30 79
30 84
30 94
30 96
30 97
31 6
31 7
31 10
31 13
31 17
31 21
31 22
31 39
31 44
31 53
31 54
31 56
31 66
31 71
31 72
31 73
31 76
31 77
31 79
31 81
31 84
31 94
31 96
31 97
32 15
32 18
32 19
32 20
32 26
32 35
32 37
32 40
32 45
32 46
32 52
32 57
32 59
32 60
32 61
32 63
32 64
32 69
32 70
32 85
32 90
32 91
32 92
32 99
33 6
33 7
33 8
33 13
33 24
33 25
33 30
33 39
33 47
33 49
33 50
33 54
33 66
33 67
33 72
33 73
33 77
33 78
33 79
33 84
33 88
33 96
33 97
33 100
34 1
34 4
34 16
34 23
34 36
34 37
34 41
34 42
34 43
34 48
34 55
34 58
34 62
34 74
34 82
34 83
34 86
34 87
34 88
34 89
34 90
34 93
34 95
34 98
35 2
35 12
35 18
35 32
35 38
35 40
35 45
35 46
35 51
35 52
35 57
35 59
35 60
35 62
35 63
35 64
35 68
35 69
35 70
35 85
35 91
35 92
35 98
35 99
36 1
36 3
36 4
36 5
36 14
36 27
36 28
36 34
36 41
36 42
36 43
36 48
36 58
36 63
36 68
36 74
36 80
36 83
36 86
36 87
36 89
36 93
36 95
36 98
37 2
37 9
37 19
37 20
37 22
37 26
37 32
37 34
37 38
37 40
37 45
37 46
37 52
37 59
37 60
37 61
37 62
37 63
37 64
37 70
37 85
37 91
37 92
37 99
38 2
38 9
38 12
38 19
38 26
38 35
38 37
38 40
38 46
38 51
38 52
38 53
38 57
38 60
38 61
38 62
38 63
38 64
38 69
38 70
38 78
38 85
38 91
38 99
39 7
39 8
39 11
39 13
39 25
39 30
39 31
39 33
39 44
39 47
39 50
39 53
39 54
39 71
39 72
39 73
39 76
39 81
39 82
39 92
39 94
39 96
39 97
39 100
40 18
40 19
40 20
40 30
40 32
40 35
40 37
40 38
40 45
40 46
40 51
40 52
40 57
40 59
40 60
40 61
40 62
40 63
40 64
40 69
40 70
40 85
40 91
40 92
40 99
41 1
41 3
41 5
41 16
41 23
41 27
41 28
41 34
41 36
41 42
41 43
41 48
41 68
41 74
41 80
41 82
41 83
41 86
41 87
41 88
41 89
41 93
41 95
41 96
41 98
42 1
42 4
42 14
42 16
42 21
42 23
42 27
42 34
42 36
42 41
42 43
42 55
42 58
42 74
42 80
42 82
42 83
42 86
42 88
42 89
42 90
42 93
42 95
42 98
42 100
43 3
43 4
43 23
43 28
43 34
43 36
43 41
43 42
43 48
43 55
43 68
43 74
43 80
43 81
43 82
43 83
43 84
43 86
43 87
43 88
43 89
43 90
43 93
43 95
43 98
44 5
44 8
44 22
44 24
44 29
44 30
44 31
44 39
44 49
44 50
44 53
44 54
44 65
44 66
44 67
44 71
44 73
44 75
44 76
44 78
44 81
44 84
44 94
44 96
44 100
45 9
45 12
45 15
45 18
45 32
45 35
45 37
45 40
45 51
45 52
45 57
45 59
45 60
45 61
45 62
45 63
45 64
45 69
45 70
45 73
45 85
45 91
45 92
45 94
45 99
46 2
46 12
46 15
46 18
46 19
46 26
46 32
46 35
46 37
46 38
46 40
46 51
46 52
46 57
46 60
46 62
46 63
46 64
46 69
46 70
46 85
46 86
46 91
46 92
46 99
47 6
47 11
47 13
47 17
47 22
47 25
47 29
47 30
47 33
47 39
47 53
47 66
47 67
47 72
47 73
47 75
47 76
47 77
47 78
47 79
47 80
47 81
47 84
47 97
47 99
47 100
48 1
48 3
48 5
48 14
48 16
48 21
48 23
48 27
48 34
48 36
48 41
48 43
48 52
48 55
48 68
48 80
48 82
48 83
48 86
48 87
48 88
48 89
48 90
48 93
48 95
48 98
49 3
49 6
49 8
49 10
49 24
49 25
49 29
49 33
49 44
49 50
49 56
49 65
49 66
49 67
49 71
49 72
49 73
49 75
49 77
49 78
49 79
49 81
49 84
49 94
49 97
49 100
50 6
50 7
50 11
50 13
50 17
50 22
50 23
50 24
50 29
50 33
50 39
50 44
50 49
50 54
50 56
50 65
50 66
50 67
50 73
50 76
50 77
50 78
50 94
50 96
50 97
50 100
51 2
51 9
51 15
51 18
51 19
51 20
51 26
51 35
51 38
51 40
51 45
51 46
51 52
51 57
51 59
51 60
51 61
51 62
51 64
51 69
51 70
51 85
51 89
51 91
51 92
51 99
52 9
52 12
52 18
52 20
52 26
52 32
52 35
52 37
52 38
52 40
52 45
52 46
52 48
52 51
52 54
52 59
52 61
52 62
52 63
52 64
52 69
52 70
52 85
52 91
52 92
52 99
53 6
53 7
53 11
53 13
53 17
53 22
53 24
53 31
53 38
53 39
53 44
53 47
53 54
53 65
53 67
53 71
53 73
53 75
53 76
53 77
53 78
53 84
53 94
53 96
53 97
53 100
54 6
54 8
54 10
54 11
54 13
54 22
54 29
54 31
54 33
54 39
54 44
54 50
54 52
54 53
54 56
54 65
54 67
54 71
54 73
54 75
54 76
54 77
54 79
54 84
54 94
54 100
55 1
55 3
55 4
55 5
55 14
55 16
55 21
55 28
55 34
55 42
55 43
55 48
55 58
55 65
55 68
55 74
55 80
55 82
55 83
55 87
55 88
55 89
55 90
55 93
55 95
55 98
56 6
56 8
56 10
56 13
56 25
56 28
56 29
56 31
56 49
56 50
56 54
56 65
56 66
56 67
56 73
56 75
56 76
56 77
56 78
56 79
56 81
56 84
56 94
56 96
56 97
56 100
57 2
57 12
57 15
57 18
57 19
57 20
57 26
57 32
57 35
57 38
57 40
57 45
57 46
57 51
57 59
57 60
57 61
57 63
57 64
57 67
57 69
57 70
57 85
57 91
57 92
57 99
58 1
58 3
58 5
58 14
58 16
58 21
58 23
58 28
58 29
58 34
58 36
58 42
58 55
58 74
58 80
58 82
58 83
58 86
58 87
58 88
58 89
58 90
58 91
58 93
58 95
58 98
59 2
59 8
59 9
59 15
59 18
59 19
59 20
59 26
59 32
59 35
59 37
59 40
59 45
59 51
59 52
59 57
59 60
59 61
59 62
59 64
59 69
59 70
59 85
59 91
59 92
59 93
59 99
60 2
60 9
60 12
60 15
60 18
60 20
60 32
60 35
60 37
60 38
60 40
60 45
60 46
60 51
60 57
60 59
60 61
60 62
60 63
60 64
60 66
60 69
60 70
60 85
60 91
60 92
60 99
61 2
61 9
61 15
61 18
61 19
61 20
61 26
61 32
61 37
61 38
61 40
61 45
61 51
61 52
61 57
61 59
61 60
61 62
61 63
61 69
61 70
61 79
61 85
61 87
61 91
61 92
61 99
62 2
62 6
62 12
62 15
62 19
62 20
62 26
62 34
62 35
62 37
62 38
62 40
62 45
62 46
62 51
62 52
62 59
62 60
62 61
62 63
62 64
62 69
62 70
62 85
62 91
62 92
62 99
63 9
63 12
63 15
63 18
63 19
63 26
63 32
63 35
63 36
63 37
63 38
63 40
63 45
63 46
63 52
63 57
63 60
63 61
63 62
63 64
63 65
63 69
63 70
63 85
63 91
63 92
63 99
64 5
64 9
64 12
64 15
64 19
64 20
64 26
64 32
64 35
64 37
64 38
64 40
64 45
64 46
64 51
64 52
64 57
64 59
64 60
64 62
64 63
64 69
64 70
64 85
64 91
64 92
64 99
65 6
65 7
65 8
65 10
65 11
65 13
65 17
65 25
65 29
65 44
65 49
65 50
65 53
65 54
65 55
65 56
65 63
65 71
65 75
65 77
65 78
65 79
65 81
65 94
65 96
65 97
65 100
66 10
66 11
66 13
66 22
66 25
66 30
66 31
66 33
66 44
66 47
66 49
66 50
66 56
66 60
66 67
66 71
66 72
66 73
66 75
66 76
66 77
66 78
66 79
66 81
66 84
66 96
66 97
67 8
67 10
67 11
67 22
67 25
67 27
67 30
67 33
67 44
67 47
67 49
67 50
67 53
67 54
67 56
67 57
67 66
67 72
67 73
67 75
67 76
67 77
67 78
67 79
67 84
67 94
67 97
67 100
68 1
68 3
68 4
68 5
68 14
68 16
68 21
68 23
68 27
68 28
68 35
68 36
68 41
68 43
68 48
68 55
68 80
68 81
68 82
68 83
68 86
68 87
68 88
68 89
68 90
68 93
68 95
68 98
69 2
69 9
69 12
69 15
69 18
69 20
69 26
69 32
69 35
69 38
69 40
69 45
69 46
69 51
69 52
69 57
69 59
69 60
69 61
69 62
69 63
69 64
69 70
69 85
69 91
69 92
69 93
69 99
70 2
70 7
70 9
70 12
70 15
70 19
70 20
70 32
70 35
70 37
70 38
70 40
70 45
70 46
70 51
70 52
70 57
70 59
70 60
70 61
70 62
70 63
70 64
70 69
70 85
70 91
70 92
70 99
71 6
71 7
71 11
71 13
71 17
71 22
71 24
71 25
71 29
71 30
71 31
71 39
71 44
71 49
71 53
71 54
71 65
71 66
71 72
71 73
71 74
71 78
71 79
71 81
71 84
71 94
71 97
71 100
72 6
72 7
72 8
72 10
72 13
72 24
72 29
72 30
72 31
72 33
72 39
72 47
72 49
72 66
72 67
72 71
72 73
72 75
72 76
72 77
72 78
72 79
72 81
72 84
72 85
72 94
72 96
72 97
73 8
73 11
73 17
73 22
73 24
73 29
73 30
73 31
73 33
73 39
73 44
73 45
73 47
73 49
73 50
73 53
73 54
73 56
73 66
73 67
73 71
73 72
73 75
73 76
73 77
73 81
73 94
73 96
74 1
74 3
74 4
74 5
74 14
74 16
74 21
74 23
74 28
74 34
74 36
74 41
74 42
74 43
74 55
74 58
74 71
74 80
74 83
74 86
74 87
74 88
74 89
74 90
74 93
74 95
74 96
74 98
75 6
75 7
75 8
75 10
75 14
75 17
75 25
75 29
75 30
75 44
75 47
75 49
75 53
75 54
75 56
75 65
75 66
75 67
75 72
75 73
75 76
75 78
75 79
75 84
75 94
75 96
75 97
75 100
76 6
76 7
76 11
76 13
76 20
76 22
76 24
76 25
76 30
76 31
76 39
76 44
76 47
76 50
76 53
76 54
76 56
76 66
76 67
76 72
76 73
76 75
76 78
76 79
76 84
76 94
76 96
76 97
76 100
77 6
77 10
77 12
77 13
77 17
77 22
77 24
77 25
77 30
77 31
77 33
77 47
77 49
77 50
77 53
77 54
77 56
77 65
77 66
77 67
77 72
77 73
77 79
77 81
77 84
77 94
77 96
77 97
77 100
78 6
78 7
78 8
78 11
78 22
78 24
78 25
78 29
78 30
78 33
78 38
78 44
78 47
78 49
78 50
78 53
78 56
78 65
78 66
78 67
78 71
78 72
78 75
78 76
78 79
78 81
78 86
78 96
78 100
79 6
79 7
79 8
79 10
79 11
79 17
79 18
79 29
79 30
79 31
79 33
79 47
79 49
79 54
79 56
79 61
79 65
79 66
79 67
79 71
79 72
79 75
79 76
79 77
79 78
79 81
79 84
79 97
79 100
80 1
80 3
80 4
80 5
80 14
80 16
80 21
80 27
80 28
80 36
80 41
80 42
80 43
80 47
80 48
80 55
80 58
80 68
80 74
80 82
80 83
80 86
80 87
80 88
80 89
80 90
80 93
80 95
80 98
81 6
81 7
81 8
81 11
81 17
81 22
81 24
81 25
81 29
81 31
81 39
81 43
81 44
81 47
81 49
81 56
81 65
81 66
81 68
81 71
81 72
81 73
81 77
81 78
81 79
81 84
81 94
81 97
81 100
82 3
82 4
82 5
82 14
82 16
82 18
82 21
82 23
82 27
82 28
82 34
82 39
82 41
82 42
82 43
82 48
82 55
82 58
82 68
82 80
82 83
82 86
82 87
82 88
82 89
82 90
82 93
82 95
82 98
83 1
83 3
83 4
83 5
83 14
83 16
83 21
83 23
83 27
83 28
83 34
83 36
83 41
83 42
83 43
83 48
83 55
83 58
83 68
83 74
83 80
83 82
83 86
83 87
83 88
83 89
83 90
83 93
83 95
83 98
84 7
84 8
84 10
84 13
84 17
84 22
84 24
84 30
84 31
84 33
84 43
84 44
84 47
84 49
84 53
84 54
84 56
84 66
84 67
84 71
84 72
84 75
84 76
84 77
84 79
84 81
84 88
84 96
84 97
84 100
85 2
85 9
85 12
85 15
85 18
85 19
85 20
85 26
85 32
85 35
85 37
85 38
85 40
85 45
85 46
85 51
85 52
85 57
85 59
85 60
85 61
85 62
85 63
85 64
85 69
85 70
85 72
85 91
85 92
85 99
86 1
86 3
86 4
86 5
86 14
86 21
86 23
86 27
86 28
86 34
86 36
86 41
86 42
86 43
86 46
86 48
86 58
86 68
86 74
86 78
86 80
86 82
86 83
86 87
86 88
86 89
86 90
86 93
86 95
86 98
87 3
87 4
87 5
87 14
87 16
87 20
87 21
87 23
87 27
87 28
87 34
87 36
87 41
87 43
87 48
87 55
87 58
87 61
87 68
87 74
87 80
87 82
87 83
87 86
87 88
87 89
87 90
87 93
87 95
87 98
88 1
88 3
88 4
88 5
88 14
88 16
88 21
88 23
88 27
88 28
88 33
88 34
88 41
88 42
88 43
88 48
88 55
88 58
88 68
88 74
88 80
88 82
88 83
88 84
88 86
88 87
88 90
88 93
88 95
88 98
89 1
89 3
89 4
89 5
89 14
89 16
89 21
89 23
89 27
89 28
89 34
89 36
89 41
89 42
89 43
89 48
89 51
89 55
89 58
89 68
89 74
89 80
89 82
89 83
89 86
89 87
89 90
89 93
89 95
89 98
90 1
90 3
90 4
90 5
90 14
90 16
90 21
90 23
90 26
90 27
90 28
90 32
90 34
90 42
90 43
90 48
90 55
90 58
90 68
90 74
90 80
90 82
90 83
90 86
90 87
90 88
90 89
90 93
90 95
90 98
91 2
91 9
91 12
91 15
91 18
91 19
91 20
91 26
91 32
91 35
91 37
91 38
91 40
91 45
91 46
91 51
91 52
91 57
91 58
91 59
91 60
91 61
91 62
91 63
91 64
91 69
91 70
91 85
91 92
91 99
92 2
92 9
92 10
92 12
92 15
92 18
92 19
92 20
92 26
92 32
92 35
92 37
92 39
92 40
92 45
92 46
92 51
92 52
92 57
92 59
92 60
92 61
92 62
92 63
92 64
92 69
92 70
92 85
92 91
92 99
93 1
93 3
93 5
93 14
93 16
93 21
93 27
93 28
93 34
93 36
93 41
93 42
93 43
93 48
93 55
93 58
93 59
93 68
93 69
93 74
93 80
93 82
93 83
93 86
93 87
93 88
93 89
93 90
93 95
93 98
94 7
94 8
94 11
94 13
94 17
94 24
94 29
94 30
94 31
94 39
94 44
94 45
94 49
94 50
94 53
94 54
94 56
94 65
94 67
94 71
94 72
94 73
94 75
94 76
94 77
94 81
94 96
94 97
94 99
94 100
95 1
95 3
95 4
95 5
95 11
95 14
95 16
95 21
95 23
95 27
95 28
95 34
95 36
95 41
95 42
95 43
95 48
95 55
95 58
95 68
95 74
95 80
95 82
95 83
95 86
95 87
95 88
95 89
95 90
95 93
95 98
96 6
96 7
96 10
96 11
96 13
96 17
96 22
96 24
96 25
96 30
96 31
96 33
96 39
96 41
96 44
96 50
96 53
96 56
96 65
96 66
96 72
96 73
96 74
96 75
96 76
96 77
96 78
96 84
96 94
96 97
96 100
97 4
97 7
97 10
97 11
97 17
97 22
97 25
97 29
97 30
97 31
97 33
97 39
97 47
97 49
97 50
97 53
97 56
97 65
97 66
97 67
97 71
97 72
97 75
97 76
97 77
97 79
97 81
97 84
97 94
97 96
97 100
98 1
98 3
98 4
98 5
98 14
98 16
98 21
98 23
98 27
98 28
98 34
98 35
98 36
98 41
98 42
98 43
98 48
98 55
98 58
98 68
98 74
98 80
98 82
98 83
98 86
98 87
98 88
98 89
98 90
98 93
98 95
99 2
99 9
99 12
99 15
99 18
99 19
99 20
99 26
99 32
99 35
99 37
99 38
99 40
99 45
99 46
99 47
99 51
99 52
99 57
99 59
99 60
99 61
99 62
99 63
99 64
99 69
99 70
99 85
99 91
99 92
99 94
100 7
100 10
100 11
100 13
100 17
100 22
100 24
100 25
100 33
100 39
100 42
100 44
100 47
100 49
100 50
100 53
100 54
100 56
100 65
100 67
100 71
100 75
100 76
100 77
100 78
100 79
100 81
100 84
100 94
100 96
100 97
101.0 102.0 103.0 104.0 105.0 106.0 107.0 108.0 109.0 110.0 111.0 112.0 113.0 114.0 115.0 116.0 117.0 118.0 119.0 120.0 121.0 122.0 123.0 124.0 125.0 126.0 127.0 128.0 129.0 130.0 131.0 132.0 133.0 134.0 135.0 136.0 137.0 138.0 139.0 140.0 141.0 142.0 143.0 144.0 145.0 146.0 147.0 148.0 149.0 150.0 151.0 152.0 153.0 154.0 155.0 156.0 157.0 158.0 159.0 160.0 161.0 162.0 163.0 164.0 165.0 166.0 167.0 168.0 169.0 170.0 171.0 172.0 173.0 174.0 175.0 176.0 177.0 178.0 179.0 180.0 181.0 182.0 183.0 184.0 185.0 186.0 187.0 188.0 189.0 190.0 191.0 192.0 193.0 194.0 195.0 196.0 197.0 198.0 199.0 200.0
2606
101.0 104.0
101.0 109.0
101.0 123.0
101.0 127.0
101.0 134.0
101.0 136.0
101.0 141.0
101.0 142.0
101.0 148.0
101.0 155.0
101.0 158.0
101.0 168.0
101.0 174.0
101.0 180.0
101.0 183.0
101.0 186.0
101.0 188.0
101.0 189.0
101.0 190.0
101.0 193.0
101.0 195.0
101.0 198.0
102.0 112.0
102.0 117.0
102.0 118.0
102.0 119.0
102.0 120.0
102.0 126.0
102.0 135.0
102.0 137.0
102.0 138.0
102.0 146.0
102.0 151.0
102.0 157.0
102.0 159.0
102.0 160.0
102.0 161.0
102.0 162.0
102.0 169.0
102.0 170.0
102.0 185.0
102.0 191.0
102.0 192.0
102.0 199.0
103.0 104.0
103.0 121.0
103.0 136.0
103.0 141.0
103.0 143.0
103.0 148.0
103.0 149.0
103.0 155.0
103.0 158.0
103.0 168.0
103.0 174.0
103.0 180.0
103.0 182.0
103.0 183.0
103.0 186.0
103.0 187.0
103.0 188.0
103.0 189.0
103.0 190.0
103.0 193.0
103.0 195.0
103.0 198.0
104.0 101.0
104.0 103.0
104.0 116.0
104.0 127.0
104.0 134.0
104.0 136.0
104.0 142.0
104.0 143.0
104.0 155.0
104.0 168.0
104.0 174.0
104.0 180.0
104.0 182.0
104.0 183.0
104.0 186.0
104.0 187.0
104.0 188.0
104.0 189.0
104.0 190.0
104.0 195.0
104.0 197.0
104.0 198.0
105.0 114.0
105.0 128.0
105.0 136.0
105.0 141.0
105.0 144.0
105.0 148.0
105.0 155.0
105.0 158.0
105.0 164.0
105.0 168.0
105.0 174.0
105.0 180.0
105.0 182.0
105.0 183.0
105.0 186.0
105.0 187.0
105.0 188.0
105.0 189.0
105.0 190.0
105.0 193.0
105.0 195.0
105.0 198.0
106.0 107.0
106.0 117.0
106.0 124.0
106.0 131.0
106.0 133.0
106.0 147.0
106.0 149.0
106.0 150.0
106.0 153.0
106.0 154.0
106.0 156.0
106.0 162.0
106.0 165.0
106.0 171.0
106.0 172.0
106.0 175.0
106.0 176.0
106.0 177.0
106.0 178.0
106.0 179.0
106.0 181.0
106.0 196.0
107.0 106.0
107.0 124.0
107.0 129.0
107.0 131.0
107.0 133.0
107.0 139.0
107.0 150.0
107.0 153.0
107.0 165.0
107.0 170.0
107.0 171.0
107.0 172.0
107.0 175.0
107.0 176.0
107.0 178.0
107.0 179.0
107.0 181.0
107.0 184.0
107.0 194.0
107.0 196.0
107.0 197.0
107.0 200.0
108.0 110.0
108.0 113.0
108.0 125.0
108.0 129.0
108.0 130.0
108.0 133.0
108.0 139.0
108.0 144.0
108.0 149.0
108.0 154.0
108.0 156.0
108.0 159.0
108.0 165.0
108.0 167.0
108.0 172.0
108.0 173.0
108.0 175.0
108.0 178.0
108.0 179.0
108.0 181.0
108.0 184.0
108.0 194.0
109.0 101.0
109.0 112.0
109.0 115.0
109.0 118.0
109.0 119.0
109.0 126.0
109.0 137.0
109.0 138.0
109.0 145.0
109.0 151.0
109.0 152.0
109.0 159.0
109.0 160.0
109.0 161.0
109.0 163.0
109.0 164.0
109.0 169.0
109.0 170.0
109.0 185.0
109.0 191.0
109.0 192.0
109.0 199.0
110.0 108.0
110.0 111.0
110.0 113.0
110.0 122.0
110.0 124.0
110.0 125.0
110.0 129.0
110.0 131.0
110.0 149.0
110.0 154.0
110.0 156.0
110.0 165.0
110.0 166.0
110.0 167.0
110.0 172.0
110.0 175.0
110.0 177.0
110.0 179.0
110.0 184.0
110.0 192.0
110.0 196.0
110.0 197.0
110.0 200.0
111.0 110.0
111.0 117.0
111.0 125.0
111.0 129.0
111.0 139.0
111.0 147.0
111.0 150.0
111.0 153.0
111.0 154.0
111.0 165.0
111.0 166.0
111.0 167.0
111.0 171.0
111.0 173.0
111.0 176.0
111.0 178.0
111.0 179.0
111.0 181.0
111.0 194.0
111.0 195.0
111.0 196.0
111.0 197.0
111.0 200.0
112.0 102.0
112.0 109.0
112.0 115.0
112.0 118.0
112.0 119.0
112.0 120.0
112.0 135.0
112.0 138.0
112.0 145.0
112.0 146.0
112.0 152.0
112.0 157.0
112.0 160.0
112.0 162.0
112.0 163.0
112.0 164.0
112.0 169.0
112.0 170.0
112.0 177.0
112.0 185.0
112.0 191.0
112.0 192.0
112.0 199.0
113.0 108.0
113.0 110.0
113.0 116.0
113.0 125.0
113.0 129.0
113.0 131.0
113.0 133.0
113.0 139.0
113.0 147.0
113.0 150.0
113.0 153.0
113.0 154.0
113.0 156.0
113.0 165.0
113.0 166.0
113.0 171.0
113.0 172.0
113.0 176.0
113.0 177.0
113.0 184.0
113.0 194.0
113.0 196.0
113.0 200.0
114.0 105.0
114.0 121.0
114.0 123.0
114.0 127.0
114.0 136.0
114.0 142.0
114.0 148.0
114.0 155.0
114.0 158.0
114.0 168.0
114.0 174.0
114.0 175.0
114.0 180.0
114.0 182.0
114.0 183.0
114.0 186.0
114.0 187.0
114.0 188.0
114.0 189.0
114.0 190.0
114.0 193.0
114.0 195.0
114.0 198.0
115.0 109.0
115.0 112.0
115.0 119.0
115.0 120.0
115.0 126.0
115.0 128.0
115.0 132.0
115.0 145.0
115.0 146.0
115.0 151.0
115.0 157.0
115.0 159.0
115.0 160.0
115.0 161.0
115.0 162.0
115.0 163.0
115.0 164.0
115.0 169.0
115.0 170.0
115.0 185.0
115.0 191.0
115.0 192.0
115.0 199.0
116.0 104.0
116.0 113.0
116.0 121.0
116.0 127.0
116.0 128.0
116.0 134.0
116.0 141.0
116.0 142.0
116.0 148.0
116.0 155.0
116.0 158.0
116.0 168.0
116.0 174.0
116.0 180.0
116.0 182.0
116.0 183.0
116.0 187.0
116.0 188.0
116.0 189.0
116.0 190.0
116.0 193.0
116.0 195.0
116.0 198.0
117.0 102.0
117.0 106.0
117.0 111.0
117.0 122.0
117.0 125.0
117.0 129.0
117.0 130.0
117.0 131.0
117.0 147.0
117.0 150.0
117.0 153.0
117.0 165.0
117.0 171.0
117.0 173.0
117.0 175.0
117.0 177.0
117.0 179.0
117.0 181.0
117.0 184.0
117.0 194.0
117.0 196.0
117.0 197.0
117.0 200.0
118.0 102.0
118.0 109.0
118.0 112.0
118.0 126.0
118.0 132.0
118.0 135.0
118.0 140.0
118.0 145.0
118.0 146.0
118.0 151.0
118.0 152.0
118.0 157.0
118.0 159.0
118.0 160.0
118.0 161.0
118.0 163.0
118.0 169.0
118.0 179.0
118.0 182.0
118.0 185.0
118.0 191.0
118.0 192.0
118.0 199.0
119.0 102.0
119.0 109.0
119.0 112.0
119.0 115.0
119.0 124.0
119.0 126.0
119.0 132.0
119.0 137.0
119.0 138.0
119.0 140.0
119.0 146.0
119.0 151.0
119.0 157.0
119.0 159.0
119.0 161.0
119.0 162.0
119.0 163.0
119.0 164.0
119.0 170.0
119.0 185.0
119.0 191.0
119.0 192.0
119.0 199.0
120.0 102.0
120.0 112.0
120.0 115.0
120.0 126.0
120.0 132.0
120.0 137.0
120.0 140.0
120.0 151.0
120.0 152.0
120.0 157.0
120.0 159.0
120.0 160.0
120.0 161.0
120.0 162.0
120.0 164.0
120.0 169.0
120.0 170.0
120.0 176.0
120.0 185.0
120.0 187.0
120.0 191.0
120.0 192.0
120.0 199.0
121.0 103.0
121.0 114.0
121.0 116.0
121.0 123.0
121.0 127.0
121.0 131.0
121.0 142.0
121.0 148.0
121.0 155.0
121.0 158.0
121.0 168.0
121.0 174.0
121.0 180.0
121.0 182.0
121.0 183.0
121.0 186.0
121.0 187.0
121.0 188.0
121.0 189.0
121.0 190.0
121.0 193.0
121.0 195.0
121.0 198.0
122.0 110.0
122.0 117.0
122.0 124.0
122.0 130.0
122.0 131.0
122.0 137.0
122.0 144.0
122.0 147.0
122.0 150.0
122.0 153.0
122.0 154.0
122.0 166.0
122.0 167.0
122.0 171.0
122.0 173.0
122.0 176.0
122.0 177.0
122.0 178.0
122.0 181.0
122.0 184.0
122.0 196.0
122.0 197.0
122.0 200.0
123.0 101.0
123.0 114.0
123.0 121.0
123.0 127.0
123.0 128.0
123.0 134.0
123.0 141.0
123.0 142.0
123.0 143.0
123.0 148.0
123.0 150.0
123.0 158.0
123.0 168.0
123.0 174.0
123.0 182.0
123.0 183.0
123.0 186.0
123.0 187.0
123.0 188.0
123.0 189.0
123.0 190.0
123.0 195.0
123.0 198.0
124.0 106.0
124.0 107.0
124.0 110.0
124.0 119.0
124.0 122.0
124.0 129.0
124.0 130.0
124.0 133.0
124.0 144.0
124.0 149.0
124.0 150.0
124.0 153.0
124.0 171.0
124.0 172.0
124.0 173.0
124.0 176.0
124.0 177.0
124.0 178.0
124.0 181.0
124.0 184.0
124.0 194.0
124.0 196.0
124.0 200.0
125.0 108.0
125.0 110.0
125.0 111.0
125.0 113.0
125.0 117.0
125.0 130.0
125.0 133.0
125.0 139.0
125.0 147.0
125.0 149.0
125.0 156.0
125.0 165.0
125.0 166.0
125.0 167.0
125.0 171.0
125.0 175.0
125.0 176.0
125.0 177.0
125.0 178.0
125.0 181.0
125.0 196.0
125.0 197.0
125.0 200.0
126.0 102.0
126.0 109.0
126.0 115.0
126.0 118.0
126.0 119.0
126.0 120.0
126.0 132.0
126.0 137.0
126.0 138.0
126.0 146.0
126.0 151.0
126.0 152.0
126.0 157.0
126.0 159.0
126.0 161.0
126.0 162.0
126.0 163.0
126.0 164.0
126.0 169.0
126.0 185.0
126.0 190.0
126.0 191.0
126.0 192.0
126.0 199.0
127.0 101.0
127.0 104.0
127.0 114.0
127.0 116.0
127.0 121.0
127.0 123.0
127.0 128.0
127.0 136.0
127.0 141.0
127.0 142.0
127.0 148.0
127.0 167.0
127.0 168.0
127.0 180.0
127.0 182.0
127.0 183.0
127.0 186.0
127.0 187.0
127.0 188.0
127.0 189.0
127.0 190.0
127.0 193.0
127.0 195.0
127.0 198.0
128.0 105.0
128.0 115.0
128.0 116.0
128.0 123.0
128.0 127.0
128.0 136.0
128.0 141.0
128.0 143.0
128.0 155.0
128.0 156.0
128.0 158.0
128.0 168.0
128.0 174.0
128.0 180.0
128.0 182.0
128.0 183.0
128.0 186.0
128.0 187.0
128.0 188.0
128.0 189.0
128.0 190.0
128.0 193.0
128.0 195.0
128.0 198.0
129.0 107.0
129.0 108.0
129.0 110.0
129.0 111.0
129.0 113.0
129.0 117.0
129.0 124.0
129.0 144.0
129.0 147.0
129.0 149.0
129.0 150.0
129.0 154.0
129.0 156.0
129.0 158.0
129.0 165.0
129.0 171.0
129.0 172.0
129.0 173.0
129.0 175.0
129.0 178.0
129.0 179.0
129.0 181.0
129.0 194.0
129.0 197.0
130.0 108.0
130.0 117.0
130.0 122.0
130.0 124.0
130.0 125.0
130.0 133.0
130.0 139.0
130.0 140.0
130.0 144.0
130.0 147.0
130.0 166.0
130.0 167.0
130.0 171.0
130.0 172.0
130.0 173.0
130.0 175.0
130.0 176.0
130.0 177.0
130.0 178.0
130.0 179.0
130.0 184.0
130.0 194.0
130.0 196.0
130.0 197.0
131.0 106.0
131.0 107.0
131.0 110.0
131.0 113.0
131.0 117.0
131.0 121.0
131.0 122.0
131.0 139.0
131.0 144.0
131.0 153.0
131.0 154.0
131.0 156.0
131.0 166.0
131.0 171.0
131.0 172.0
131.0 173.0
131.0 176.0
131.0 177.0
131.0 179.0
131.0 181.0
131.0 184.0
131.0 194.0
131.0 196.0
131.0 197.0
132.0 115.0
132.0 118.0
132.0 119.0
132.0 120.0
132.0 126.0
132.0 135.0
132.0 137.0
132.0 140.0
132.0 145.0
132.0 146.0
132.0 152.0
132.0 157.0
132.0 159.0
132.0 160.0
132.0 161.0
132.0 163.0
132.0 164.0
132.0 169.0
132.0 170.0
132.0 185.0
132.0 190.0
132.0 191.0
132.0 192.0
132.0 199.0
133.0 106.0
133.0 107.0
133.0 108.0
133.0 113.0
133.0 124.0
133.0 125.0
133.0 130.0
133.0 139.0
133.0 147.0
133.0 149.0
133.0 150.0
133.0 154.0
133.0 166.0
133.0 167.0
133.0 172.0
133.0 173.0
133.0 177.0
133.0 178.0
133.0 179.0
133.0 184.0
133.0 188.0
133.0 196.0
133.0 197.0
133.0 200.0
134.0 101.0
134.0 104.0
134.0 116.0
134.0 123.0
134.0 136.0
134.0 137.0
134.0 141.0
134.0 142.0
134.0 143.0
134.0 148.0
134.0 155.0
134.0 158.0
134.0 162.0
134.0 174.0
134.0 182.0
134.0 183.0
134.0 186.0
134.0 187.0
134.0 188.0
134.0 189.0
134.0 190.0
134.0 193.0
134.0 195.0
134.0 198.0
135.0 102.0
135.0 112.0
135.0 118.0
135.0 132.0
135.0 138.0
135.0 140.0
135.0 145.0
135.0 146.0
135.0 151.0
135.0 152.0
135.0 157.0
135.0 159.0
135.0 160.0
135.0 162.0
135.0 163.0
135.0 164.0
135.0 168.0
135.0 169.0
135.0 170.0
135.0 185.0
135.0 191.0
135.0 192.0
135.0 198.0
135.0 199.0
136.0 101.0
136.0 103.0
136.0 104.0
136.0 105.0
136.0 114.0
136.0 127.0
136.0 128.0
136.0 134.0
136.0 141.0
136.0 142.0
136.0 143.0
136.0 148.0
136.0 158.0
136.0 163.0
136.0 168.0
136.0 174.0
136.0 180.0
136.0 183.0
136.0 186.0
136.0 187.0
136.0 189.0
136.0 193.0
136.0 195.0
136.0 198.0
137.0 102.0
137.0 109.0
137.0 119.0
137.0 120.0
137.0 122.0
137.0 126.0
137.0 132.0
137.0 134.0
137.0 138.0
137.0 140.0
137.0 145.0
137.0 146.0
137.0 152.0
137.0 159.0
137.0 160.0
137.0 161.0
137.0 162.0
137.0 163.0
137.0 164.0
137.0 170.0
137.0 185.0
137.0 191.0
137.0 192.0
137.0 199.0
138.0 102.0
138.0 109.0
138.0 112.0
138.0 119.0
138.0 126.0
138.0 135.0
138.0 137.0
138.0 140.0
138.0 146.0
138.0 151.0
138.0 152.0
138.0 153.0
138.0 157.0
138.0 160.0
138.0 161.0
138.0 162.0
138.0 163.0
138.0 164.0
138.0 169.0
138.0 170.0
138.0 178.0
138.0 185.0
138.0 191.0
138.0 199.0
139.0 107.0
139.0 108.0
139.0 111.0
139.0 113.0
139.0 125.0
139.0 130.0
139.0 131.0
139.0 133.0
139.0 144.0
139.0 147.0
139.0 150.0
139.0 153.0
139.0 154.0
139.0 171.0
139.0 172.0
139.0 173.0
139.0 176.0
139.0 181.0
139.0 182.0
139.0 192.0
139.0 194.0
139.0 196.0
139.0 197.0
139.0 200.0
140.0 118.0
140.0 119.0
140.0 120.0
140.0 130.0
140.0 132.0
140.0 135.0
140.0 137.0
140.0 138.0
140.0 145.0
140.0 146.0
140.0 151.0
140.0 152.0
140.0 157.0
140.0 159.0
140.0 160.0
140.0 161.0
140.0 162.0
140.0 163.0
140.0 164.0
140.0 169.0
140.0 170.0
140.0 185.0
140.0 191.0
140.0 192.0
140.0 199.0
141.0 101.0
141.0 103.0
141.0 105.0
141.0 116.0
141.0 123.0
141.0 127.0
141.0 128.0
141.0 134.0
141.0 136.0
141.0 142.0
141.0 143.0
141.0 148.0
141.0 168.0
141.0 174.0
141.0 180.0
141.0 182.0
141.0 183.0
141.0 186.0
141.0 187.0
141.0 188.0
141.0 189.0
141.0 193.0
141.0 195.0
141.0 196.0
141.0 198.0
142.0 101.0
142.0 104.0
142.0 114.0
142.0 116.0
142.0 121.0
142.0 123.0
142.0 127.0
142.0 134.0
142.0 136.0
142.0 141.0
142.0 143.0
142.0 155.0
142.0 158.0
142.0 174.0
142.0 180.0
142.0 182.0
142.0 183.0
142.0 186.0
142.0 188.0
142.0 189.0
142.0 190.0
142.0 193.0
142.0 195.0
142.0 198.0
142.0 200.0
143.0 103.0
143.0 104.0
143.0 123.0
143.0 128.0
143.0 134.0
143.0 136.0
143.0 141.0
143.0 142.0
143.0 148.0
143.0 155.0
143.0 168.0
143.0 174.0
143.0 180.0
143.0 181.0
143.0 182.0
143.0 183.0
143.0 184.0
143.0 186.0
143.0 187.0
143.0 188.0
143.0 189.0
143.0 190.0
143.0 193.0
143.0 195.0
143.0 198.0
144.0 105.0
144.0 108.0
144.0 122.0
144.0 124.0
144.0 129.0
144.0 130.0
144.0 131.0
144.0 139.0
144.0 149.0
144.0 150.0
144.0 153.0
144.0 154.0
144.0 165.0
144.0 166.0
144.0 167.0
144.0 171.0
144.0 173.0
144.0 175.0
144.0 176.0
144.0 178.0
144.0 181.0
144.0 184.0
144.0 194.0
144.0 196.0
144.0 200.0
145.0 109.0
145.0 112.0
145.0 115.0
145.0 118.0
145.0 132.0
145.0 135.0
145.0 137.0
145.0 140.0
145.0 151.0
145.0 152.0
145.0 157.0
145.0 159.0
145.0 160.0
145.0 161.0
145.0 162.0
145.0 163.0
145.0 164.0
145.0 169.0
145.0 170.0
145.0 173.0
145.0 185.0
145.0 191.0
145.0 192.0
145.0 194.0
145.0 199.0
146.0 102.0
146.0 112.0
146.0 115.0
146.0 118.0
146.0 119.0
146.0 126.0
146.0 132.0
146.0 135.0
146.0 137.0
146.0 138.0
146.0 140.0
146.0 151.0
146.0 152.0
146.0 157.0
146.0 160.0
146.0 162.0
146.0 163.0
146.0 164.0
146.0 169.0
146.0 170.0
146.0 185.0
146.0 186.0
146.0 191.0
146.0 192.0
146.0 199.0
147.0 106.0
147.0 111.0
147.0 113.0
147.0 117.0
147.0 122.0
147.0 125.0
147.0 129.0
147.0 130.0
147.0 133.0
147.0 139.0
147.0 153.0
147.0 166.0
147.0 167.0
147.0 172.0
147.0 173.0
147.0 175.0
147.0 176.0
147.0 177.0
147.0 178.0
147.0 179.0
147.0 180.0
147.0 181.0
147.0 184.0
147.0 197.0
147.0 199.0
147.0 200.0
148.0 101.0
148.0 103.0
148.0 105.0
148.0 114.0
148.0 116.0
148.0 121.0
148.0 123.0
148.0 127.0
148.0 134.0
148.0 136.0
148.0 141.0
148.0 143.0
148.0 152.0
148.0 155.0
148.0 168.0
148.0 180.0
148.0 182.0
148.0 183.0
148.0 186.0
148.0 187.0
148.0 188.0
148.0 189.0
148.0 190.0
148.0 193.0
148.0 195.0
148.0 198.0
149.0 103.0
149.0 106.0
149.0 108.0
149.0 110.0
149.0 124.0
149.0 125.0
149.0 129.0
149.0 133.0
149.0 144.0
149.0 150.0
149.0 156.0
149.0 165.0
149.0 166.0
149.0 167.0
149.0 171.0
149.0 172.0
149.0 173.0
149.0 175.0
149.0 177.0
149.0 178.0
149.0 179.0
149.0 181.0
149.0 184.0
149.0 194.0
149.0 197.0
149.0 200.0
150.0 106.0
150.0 107.0
150.0 111.0
150.0 113.0
150.0 117.0
150.0 122.0
150.0 123.0
150.0 124.0
150.0 129.0
150.0 133.0
150.0 139.0
150.0 144.0
150.0 149.0
150.0 154.0
150.0 156.0
150.0 165.0
150.0 166.0
150.0 167.0
150.0 173.0
150.0 176.0
150.0 177.0
150.0 178.0
150.0 194.0
150.0 196.0
150.0 197.0
150.0 200.0
151.0 102.0
151.0 109.0
151.0 115.0
151.0 118.0
151.0 119.0
151.0 120.0
151.0 126.0
151.0 135.0
151.0 138.0
151.0 140.0
151.0 145.0
151.0 146.0
151.0 152.0
151.0 157.0
151.0 159.0
151.0 160.0
151.0 161.0
151.0 162.0
151.0 164.0
151.0 169.0
151.0 170.0
151.0 185.0
151.0 189.0
151.0 191.0
151.0 192.0
151.0 199.0
152.0 109.0
152.0 112.0
152.0 118.0
152.0 120.0
152.0 126.0
152.0 132.0
152.0 135.0
152.0 137.0
152.0 138.0
152.0 140.0
152.0 145.0
152.0 146.0
152.0 148.0
152.0 151.0
152.0 154.0
152.0 159.0
152.0 161.0
152.0 162.0
152.0 163.0
152.0 164.0
152.0 169.0
152.0 170.0
152.0 185.0
152.0 191.0
152.0 192.0
152.0 199.0
153.0 106.0
153.0 107.0
153.0 111.0
153.0 113.0
153.0 117.0
153.0 122.0
153.0 124.0
153.0 131.0
153.0 138.0
153.0 139.0
153.0 144.0
153.0 147.0
153.0 154.0
153.0 165.0
153.0 167.0
153.0 171.0
153.0 173.0
153.0 175.0
153.0 176.0
153.0 177.0
153.0 178.0
153.0 184.0
153.0 194.0
153.0 196.0
153.0 197.0
153.0 200.0
154.0 106.0
154.0 108.0
154.0 110.0
154.0 111.0
154.0 113.0
154.0 122.0
154.0 129.0
154.0 131.0
154.0 133.0
154.0 139.0
154.0 144.0
154.0 150.0
154.0 152.0
154.0 153.0
154.0 156.0
154.0 165.0
154.0 167.0
154.0 171.0
154.0 173.0
154.0 175.0
154.0 176.0
154.0 177.0
154.0 179.0
154.0 184.0
154.0 194.0
154.0 200.0
155.0 101.0
155.0 103.0
155.0 104.0
155.0 105.0
155.0 114.0
155.0 116.0
155.0 121.0
155.0 128.0
155.0 134.0
155.0 142.0
155.0 143.0
155.0 148.0
155.0 158.0
155.0 165.0
155.0 168.0
155.0 174.0
155.0 180.0
155.0 182.0
155.0 183.0
155.0 187.0
155.0 188.0
155.0 189.0
155.0 190.0
155.0 193.0
155.0 195.0
155.0 198.0
156.0 106.0
156.0 108.0
156.0 110.0
156.0 113.0
156.0 125.0
156.0 128.0
156.0 129.0
156.0 131.0
156.0 149.0
156.0 150.0
156.0 154.0
156.0 165.0
156.0 166.0
156.0 167.0
156.0 173.0
156.0 175.0
156.0 176.0
156.0 177.0
156.0 178.0
156.0 179.0
156.0 181.0
156.0 184.0
156.0 194.0
156.0 196.0
156.0 197.0
156.0 200.0
157.0 102.0
157.0 112.0
157.0 115.0
157.0 118.0
157.0 119.0
157.0 120.0
157.0 126.0
157.0 132.0
157.0 135.0
157.0 138.0
157.0 140.0
157.0 145.0
157.0 146.0
157.0 151.0
157.0 159.0
157.0 160.0
157.0 161.0
157.0 163.0
157.0 164.0
157.0 167.0
157.0 169.0
157.0 170.0
157.0 185.0
157.0 191.0
157.0 192.0
157.0 199.0
158.0 101.0
158.0 103.0
158.0 105.0
158.0 114.0
158.0 116.0
158.0 121.0
158.0 123.0
158.0 128.0
158.0 129.0
158.0 134.0
158.0 136.0
158.0 142.0
158.0 155.0
158.0 174.0
158.0 180.0
158.0 182.0
158.0 183.0
158.0 186.0
158.0 187.0
158.0 188.0
158.0 189.0
158.0 190.0
158.0 191.0
158.0 193.0
158.0 195.0
158.0 198.0
159.0 102.0
159.0 108.0
159.0 109.0
159.0 115.0
159.0 118.0
159.0 119.0
159.0 120.0
159.0 126.0
159.0 132.0
159.0 135.0
159.0 137.0
159.0 140.0
159.0 145.0
159.0 151.0
159.0 152.0
159.0 157.0
159.0 160.0
159.0 161.0
159.0 162.0
159.0 164.0
159.0 169.0
159.0 170.0
159.0 185.0
159.0 191.0
159.0 192.0
159.0 193.0
159.0 199.0
160.0 102.0
160.0 109.0
160.0 112.0
160.0 115.0
160.0 118.0
160.0 120.0
160.0 132.0
160.0 135.0
160.0 137.0
160.0 138.0
160.0 140.0
160.0 145.0
160.0 146.0
160.0 151.0
160.0 157.0
160.0 159.0
160.0 161.0
160.0 162.0
160.0 163.0
160.0 164.0
160.0 166.0
160.0 169.0
160.0 170.0
160.0 185.0
160.0 191.0
160.0 192.0
160.0 199.0
161.0 102.0
161.0 109.0
161.0 115.0
161.0 118.0
161.0 119.0
161.0 120.0
161.0 126.0
161.0 132.0
161.0 137.0
161.0 138.0
161.0 140.0
161.0 145.0
161.0 151.0
161.0 152.0
161.0 157.0
161.0 159.0
161.0 160.0
161.0 162.0
161.0 163.0
161.0 169.0
161.0 170.0
161.0 179.0
161.0 185.0
161.0 187.0
161.0 191.0
161.0 192.0
161.0 199.0
162.0 102.0
162.0 106.0
162.0 112.0
162.0 115.0
162.0 119.0
162.0 120.0
162.0 126.0
162.0 134.0
162.0 135.0
162.0 137.0
162.0 138.0
162.0 140.0
162.0 145.0
162.0 146.0
162.0 151.0
162.0 152.0
162.0 159.0
162.0 160.0
162.0 161.0
162.0 163.0
162.0 164.0
162.0 169.0
162.0 170.0
162.0 185.0
162.0 191.0
162.0 192.0
162.0 199.0
163.0 109.0
163.0 112.0
163.0 115.0
163.0 118.0
163.0 119.0
163.0 126.0
163.0 132.0
163.0 135.0
163.0 136.0
163.0 137.0
163.0 138.0
163.0 140.0
163.0 145.0
163.0 146.0
163.0 152.0
163.0 157.0
163.0 160.0
163.0 161.0
163.0 162.0
163.0 164.0
163.0 165.0
163.0 169.0
163.0 170.0
163.0 185.0
163.0 191.0
163.0 192.0
163.0 199.0
164.0 105.0
164.0 109.0
164.0 112.0
164.0 115.0
164.0 119.0
164.0 120.0
164.0 126.0
164.0 132.0
164.0 135.0
164.0 137.0
164.0 138.0
164.0 140.0
164.0 145.0
164.0 146.0
164.0 151.0
164.0 152.0
164.0 157.0
164.0 159.0
164.0 160.0
164.0 162.0
164.0 163.0
164.0 169.0
164.0 170.0
164.0 185.0
164.0 191.0
164.0 192.0
164.0 199.0
165.0 106.0
165.0 107.0
165.0 108.0
165.0 110.0
165.0 111.0
165.0 113.0
165.0 117.0
165.0 125.0
165.0 129.0
165.0 144.0
165.0 149.0
165.0 150.0
165.0 153.0
165.0 154.0
165.0 155.0
165.0 156.0
165.0 163.0
165.0 171.0
165.0 175.0
165.0 177.0
165.0 178.0
165.0 179.0
165.0 181.0
165.0 194.0
165.0 196.0
165.0 197.0
165.0 200.0
166.0 110.0
166.0 111.0
166.0 113.0
166.0 122.0
166.0 125.0
166.0 130.0
166.0 131.0
166.0 133.0
166.0 144.0
166.0 147.0
166.0 149.0
166.0 150.0
166.0 156.0
166.0 160.0
166.0 167.0
166.0 171.0
166.0 172.0
166.0 173.0
166.0 175.0
166.0 176.0
166.0 177.0
166.0 178.0
166.0 179.0
166.0 181.0
166.0 184.0
166.0 196.0
166.0 197.0
167.0 108.0
167.0 110.0
167.0 111.0
167.0 122.0
167.0 125.0
167.0 127.0
167.0 130.0
167.0 133.0
167.0 144.0
167.0 147.0
167.0 149.0
167.0 150.0
167.0 153.0
167.0 154.0
167.0 156.0
167.0 157.0
167.0 166.0
167.0 172.0
167.0 173.0
167.0 175.0
167.0 176.0
167.0 177.0
167.0 178.0
167.0 179.0
167.0 184.0
167.0 194.0
167.0 197.0
167.0 200.0
168.0 101.0
168.0 103.0
168.0 104.0
168.0 105.0
168.0 114.0
168.0 116.0
168.0 121.0
168.0 123.0
168.0 127.0
168.0 128.0
168.0 135.0
168.0 136.0
168.0 141.0
168.0 143.0
168.0 148.0
168.0 155.0
168.0 180.0
168.0 181.0
168.0 182.0
168.0 183.0
168.0 186.0
168.0 187.0
168.0 188.0
168.0 189.0
168.0 190.0
168.0 193.0
168.0 195.0
168.0 198.0
169.0 102.0
169.0 109.0
169.0 112.0
169.0 115.0
169.0 118.0
169.0 120.0
169.0 126.0
169.0 132.0
169.0 135.0
169.0 138.0
169.0 140.0
169.0 145.0
169.0 146.0
169.0 151.0
169.0 152.0
169.0 157.0
169.0 159.0
169.0 160.0
169.0 161.0
169.0 162.0
169.0 163.0
169.0 164.0
169.0 170.0
169.0 185.0
169.0 191.0
169.0 192.0
169.0 193.0
169.0 199.0
170.0 102.0
170.0 107.0
170.0 109.0
170.0 112.0
170.0 115.0
170.0 119.0
170.0 120.0
170.0 132.0
170.0 135.0
170.0 137.0
170.0 138.0
170.0 140.0
170.0 145.0
170.0 146.0
170.0 151.0
170.0 152.0
170.0 157.0
170.0 159.0
170.0 160.0
170.0 161.0
170.0 162.0
170.0 163.0
170.0 164.0
170.0 169.0
170.0 185.0
170.0 191.0
170.0 192.0
170.0 199.0
171.0 106.0
171.0 107.0
171.0 111.0
171.0 113.0
171.0 117.0
171.0 122.0
171.0 124.0
171.0 125.0
171.0 129.0
171.0 130.0
171.0 131.0
171.0 139.0
171.0 144.0
171.0 149.0
171.0 153.0
171.0 154.0
171.0 165.0
171.0 166.0
171.0 172.0
171.0 173.0
171.0 174.0
171.0 178.0
171.0 179.0
171.0 181.0
171.0 184.0
171.0 194.0
171.0 197.0
171.0 200.0
172.0 106.0
172.0 107.0
172.0 108.0
172.0 110.0
172.0 113.0
172.0 124.0
172.0 129.0
172.0 130.0
172.0 131.0
172.0 133.0
172.0 139.0
172.0 147.0
172.0 149.0
172.0 166.0
172.0 167.0
172.0 171.0
172.0 173.0
172.0 175.0
172.0 176.0
172.0 177.0
172.0 178.0
172.0 179.0
172.0 181.0
172.0 184.0
172.0 185.0
172.0 194.0
172.0 196.0
172.0 197.0
173.0 108.0
173.0 111.0
173.0 117.0
173.0 122.0
173.0 124.0
173.0 129.0
173.0 130.0
173.0 131.0
173.0 133.0
173.0 139.0
173.0 144.0
173.0 145.0
173.0 147.0
173.0 149.0
173.0 150.0
173.0 153.0
173.0 154.0
173.0 156.0
173.0 166.0
173.0 167.0
173.0 171.0
173.0 172.0
173.0 175.0
173.0 176.0
173.0 177.0
173.0 181.0
173.0 194.0
173.0 196.0
174.0 101.0
174.0 103.0
174.0 104.0
174.0 105.0
174.0 114.0
174.0 116.0
174.0 121.0
174.0 123.0
174.0 128.0
174.0 134.0
174.0 136.0
174.0 141.0
174.0 142.0
174.0 143.0
174.0 155.0
174.0 158.0
174.0 171.0
174.0 180.0
174.0 183.0
174.0 186.0
174.0 187.0
174.0 188.0
174.0 189.0
174.0 190.0
174.0 193.0
174.0 195.0
174.0 196.0
174.0 198.0
175.0 106.0
175.0 107.0
175.0 108.0
175.0 110.0
175.0 114.0
175.0 117.0
175.0 125.0
175.0 129.0
175.0 130.0
175.0 144.0
175.0 147.0
175.0 149.0
175.0 153.0
175.0 154.0
175.0 156.0
175.0 165.0
175.0 166.0
175.0 167.0
175.0 172.0
175.0 173.0
175.0 176.0
175.0 178.0
175.0 179.0
175.0 184.0
175.0 194.0
175.0 196.0
175.0 197.0
175.0 200.0
176.0 106.0
176.0 107.0
176.0 111.0
176.0 113.0
176.0 120.0
176.0 122.0
176.0 124.0
176.0 125.0
176.0 130.0
176.0 131.0
176.0 139.0
176.0 144.0
176.0 147.0
176.0 150.0
176.0 153.0
176.0 154.0
176.0 156.0
176.0 166.0
176.0 167.0
176.0 172.0
176.0 173.0
176.0 175.0
176.0 178.0
176.0 179.0
176.0 184.0
176.0 194.0
176.0 196.0
176.0 197.0
176.0 200.0
177.0 106.0
177.0 110.0
177.0 112.0
177.0 113.0
177.0 117.0
177.0 122.0
177.0 124.0
177.0 125.0
177.0 130.0
177.0 131.0
177.0 133.0
177.0 147.0
177.0 149.0
177.0 150.0
177.0 153.0
177.0 154.0
177.0 156.0
177.0 165.0
177.0 166.0
177.0 167.0
177.0 172.0
177.0 173.0
177.0 179.0
177.0 181.0
177.0 184.0
177.0 194.0
177.0 196.0
177.0 197.0
177.0 200.0
178.0 106.0
178.0 107.0
178.0 108.0
178.0 111.0
178.0 122.0
178.0 124.0
178.0 125.0
178.0 129.0
178.0 130.0
178.0 133.0
178.0 138.0
178.0 144.0
178.0 147.0
178.0 149.0
178.0 150.0
178.0 153.0
178.0 156.0
178.0 165.0
178.0 166.0
178.0 167.0
178.0 171.0
178.0 172.0
178.0 175.0
178.0 176.0
178.0 179.0
178.0 181.0
178.0 186.0
178.0 196.0
178.0 200.0
179.0 106.0
179.0 107.0
179.0 108.0
179.0 110.0
179.0 111.0
179.0 117.0
179.0 118.0
179.0 129.0
179.0 130.0
179.0 131.0
179.0 133.0
179.0 147.0
179.0 149.0
179.0 154.0
179.0 156.0
179.0 161.0
179.0 165.0
179.0 166.0
179.0 167.0
179.0 171.0
179.0 172.0
179.0 175.0
179.0 176.0
179.0 177.0
179.0 178.0
179.0 181.0
179.0 184.0
179.0 197.0
179.0 200.0
180.0 101.0
180.0 103.0
180.0 104.0
180.0 105.0
180.0 114.0
180.0 116.0
180.0 121.0
180.0 127.0
180.0 128.0
180.0 136.0
180.0 141.0
180.0 142.0
180.0 143.0
180.0 147.0
180.0 148.0
180.0 155.0
180.0 158.0
180.0 168.0
180.0 174.0
180.0 182.0
180.0 183.0
180.0 186.0
180.0 187.0
180.0 188.0
180.0 189.0
180.0 190.0
180.0 193.0
180.0 195.0
180.0 198.0
181.0 106.0
181.0 107.0
181.0 108.0
181.0 111.0
181.0 117.0
181.0 122.0
181.0 124.0
181.0 125.0
181.0 129.0
181.0 131.0
181.0 139.0
181.0 143.0
181.0 144.0
181.0 147.0
181.0 149.0
181.0 156.0
181.0 165.0
181.0 166.0
181.0 168.0
181.0 171.0
181.0 172.0
181.0 173.0
181.0 177.0
181.0 178.0
181.0 179.0
181.0 184.0
181.0 194.0
181.0 197.0
181.0 200.0
182.0 103.0
182.0 104.0
182.0 105.0
182.0 114.0
182.0 116.0
182.0 118.0
182.0 121.0
182.0 123.0
182.0 127.0
182.0 128.0
182.0 134.0
182.0 139.0
182.0 141.0
182.0 142.0
182.0 143.0
182.0 148.0
182.0 155.0
182.0 158.0
182.0 168.0
182.0 180.0
182.0 183.0
182.0 186.0
182.0 187.0
182.0 188.0
182.0 189.0
182.0 190.0
182.0 193.0
182.0 195.0
182.0 198.0
183.0 101.0
183.0 103.0
183.0 104.0
183.0 105.0
183.0 114.0
183.0 116.0
183.0 121.0
183.0 123.0
183.0 127.0
183.0 128.0
183.0 134.0
183.0 136.0
183.0 141.0
183.0 142.0
183.0 143.0
183.0 148.0
183.0 155.0
183.0 158.0
183.0 168.0
183.0 174.0
183.0 180.0
183.0 182.0
183.0 186.0
183.0 187.0
183.0 188.0
183.0 189.0
183.0 190.0
183.0 193.0
183.0 195.0
183.0 198.0
184.0 107.0
184.0 108.0
184.0 110.0
184.0 113.0
184.0 117.0
184.0 122.0
184.0 124.0
184.0 130.0
184.0 131.0
184.0 133.0
184.0 143.0
184.0 144.0
184.0 147.0
184.0 149.0
184.0 153.0
184.0 154.0
184.0 156.0
184.0 166.0
184.0 167.0
184.0 171.0
184.0 172.0
184.0 175.0
184.0 176.0
184.0 177.0
184.0 179.0
184.0 181.0
184.0 188.0
184.0 196.0
184.0 197.0
184.0 200.0
185.0 102.0
185.0 109.0
185.0 112.0
185.0 115.0
185.0 118.0
185.0 119.0
185.0 120.0
185.0 126.0
185.0 132.0
185.0 135.0
185.0 137.0
185.0 138.0
185.0 140.0
185.0 145.0
185.0 146.0
185.0 151.0
185.0 152.0
185.0 157.0
185.0 159.0
185.0 160.0
185.0 161.0
185.0 162.0
185.0 163.0
185.0 164.0
185.0 169.0
185.0 170.0
185.0 172.0
185.0 191.0
185.0 192.0
185.0 199.0
186.0 101.0
186.0 103.0
186.0 104.0
186.0 105.0
186.0 114.0
186.0 121.0
186.0 123.0
186.0 127.0
186.0 128.0
186.0 134.0
186.0 136.0
186.0 141.0
186.0 142.0
186.0 143.0
186.0 146.0
186.0 148.0
186.0 158.0
186.0 168.0
186.0 174.0
186.0 178.0
186.0 180.0
186.0 182.0
186.0 183.0
186.0 187.0
186.0 188.0
186.0 189.0
186.0 190.0
186.0 193.0
186.0 195.0
186.0 198.0
187.0 103.0
187.0 104.0
187.0 105.0
187.0 114.0
187.0 116.0
187.0 120.0
187.0 121.0
187.0 123.0
187.0 127.0
187.0 128.0
187.0 134.0
187.0 136.0
187.0 141.0
187.0 143.0
187.0 148.0
187.0 155.0
187.0 158.0
187.0 161.0
187.0 168.0
187.0 174.0
187.0 180.0
187.0 182.0
187.0 183.0
187.0 186.0
187.0 188.0
187.0 189.0
187.0 190.0
187.0 193.0
187.0 195.0
187.0 198.0
188.0 101.0
188.0 103.0
188.0 104.0
188.0 105.0
188.0 114.0
188.0 116.0
188.0 121.0
188.0 123.0
188.0 127.0
188.0 128.0
188.0 133.0
188.0 134.0
188.0 141.0
188.0 142.0
188.0 143.0
188.0 148.0
188.0 155.0
188.0 158.0
188.0 168.0
188.0 174.0
188.0 180.0
188.0 182.0
188.0 183.0
188.0 184.0
188.0 186.0
188.0 187.0
188.0 190.0
188.0 193.0
188.0 195.0
188.0 198.0
189.0 101.0
189.0 103.0
189.0 104.0
189.0 105.0
189.0 114.0
189.0 116.0
189.0 121.0
189.0 123.0
189.0 127.0
189.0 128.0
189.0 134.0
189.0 136.0
189.0 141.0
189.0 142.0
189.0 143.0
189.0 148.0
189.0 151.0
189.0 155.0
189.0 158.0
189.0 168.0
189.0 174.0
189.0 180.0
189.0 182.0
189.0 183.0
189.0 186.0
189.0 187.0
189.0 190.0
189.0 193.0
189.0 195.0
189.0 198.0
190.0 101.0
190.0 103.0
190.0 104.0
190.0 105.0
190.0 114.0
190.0 116.0
190.0 121.0
190.0 123.0
190.0 126.0
190.0 127.0
190.0 128.0
190.0 132.0
190.0 134.0
190.0 142.0
190.0 143.0
190.0 148.0
190.0 155.0
190.0 158.0
190.0 168.0
190.0 174.0
190.0 180.0
190.0 182.0
190.0 183.0
190.0 186.0
190.0 187.0
190.0 188.0
190.0 189.0
190.0 193.0
190.0 195.0
190.0 198.0
191.0 102.0
191.0 109.0
191.0 112.0
191.0 115.0
191.0 118.0
191.0 119.0
191.0 120.0
191.0 126.0
191.0 132.0
191.0 135.0
191.0 137.0
191.0 138.0
191.0 140.0
191.0 145.0
191.0 146.0
191.0 151.0
191.0 152.0
191.0 157.0
191.0 158.0
191.0 159.0
191.0 160.0
191.0 161.0
191.0 162.0
191.0 163.0
191.0 164.0
191.0 169.0
191.0 170.0
191.0 185.0
191.0 192.0
191.0 199.0
192.0 102.0
192.0 109.0
192.0 110.0
192.0 112.0
192.0 115.0
192.0 118.0
192.0 119.0
192.0 120.0
192.0 126.0
192.0 132.0
192.0 135.0
192.0 137.0
192.0 139.0
192.0 140.0
192.0 145.0
192.0 146.0
192.0 151.0
192.0 152.0
192.0 157.0
192.0 159.0
192.0 160.0
192.0 161.0
192.0 162.0
192.0 163.0
192.0 164.0
192.0 169.0
192.0 170.0
192.0 185.0
192.0 191.0
192.0 199.0
193.0 101.0
193.0 103.0
193.0 105.0
193.0 114.0
193.0 116.0
193.0 121.0
193.0 127.0
193.0 128.0
193.0 134.0
193.0 136.0
193.0 141.0
193.0 142.0
193.0 143.0
193.0 148.0
193.0 155.0
193.0 158.0
193.0 159.0
193.0 168.0
193.0 169.0
193.0 174.0
193.0 180.0
193.0 182.0
193.0 183.0
193.0 186.0
193.0 187.0
193.0 188.0
193.0 189.0
193.0 190.0
193.0 195.0
193.0 198.0
194.0 107.0
194.0 108.0
194.0 111.0
194.0 113.0
194.0 117.0
194.0 124.0
194.0 129.0
194.0 130.0
194.0 131.0
194.0 139.0
194.0 144.0
194.0 145.0
194.0 149.0
194.0 150.0
194.0 153.0
194.0 154.0
194.0 156.0
194.0 165.0
194.0 167.0
194.0 171.0
194.0 172.0
194.0 173.0
194.0 175.0
194.0 176.0
194.0 177.0
194.0 181.0
194.0 196.0
194.0 197.0
194.0 199.0
194.0 200.0
195.0 101.0
195.0 103.0
195.0 104.0
195.0 105.0
195.0 111.0
195.0 114.0
195.0 116.0
195.0 121.0
195.0 123.0
195.0 127.0
195.0 128.0
195.0 134.0
195.0 136.0
195.0 141.0
195.0 142.0
195.0 143.0
195.0 148.0
195.0 155.0
195.0 158.0
195.0 168.0
195.0 174.0
195.0 180.0
195.0 182.0
195.0 183.0
195.0 186.0
195.0 187.0
195.0 188.0
195.0 189.0
195.0 190.0
195.0 193.0
195.0 198.0
196.0 106.0
196.0 107.0
196.0 110.0
196.0 111.0
196.0 113.0
196.0 117.0
196.0 122.0
196.0 124.0
196.0 125.0
196.0 130.0
196.0 131.0
196.0 133.0
196.0 139.0
196.0 141.0
196.0 144.0
196.0 150.0
196.0 153.0
196.0 156.0
196.0 165.0
196.0 166.0
196.0 172.0
196.0 173.0
196.0 174.0
196.0 175.0
196.0 176.0
196.0 177.0
196.0 178.0
196.0 184.0
196.0 194.0
196.0 197.0
196.0 200.0
197.0 104.0
197.0 107.0
197.0 110.0
197.0 111.0
197.0 117.0
197.0 122.0
197.0 125.0
197.0 129.0
197.0 130.0
197.0 131.0
197.0 133.0
197.0 139.0
197.0 147.0
197.0 149.0
197.0 150.0
197.0 153.0
197.0 156.0
197.0 165.0
197.0 166.0
197.0 167.0
197.0 171.0
197.0 172.0
197.0 175.0
197.0 176.0
197.0 177.0
197.0 179.0
197.0 181.0
197.0 184.0
197.0 194.0
197.0 196.0
197.0 200.0
198.0 101.0
198.0 103.0
198.0 104.0
198.0 105.0
198.0 114.0
198.0 116.0
198.0 121.0
198.0 123.0
198.0 127.0
198.0 128.0
198.0 134.0
198.0 135.0
198.0 136.0
198.0 141.0
198.0 142.0
198.0 143.0
198.0 148.0
198.0 155.0
198.0 158.0
198.0 168.0
198.0 174.0
198.0 180.0
198.0 182.0
198.0 183.0
198.0 186.0
198.0 187.0
198.0 188.0
198.0 189.0
198.0 190.0
198.0 193.0
198.0 195.0
199.0 102.0
199.0 109.0
199.0 112.0
199.0 115.0
199.0 118.0
199.0 119.0
199.0 120.0
199.0 126.0
199.0 132.0
199.0 135.0
199.0 137.0
199.0 138.0
199.0 140.0
199.0 145.0
199.0 146.0
199.0 147.0
199.0 151.0
199.0 152.0
199.0 157.0
199.0 159.0
199.0 160.0
199.0 161.0
199.0 162.0
199.0 163.0
199.0 164.0
199.0 169.0
199.0 170.0
199.0 185.0
199.0 191.0
199.0 192.0
199.0 194.0
200.0 107.0
200.0 110.0
200.0 111.0
200.0 113.0
200.0 117.0
200.0 122.0
200.0 124.0
200.0 125.0
200.0 133.0
200.0 139.0
200.0 142.0
200.0 144.0
200.0 147.0
200.0 149.0
200.0 150.0
200.0 153.0
200.0 154.0
200.0 156.0
200.0 165.0
200.0 167.0
200.0 171.0
200.0 175.0
200.0 176.0
200.0 177.0
200.0 178.0
200.0 179.0
200.0 181.0
200.0 184.0
200.0 194.0
200.0 196.0
200.0 197.0
1
1 2
112
34 153.0
42 165.0
74 194.0
98 173.0
68 176.0
48 113.0
36 172.0
5 166.0
90 133.0
55 144.0
87 196.0
21 178.0
82 139.0
86 150.0
4 117.0
83 107.0
93 111.0
43 106.0
88 156.0
95 181.0
41 167.0
3 197.0
16 154.0
80 125.0
89 122.0
28 110.0
27 129.0
23 171.0
58 149.0
1 130.0
14 124.0
41 200.0
82 147.0
90 177.0
21 108.0
14 131.0
4 179.0
16 184.0
5 175.0
77 118.0
10 146.0
39 120.0
65 140.0
76 102.0
24 169.0
81 115.0
71 132.0
97 137.0
56 145.0
17 164.0
54 157.0
29 112.0
67 185.0
7 152.0
31 192.0
8 199.0
53 161.0
75 126.0
72 135.0
22 109.0
33 163.0
47 151.0
25 170.0
78 138.0
100 119.0
13 191.0
44 160.0
49 162.0
66 159.0
96 160.0
79 164.0
30 115.0
94 152.0
84 118.0
50 191.0
11 192.0
73 146.0
6 199.0
86 146.0
78 144.0
22 117.0
100 133.0
74 146.0
6 175.0
24 139.0
44 166.0
42 132.0
33 197.0
82 140.0
77 176.0
68 119.0
1 135.0
88 159.0
58 109.0
7 197.0
34 161.0
5 145.0
29 122.0
67 111.0
71 133.0
89 137.0
83 152.0
80 102.0
22 181.0
54 176.0
98 138.0
58 146.0
13 167.0
87 170.0
50 144.0
4 145.0
66 107.0
4
1 3 4 5 14 16 21 23 27 28 34 36 41 42 43 48 55 58 68 74 80 82 83 86 87 88 89 90 93 95 98 106.0 107.0 108.0 110.0 111.0 113.0 117.0 122.0 124.0 125.0 129.0 130.0 131.0 133.0 139.0 144.0 147.0 149.0 150.0 153.0 154.0 156.0 165.0 166.0 167.0 171.0 172.0 173.0 175.0 176.0 177.0 178.0 179.0 181.0 184.0 194.0 196.0 197.0 200.0 
6 7 8 10 11 13 17 22 24 25 29 30 31 33 39 44 47 49 50 53 54 56 65 66 67 71 72 73 75 76 77 78 79 81 84 94 96 97 100 102.0 109.0 112.0 115.0 118.0 119.0 120.0 126.0 132.0 135.0 137.0 138.0 140.0 145.0 146.0 151.0 152.0 157.0 159.0 160.0 161.0 162.0 163.0 164.0 169.0 170.0 185.0 191.0 192.0 199.0 
2 9 12 15 18 19 20 26 32 35 37 38 40 45 46 51 52 57 59 60 61 62 63 64 69 70 85 91 92 99
101.0 103.0 104.0 105.0 114.0 116.0 121.0 123.0 127.0 128.0 134.0 136.0 141.0 142.0 143.0 148.0 155.0 158.0 168.0 174.0 180.0 182.0 183.0 186.0 187.0 188.0 189.0 190.0 193.0 195.0 198.0
