2
1 2 3 4 5 6 7 8 9 10 11 12 13 14 15 16 17 18 19 20 21 22 23 24 25 26 27 28 29 30 31 32 33 34 35 36 37 38 39 40 41 42 43 44 45 46 47 48 49 50 51 52 53 54 55 56 57 58 59 60 61 62 63 64 65 66 67 68 69 70 71 72 73 74 75 76 77 78 79 80 81 82 83 84 85 86 87 88 89 90 91 92 93 94 95 96 97 98 99 100
3596
1 6
1 8
1 9
1 16
1 19
1 21
1 22
1 24
1 26
1 33
1 34
1 35
1 39
1 42
1 44
1 45
1 46
1 47
1 49
1 53
1 55
1 57
1 58
1 59
1 60
1 65
1 71
1 78
1 80
1 90
1 93
1 96
2 3
2 7
2 10
2 11
2 13
2 23
2 27
2 28
2 29
2 30
2 37
2 38
2 43
2 50
2 62
2 63
2 64
2 66
2 73
2 75
2 77
2 79
2 81
2 82
2 83
2 84
2 86
2 89
2 92
2 94
2 95
2 98
3 2
3 10
3 13
3 15
3 23
3 32
3 38
3 43
3 48
3 50
3 54
3 56
3 61
3 62
3 63
3 68
3 70
3 73
3 76
3 79
3 82
3 83
3 86
3 87
3 88
3 89
3 91
3 92
3 94
3 95
3 97
3 99
4 5
4 6
4 8
4 9
4 16
4 17
4 18
4 21
4 24
4 35
4 39
4 40
4 42
4 44
4 45
4 46
4 47
4 51
4 52
4 53
4 55
4 57
4 58
4 59
4 60
4 65
4 71
4 78
4 80
4 90
4 93
4 96
5 4
5 6
5 8
5 12
5 17
5 18
5 21
5 24
5 35
5 39
5 40
5 41
5 42
5 45
5 46
5 47
5 49
5 51
5 53
5 54
5 57
5 58
5 59
5 60
5 65
5 71
5 78
5 80
5 90
5 93
5 94
5 96
6 1
6 4
6 5
6 8
6 9
6 12
6 19
6 24
6 26
6 33
6 34
6 35
6 42
6 45
6 47
6 49
6 51
6 53
6 54
6 55
6 57
6 58
6 60
6 65
6 71
6 78
6 80
6 85
6 90
6 93
6 94
6 96
7 2
7 8
7 15
7 19
7 20
7 22
7 23
7 25
7 28
7 29
7 32
7 38
7 41
7 56
7 64
7 66
7 67
7 68
7 73
7 74
7 76
7 77
7 79
7 81
7 82
7 83
7 85
7 86
7 88
7 91
7 92
7 95
8 1
8 4
8 5
8 6
8 7
8 9
8 12
8 16
8 17
8 18
8 19
8 24
8 33
8 34
8 35
8 40
8 44
8 46
8 47
8 49
8 53
8 54
8 55
8 59
8 60
8 65
8 71
8 76
8 80
8 90
8 93
8 96
9 1
9 4
9 6
9 8
9 12
9 16
9 18
9 19
9 24
9 26
9 33
9 34
9 39
9 40
9 42
9 44
9 45
9 46
9 47
9 51
9 53
9 54
9 57
9 58
9 60
9 65
9 71
9 80
9 86
9 90
9 93
9 96
10 2
10 3
10 25
10 29
10 30
10 31
10 32
10 35
10 36
10 37
10 48
10 52
10 62
10 63
10 69
10 70
10 74
10 75
10 76
10 77
10 81
10 82
10 84
10 86
10 87
10 88
10 89
10 91
10 92
10 97
10 98
10 100
11 2
11 13
11 15
11 20
11 29
11 30
11 41
11 43
11 48
11 50
11 56
11 62
11 64
11 67
11 68
11 72
11 73
11 74
11 76
11 77
11 79
11 81
11 84
11 86
11 87
11 91
11 94
11 97
11 98
11 99
11 100
12 5
12 6
12 8
12 9
12 16
12 17
12 19
12 21
12 24
12 26
12 34
12 39
12 42
12 44
12 45
12 46
12 47
12 49
12 53
12 54
12 55
12 57
12 58
12 59
12 60
12 65
12 71
12 78
12 80
12 81
12 90
12 93
12 96
13 2
13 3
13 11
13 23
13 25
13 27
13 28
13 30
13 32
13 36
13 39
13 50
13 52
13 61
13 62
13 63
13 67
13 69
13 70
13 72
13 73
13 75
13 77
13 79
13 83
13 86
13 87
13 91
13 94
13 95
13 98
13 99
13 100
14 15
14 20
14 23
14 25
14 29
14 30
14 31
14 36
14 37
14 43
14 50
14 52
14 61
14 62
14 63
14 64
14 66
14 67
14 68
14 70
14 79
14 81
14 82
14 84
14 85
14 86
14 87
14 88
14 91
14 92
14 94
14 95
14 100
15 3
15 7
15 11
15 14
15 16
15 22
15 27
15 28
15 30
15 31
15 36
15 37
15 38
15 47
15 48
15 56
15 67
15 69
15 70
15 73
15 74
15 76
15 79
15 82
15 84
15 85
15 86
15 88
15 89
15 91
15 95
15 97
15 100
16 1
16 4
16 8
16 9
16 12
16 15
16 17
16 18
16 19
16 21
16 24
16 33
16 34
16 35
16 38
16 40
16 42
16 44
16 45
16 46
16 49
16 51
16 54
16 55
16 57
16 58
16 59
16 60
16 78
16 80
16 90
16 93
16 96
17 4
17 5
17 8
17 12
17 16
17 19
17 21
17 26
17 33
17 34
17 35
17 39
17 40
17 44
17 45
17 46
17 47
17 49
17 51
17 53
17 55
17 57
17 58
17 59
17 60
17 65
17 71
17 78
17 80
17 90
17 93
17 96
17 100
18 4
18 5
18 8
18 9
18 16
18 19
18 21
18 26
18 33
18 34
18 38
18 39
18 40
18 42
18 44
18 45
18 47
18 49
18 51
18 53
18 54
18 57
18 58
18 59
18 60
18 63
18 65
18 71
18 78
18 80
18 90
18 93
18 96
19 1
19 6
19 7
19 8
19 9
19 12
19 16
19 17
19 18
19 26
19 34
19 35
19 39
19 40
19 42
19 44
19 45
19 49
19 51
19 53
19 54
19 55
19 57
19 58
19 59
19 60
19 65
19 71
19 78
19 80
19 90
19 93
19 96
20 7
20 11
20 14
20 22
20 27
20 29
20 30
20 31
20 32
20 36
20 41
20 43
20 48
20 56
20 61
20 62
20 63
20 64
20 66
20 69
20 70
20 74
20 76
20 77
20 80
20 81
20 82
20 84
20 87
20 89
20 91
20 92
20 97
21 1
21 4
21 5
21 12
21 16
21 17
21 18
21 24
21 26
21 27
21 33
21 39
21 40
21 44
21 46
21 47
21 49
21 51
21 53
21 54
21 55
21 57
21 58
21 59
21 60
21 65
21 71
21 78
21 80
21 90
21 93
21 96
21 99
22 1
22 7
22 15
22 20
22 23
22 25
22 27
22 31
22 32
22 37
22 43
22 48
22 56
22 62
22 63
22 64
22 67
22 69
22 70
22 72
22 73
22 74
22 76
22 79
22 84
22 85
22 86
22 87
22 92
22 94
22 98
22 99
22 100
23 2
23 3
23 7
23 13
23 14
23 22
23 25
23 27
23 28
23 31
23 37
23 38
23 56
23 62
23 64
23 66
23 67
23 68
23 69
23 72
23 73
23 74
23 76
23 77
23 85
23 86
23 87
23 88
23 91
23 92
23 95
23 99
23 100
24 1
24 4
24 5
24 6
24 8
24 9
24 12
24 16
24 21
24 26
24 34
24 35
24 39
24 42
24 44
24 45
24 47
24 49
24 51
24 53
24 54
24 55
24 57
24 58
24 59
24 60
24 65
24 71
24 78
24 80
24 83
24 90
24 93
24 96
25 7
25 10
25 13
25 14
25 22
25 23
25 27
25 28
25 29
25 43
25 48
25 50
25 52
25 61
25 62
25 64
25 66
25 70
25 72
25 73
25 74
25 76
25 77
25 79
25 81
25 82
25 83
25 85
25 87
25 89
25 91
25 94
25 99
26 1
26 6
26 9
26 12
26 17
26 18
26 19
26 21
26 24
26 33
26 34
26 35
26 39
26 40
26 42
26 44
26 45
26 46
26 47
26 49
26 53
26 54
26 55
26 58
26 59
26 60
26 65
26 70
26 73
26 78
26 80
26 90
26 93
26 96
27 2
27 13
27 15
27 20
27 21
27 22
27 23
27 25
27 30
27 31
27 36
27 41
27 43
27 48
27 50
27 52
27 60
27 62
27 66
27 68
27 73
27 75
27 81
27 83
27 85
27 86
27 88
27 89
27 91
27 94
27 95
27 98
27 99
27 100
28 2
28 7
28 13
28 15
28 23
28 25
28 30
28 31
28 36
28 38
28 41
28 43
28 48
28 52
28 56
28 61
28 69
28 70
28 72
28 75
28 78
28 79
28 81
28 84
28 85
28 87
28 88
28 91
28 94
28 95
28 97
28 98
28 99
28 100
29 2
29 7
29 10
29 11
29 14
29 20
29 25
29 30
29 32
29 38
29 41
29 43
29 48
29 50
29 52
29 61
29 62
29 66
29 69
29 70
29 72
29 73
29 75
29 76
29 79
29 82
29 83
29 84
29 85
29 86
29 87
29 92
29 94
29 95
30 2
30 10
30 11
30 13
30 14
30 15
30 20
30 27
30 28
30 29
30 36
30 38
30 43
30 50
30 52
30 56
30 61
30 64
30 66
30 67
30 70
30 72
30 74
30 75
30 77
30 83
30 85
30 88
30 91
30 94
30 95
30 100
31 10
31 14
31 15
31 20
31 22
31 23
31 27
31 28
31 32
31 36
31 37
31 41
31 43
31 48
31 52
31 57
31 62
31 64
31 67
31 68
31 69
31 70
31 73
31 76
31 79
31 81
31 85
31 86
31 88
31 95
31 97
31 98
31 99
31 100
32 3
32 7
32 10
32 13
32 20
32 22
32 29
32 31
32 37
32 48
32 52
32 56
32 61
32 62
32 66
32 67
32 72
32 73
32 74
32 76
32 77
32 79
32 82
32 83
32 84
32 85
32 86
32 89
32 93
32 94
32 98
32 99
32 100
33 1
33 6
33 8
33 9
33 16
33 17
33 18
33 21
33 26
33 35
33 39
33 40
33 42
33 44
33 46
33 47
33 49
33 51
33 53
33 54
33 55
33 57
33 58
33 59
33 60
33 65
33 71
33 78
33 80
33 84
33 90
33 93
33 95
33 96
34 1
34 6
34 8
34 9
34 12
34 16
34 17
34 18
34 19
34 24
34 26
34 35
34 39
34 40
34 42
34 44
34 45
34 46
34 47
34 49
34 51
34 54
34 55
34 57
34 60
34 65
34 71
34 78
34 80
34 89
34 90
34 93
34 96
34 97
35 1
35 4
35 5
35 6
35 8
35 10
35 16
35 17
35 19
35 24
35 26
35 33
35 34
35 40
35 42
35 44
35 45
35 46
35 47
35 49
35 51
35 55
35 57
35 58
35 59
35 60
35 65
35 71
35 78
35 80
35 90
35 93
35 96
35 99
36 10
36 13
36 14
36 15
36 20
36 27
36 28
36 30
36 31
36 37
36 38
36 48
36 50
36 52
36 56
36 62
36 63
36 66
36 67
36 68
36 69
36 70
36 74
36 79
36 82
36 88
36 89
36 90
36 91
36 92
36 94
36 95
36 97
36 100
37 2
37 10
37 14
37 15
37 22
37 23
37 31
37 32
37 36
37 41
37 50
37 52
37 55
37 63
37 64
37 67
37 68
37 69
37 72
37 73
37 74
37 75
37 76
37 84
37 85
37 86
37 87
37 88
37 91
37 92
37 94
37 95
37 97
37 100
38 2
38 3
38 7
38 15
38 16
38 18
38 23
38 28
38 29
38 30
38 36
38 41
38 43
38 50
38 61
38 64
38 67
38 69
38 70
38 74
38 75
38 76
38 77
38 81
38 82
38 84
38 85
38 86
38 88
38 89
38 91
38 92
38 97
38 99
38 100
39 1
39 4
39 5
39 9
39 12
39 13
39 17
39 18
39 19
39 21
39 24
39 26
39 33
39 34
39 40
39 42
39 45
39 47
39 49
39 51
39 53
39 54
39 55
39 57
39 58
39 59
39 60
39 65
39 71
39 78
39 80
39 89
39 90
39 93
39 96
40 4
40 5
40 8
40 9
40 16
40 17
40 18
40 19
40 21
40 26
40 33
40 34
40 35
40 39
40 42
40 44
40 45
40 46
40 47
40 49
40 51
40 53
40 54
40 55
40 57
40 58
40 59
40 60
40 62
40 64
40 65
40 71
40 78
40 90
40 96
41 5
41 7
41 11
41 20
41 27
41 28
41 29
41 31
41 37
41 38
41 47
41 50
41 52
41 56
41 61
41 63
41 66
41 68
41 69
41 70
41 72
41 76
41 77
41 79
41 81
41 83
41 84
41 91
41 92
41 94
41 95
41 97
41 98
41 99
41 100
42 1
42 4
42 5
42 6
42 9
42 12
42 16
42 18
42 19
42 24
42 26
42 33
42 34
42 35
42 39
42 40
42 44
42 45
42 46
42 47
42 49
42 51
42 53
42 54
42 55
42 57
42 58
42 59
42 65
42 67
42 71
42 78
42 80
42 90
42 93
43 2
43 3
43 11
43 14
43 20
43 22
43 25
43 27
43 28
43 29
43 30
43 31
43 38
43 48
43 61
43 62
43 64
43 69
43 70
43 72
43 73
43 74
43 77
43 82
43 83
43 85
43 89
43 90
43 91
43 94
43 95
43 97
43 98
43 99
43 100
44 1
44 4
44 8
44 9
44 12
44 16
44 17
44 18
44 19
44 21
44 24
44 26
44 33
44 34
44 35
44 40
44 42
44 45
44 46
44 47
44 49
44 51
44 54
44 55
44 56
44 57
44 59
44 65
44 71
44 78
44 80
44 83
44 90
44 93
44 96
45 1
45 4
45 5
45 6
45 9
45 12
45 16
45 17
45 18
45 19
45 24
45 26
45 34
45 35
45 39
45 40
45 42
45 44
45 46
45 47
45 49
45 51
45 53
45 54
45 55
45 56
45 57
45 58
45 59
45 61
45 78
45 80
45 90
45 93
45 96
46 1
46 4
46 5
46 8
46 9
46 12
46 16
46 17
46 21
46 26
46 33
46 34
46 35
46 40
46 42
46 44
46 45
46 47
46 49
46 51
46 53
46 54
46 55
46 57
46 58
46 59
46 60
46 65
46 71
46 72
46 78
46 80
46 90
46 93
46 95
46 96
47 1
47 4
47 5
47 6
47 8
47 9
47 12
47 15
47 17
47 18
47 21
47 24
47 26
47 33
47 34
47 35
47 39
47 40
47 41
47 42
47 44
47 45
47 46
47 49
47 51
47 53
47 54
47 55
47 59
47 65
47 71
47 78
47 80
47 90
47 93
47 96
48 3
48 10
48 11
48 15
48 20
48 22
48 25
48 27
48 28
48 29
48 31
48 32
48 36
48 43
48 50
48 62
48 63
48 66
48 67
48 69
48 73
48 75
48 76
48 77
48 82
48 83
48 84
48 85
48 87
48 88
48 92
48 94
48 97
48 98
48 100
49 1
49 5
49 6
49 8
49 12
49 16
49 17
49 18
49 19
49 21
49 24
49 26
49 33
49 34
49 35
49 39
49 40
49 42
49 44
49 45
49 46
49 47
49 51
49 54
49 55
49 57
49 58
49 59
49 60
49 71
49 78
49 80
49 84
49 90
49 93
49 96
50 2
50 3
50 11
50 13
50 14
50 25
50 27
50 29
50 30
50 36
50 37
50 38
50 41
50 48
50 61
50 63
50 66
50 67
50 70
50 73
50 74
50 79
50 81
50 82
50 83
50 84
50 85
50 86
50 89
50 94
50 96
50 97
50 98
50 99
50 100
51 4
51 5
51 6
51 9
51 16
51 17
51 18
51 19
51 21
51 24
51 33
51 34
51 35
51 39
51 40
51 42
51 44
51 45
51 46
51 47
51 49
51 53
51 54
51 55
51 57
51 58
51 60
51 65
51 71
51 74
51 76
51 78
51 80
51 90
51 93
51 96
52 4
52 10
52 13
52 14
52 25
52 27
52 28
52 29
52 30
52 31
52 32
52 36
52 37
52 41
52 56
52 61
52 62
52 64
52 66
52 73
52 74
52 75
52 76
52 77
52 81
52 82
52 83
52 84
52 86
52 88
52 91
52 95
52 98
52 99
52 100
53 1
53 4
53 5
53 6
53 8
53 9
53 12
53 17
53 18
53 19
53 21
53 24
53 26
53 33
53 39
53 40
53 42
53 45
53 46
53 47
53 51
53 54
53 55
53 57
53 58
53 59
53 60
53 65
53 71
53 74
53 78
53 80
53 88
53 90
53 93
53 96
54 3
54 5
54 6
54 8
54 9
54 12
54 16
54 18
54 19
54 21
54 24
54 26
54 33
54 34
54 39
54 40
54 42
54 44
54 45
54 46
54 47
54 49
54 51
54 53
54 55
54 57
54 58
54 59
54 60
54 65
54 71
54 78
54 80
54 90
54 92
54 93
54 96
55 1
55 4
55 6
55 8
55 12
55 16
55 17
55 19
55 21
55 24
55 26
55 33
55 34
55 35
55 37
55 39
55 40
55 42
55 44
55 45
55 46
55 47
55 49
55 51
55 53
55 54
55 57
55 58
55 59
55 60
55 65
55 71
55 78
55 79
55 80
55 93
55 96
56 3
56 7
56 11
56 15
56 20
56 22
56 23
56 28
56 30
56 32
56 36
56 41
56 44
56 45
56 52
56 61
56 64
56 66
56 68
56 69
56 70
56 72
56 73
56 74
56 75
56 77
56 82
56 83
56 84
56 85
56 86
56 92
56 94
56 95
56 98
56 99
56 100
57 1
57 4
57 5
57 6
57 9
57 12
57 16
57 17
57 18
57 19
57 21
57 24
57 31
57 33
57 34
57 35
57 39
57 40
57 42
57 44
57 45
57 46
57 49
57 51
57 53
57 54
57 55
57 58
57 59
57 60
57 65
57 71
57 78
57 80
57 90
57 93
57 96
58 1
58 4
58 5
58 6
58 9
58 12
58 16
58 17
58 18
58 19
58 21
58 24
58 26
58 33
58 35
58 39
58 40
58 42
58 45
58 46
58 49
58 51
58 53
58 54
58 55
58 57
58 59
58 60
58 65
58 71
58 78
58 80
58 90
58 91
58 92
58 93
58 96
59 1
59 4
59 5
59 8
59 12
59 16
59 17
59 18
59 19
59 21
59 24
59 26
59 33
59 35
59 39
59 40
59 42
59 44
59 45
59 46
59 47
59 49
59 53
59 54
59 55
59 57
59 58
59 60
59 63
59 65
59 71
59 77
59 78
59 80
59 90
59 93
59 96
60 1
60 4
60 5
60 6
60 8
60 9
60 12
60 16
60 17
60 18
60 19
60 21
60 24
60 26
60 27
60 33
60 34
60 35
60 39
60 40
60 46
60 49
60 51
60 53
60 54
60 55
60 57
60 58
60 59
60 61
60 65
60 71
60 78
60 80
60 90
60 93
60 96
61 3
61 13
61 14
61 20
61 25
61 28
61 29
61 30
61 32
61 38
61 41
61 43
61 45
61 50
61 52
61 56
61 60
61 63
61 64
61 66
61 68
61 69
61 75
61 76
61 77
61 79
61 83
61 84
61 86
61 89
61 91
61 92
61 94
61 95
61 97
61 99
61 100
62 2
62 3
62 10
62 11
62 13
62 14
62 20
62 22
62 23
62 25
62 27
62 29
62 31
62 32
62 36
62 40
62 43
62 48
62 52
62 64
62 66
62 68
62 69
62 75
62 79
62 81
62 82
62 83
62 87
62 88
62 89
62 91
62 94
62 97
62 98
62 99
62 100
63 2
63 3
63 10
63 13
63 14
63 18
63 20
63 22
63 36
63 37
63 41
63 48
63 50
63 59
63 61
63 66
63 68
63 69
63 70
63 73
63 74
63 75
63 76
63 77
63 79
63 82
63 84
63 85
63 87
63 88
63 89
63 91
63 94
63 95
63 97
63 98
63 99
64 2
64 7
64 11
64 14
64 20
64 22
64 23
64 25
64 30
64 31
64 37
64 38
64 40
64 43
64 52
64 56
64 61
64 62
64 66
64 69
64 70
64 73
64 74
64 76
64 77
64 83
64 84
64 85
64 86
64 89
64 91
64 92
64 95
64 97
64 98
64 99
64 100
65 1
65 4
65 5
65 6
65 8
65 9
65 12
65 17
65 18
65 19
65 21
65 24
65 26
65 33
65 34
65 35
65 39
65 40
65 42
65 44
65 46
65 47
65 51
65 53
65 54
65 55
65 57
65 58
65 59
65 60
65 70
65 71
65 78
65 80
65 90
65 93
65 96
65 100
66 2
66 7
66 14
66 20
66 23
66 25
66 27
66 29
66 30
66 32
66 36
66 41
66 48
66 50
66 52
66 56
66 61
66 62
66 63
66 64
66 70
66 73
66 74
66 75
66 77
66 79
66 81
66 83
66 84
66 87
66 88
66 95
66 97
66 98
66 99
66 100
67 7
67 11
67 13
67 14
67 15
67 22
67 23
67 30
67 31
67 32
67 36
67 37
67 38
67 42
67 48
67 50
67 68
67 69
67 70
67 72
67 73
67 74
67 75
67 76
67 77
67 81
67 82
67 83
67 84
67 86
67 87
67 88
67 91
67 92
67 94
67 95
67 97
67 98
68 3
68 7
68 11
68 14
68 23
68 27
68 31
68 36
68 37
68 41
68 56
68 61
68 62
68 63
68 67
68 69
68 72
68 74
68 75
68 76
68 77
68 79
68 81
68 83
68 85
68 86
68 87
68 88
68 89
68 91
68 92
68 94
68 95
68 97
68 98
68 99
68 100
69 10
69 13
69 15
69 20
69 22
69 23
69 28
69 29
69 31
69 36
69 37
69 38
69 41
69 43
69 48
69 56
69 61
69 62
69 63
69 64
69 67
69 68
69 72
69 73
69 75
69 77
69 79
69 81
69 83
69 84
69 86
69 88
69 89
69 91
69 92
69 95
69 100
70 3
70 10
70 13
70 14
70 15
70 20
70 22
70 25
70 26
70 28
70 29
70 30
70 31
70 36
70 38
70 41
70 43
70 50
70 56
70 63
70 64
70 65
70 66
70 67
70 72
70 73
70 75
70 81
70 82
70 84
70 86
70 87
70 89
70 92
70 94
70 95
70 97
70 99
71 1
71 4
71 5
71 6
71 8
71 9
71 12
71 17
71 18
71 19
71 21
71 24
71 33
71 34
71 35
71 39
71 40
71 42
71 44
71 46
71 47
71 49
71 51
71 53
71 54
71 55
71 57
71 58
71 59
71 60
71 65
71 72
71 78
71 80
71 86
71 90
71 93
71 96
72 11
72 13
72 22
72 23
72 25
72 28
72 29
72 30
72 32
72 37
72 41
72 43
72 46
72 56
72 67
72 68
72 69
72 70
72 71
72 74
72 75
72 76
72 77
72 79
72 81
72 82
72 83
72 85
72 86
72 87
72 88
72 89
72 92
72 94
72 95
72 97
72 98
72 99
73 2
73 3
73 7
73 11
73 13
73 15
73 22
73 23
73 25
73 26
73 27
73 29
73 31
73 32
73 37
73 43
73 48
73 50
73 52
73 56
73 63
73 64
73 66
73 67
73 69
73 70
73 77
73 82
73 83
73 85
73 86
73 87
73 88
73 89
73 92
73 94
73 100
74 7
74 10
74 11
74 15
74 20
74 22
74 23
74 25
74 30
74 32
74 36
74 37
74 38
74 43
74 50
74 51
74 52
74 53
74 56
74 63
74 64
74 66
74 67
74 68
74 72
74 75
74 77
74 79
74 82
74 85
74 87
74 88
74 91
74 92
74 94
74 95
74 97
74 98
75 2
75 10
75 13
75 27
75 28
75 29
75 30
75 37
75 38
75 48
75 52
75 56
75 61
75 62
75 63
75 66
75 67
75 68
75 69
75 70
75 72
75 74
75 76
75 77
75 79
75 81
75 82
75 83
75 84
75 87
75 88
75 89
75 92
75 94
75 96
75 97
75 98
75 99
75 100
76 3
76 7
76 8
76 10
76 11
76 15
76 20
76 22
76 23
76 25
76 29
76 31
76 32
76 37
76 38
76 41
76 48
76 51
76 52
76 61
76 63
76 64
76 67
76 68
76 72
76 75
76 79
76 82
76 83
76 84
76 85
76 86
76 87
76 88
76 89
76 92
76 95
76 97
76 98
77 2
77 7
77 10
77 11
77 13
77 20
77 23
77 25
77 30
77 32
77 38
77 41
77 43
77 48
77 52
77 56
77 59
77 61
77 63
77 64
77 66
77 67
77 68
77 69
77 72
77 73
77 74
77 75
77 81
77 82
77 84
77 85
77 87
77 89
77 93
77 94
77 95
77 98
77 99
78 1
78 4
78 5
78 6
78 12
78 16
78 17
78 18
78 19
78 21
78 24
78 26
78 28
78 33
78 34
78 35
78 39
78 40
78 42
78 44
78 45
78 46
78 47
78 49
78 51
78 53
78 54
78 55
78 57
78 58
78 59
78 60
78 65
78 71
78 80
78 82
78 90
78 93
78 96
79 2
79 3
79 7
79 11
79 13
79 14
79 15
79 22
79 25
79 28
79 29
79 31
79 32
79 36
79 41
79 50
79 55
79 61
79 62
79 63
79 66
79 68
79 69
79 72
79 74
79 75
79 76
79 82
79 83
79 84
79 87
79 88
79 89
79 91
79 92
79 94
79 97
79 99
80 1
80 4
80 5
80 6
80 8
80 9
80 12
80 16
80 17
80 18
80 19
80 20
80 21
80 24
80 26
80 33
80 34
80 35
80 39
80 42
80 44
80 45
80 46
80 47
80 49
80 51
80 53
80 54
80 55
80 57
80 58
80 59
80 60
80 65
80 71
80 78
80 90
80 93
80 96
81 2
81 7
81 10
81 11
81 12
81 14
81 20
81 25
81 27
81 28
81 31
81 38
81 41
81 50
81 52
81 62
81 66
81 67
81 68
81 69
81 70
81 72
81 75
81 77
81 82
81 83
81 84
81 85
81 86
81 87
81 88
81 89
81 91
81 92
81 95
81 96
81 97
81 98
81 99
82 2
82 3
82 7
82 10
82 14
82 15
82 20
82 25
82 29
82 32
82 36
82 38
82 43
82 48
82 50
82 52
82 56
82 62
82 63
82 67
82 70
82 72
82 73
82 74
82 75
82 76
82 77
82 78
82 79
82 81
82 87
82 88
82 89
82 92
82 94
82 95
82 98
82 99
83 2
83 3
83 7
83 13
83 24
83 25
83 27
83 29
83 30
83 32
83 41
83 43
83 44
83 48
83 50
83 52
83 56
83 61
83 62
83 64
83 66
83 67
83 68
83 69
83 72
83 73
83 75
83 76
83 79
83 81
83 84
83 85
83 86
83 87
83 91
83 94
83 95
83 98
83 99
83 100
84 2
84 10
84 11
84 14
84 15
84 20
84 22
84 28
84 29
84 32
84 33
84 37
84 38
84 41
84 48
84 49
84 50
84 52
84 56
84 61
84 63
84 64
84 66
84 67
84 69
84 70
84 75
84 76
84 77
84 79
84 81
84 83
84 85
84 87
84 88
84 89
84 91
84 94
84 97
84 100
85 6
85 7
85 14
85 15
85 22
85 23
85 25
85 27
85 28
85 29
85 30
85 31
85 32
85 37
85 38
85 43
85 48
85 50
85 56
85 63
85 64
85 68
85 72
85 73
85 74
85 76
85 77
85 81
85 83
85 84
85 87
85 88
85 89
85 91
85 94
85 95
85 97
85 98
85 99
86 2
86 3
86 7
86 9
86 10
86 11
86 13
86 14
86 15
86 22
86 23
86 27
86 29
86 31
86 32
86 37
86 38
86 50
86 52
86 56
86 61
86 64
86 67
86 68
86 69
86 70
86 71
86 72
86 73
86 76
86 81
86 83
86 87
86 88
86 92
86 94
86 95
86 98
86 99
86 100
87 3
87 10
87 11
87 13
87 14
87 20
87 22
87 23
87 25
87 28
87 29
87 37
87 48
87 62
87 63
87 66
87 67
87 68
87 70
87 72
87 73
87 74
87 75
87 76
87 77
87 79
87 81
87 82
87 83
87 84
87 85
87 86
87 88
87 89
87 91
87 97
87 98
87 99
87 100
88 3
88 7
88 10
88 14
88 15
88 23
88 27
88 28
88 30
88 31
88 36
88 37
88 38
88 48
88 52
88 53
88 62
88 63
88 66
88 67
88 68
88 69
88 72
88 73
88 74
88 75
88 76
88 79
88 81
88 82
88 84
88 85
88 86
88 87
88 89
88 92
88 94
88 97
88 99
89 2
89 3
89 10
89 15
89 20
89 25
89 27
89 32
89 34
89 36
89 38
89 39
89 43
89 50
89 61
89 62
89 63
89 64
89 68
89 69
89 70
89 72
89 73
89 75
89 76
89 77
89 79
89 81
89 82
89 84
89 85
89 87
89 88
89 92
89 94
89 95
89 97
89 98
89 99
89 100
90 1
90 4
90 5
90 6
90 8
90 9
90 12
90 16
90 17
90 18
90 19
90 21
90 24
90 26
90 33
90 34
90 35
90 36
90 39
90 40
90 42
90 43
90 44
90 45
90 46
90 47
90 49
90 51
90 53
90 54
90 57
90 58
90 59
90 60
90 65
90 71
90 78
90 80
90 93
90 96
91 3
91 7
91 10
91 11
91 13
91 14
91 15
91 20
91 23
91 25
91 27
91 28
91 30
91 36
91 37
91 38
91 41
91 43
91 52
91 58
91 61
91 62
91 63
91 64
91 67
91 68
91 69
91 74
91 79
91 81
91 83
91 84
91 85
91 87
91 92
91 97
91 98
91 99
91 100
92 2
92 3
92 7
92 10
92 14
92 20
92 22
92 23
92 29
92 36
92 37
92 38
92 41
92 48
92 54
92 56
92 58
92 61
92 64
92 67
92 68
92 69
92 70
92 72
92 73
92 74
92 75
92 76
92 79
92 81
92 82
92 86
92 88
92 89
92 91
92 95
92 97
92 98
92 99
92 100
93 1
93 4
93 5
93 6
93 8
93 9
93 12
93 16
93 17
93 18
93 19
93 21
93 24
93 26
93 32
93 33
93 34
93 35
93 39
93 42
93 44
93 45
93 46
93 47
93 49
93 51
93 53
93 54
93 55
93 57
93 58
93 59
93 60
93 65
93 71
93 77
93 78
93 80
93 90
93 96
94 2
94 3
94 5
94 6
94 11
94 13
94 14
94 22
94 25
94 27
94 28
94 29
94 30
94 32
94 36
94 37
94 41
94 43
94 48
94 50
94 56
94 61
94 62
94 63
94 67
94 68
94 70
94 72
94 73
94 74
94 75
94 77
94 79
94 82
94 83
94 84
94 85
94 86
94 88
94 89
94 97
95 2
95 3
95 7
95 13
95 14
95 15
95 23
95 27
95 28
95 29
95 30
95 31
95 33
95 36
95 37
95 41
95 43
95 46
95 52
95 56
95 61
95 63
95 64
95 66
95 67
95 68
95 69
95 70
95 72
95 74
95 76
95 77
95 81
95 82
95 83
95 85
95 86
95 89
95 92
95 98
95 100
96 1
96 4
96 5
96 6
96 8
96 9
96 12
96 16
96 17
96 18
96 19
96 21
96 24
96 26
96 33
96 34
96 35
96 39
96 40
96 44
96 45
96 46
96 47
96 49
96 50
96 51
96 53
96 54
96 55
96 57
96 58
96 59
96 60
96 65
96 71
96 75
96 78
96 80
96 81
96 90
96 93
97 3
97 10
97 11
97 15
97 20
97 28
97 31
97 34
97 36
97 37
97 38
97 41
97 43
97 48
97 50
97 61
97 62
97 63
97 64
97 66
97 67
97 68
97 70
97 72
97 74
97 75
97 76
97 79
97 81
97 84
97 85
97 87
97 88
97 89
97 91
97 92
97 94
97 98
97 99
97 100
98 2
98 10
98 11
98 13
98 22
98 27
98 28
98 31
98 32
98 41
98 43
98 48
98 50
98 52
98 56
98 62
98 63
98 64
98 66
98 67
98 68
98 72
98 74
98 75
98 76
98 77
98 81
98 82
98 83
98 85
98 86
98 87
98 89
98 91
98 92
98 95
98 97
98 99
98 100
99 3
99 11
99 13
99 21
99 22
99 23
99 25
99 27
99 28
99 31
99 32
99 35
99 38
99 41
99 43
99 50
99 52
99 56
99 61
99 62
99 63
99 64
99 66
99 68
99 70
99 72
99 75
99 77
99 79
99 81
99 82
99 83
99 85
99 86
99 87
99 88
99 89
99 91
99 92
99 97
99 98
100 10
100 11
100 13
100 14
100 15
100 17
100 22
100 23
100 27
100 28
100 30
100 31
100 32
100 36
100 37
100 38
100 41
100 43
100 48
100 50
100 52
100 56
100 61
100 62
100 64
100 65
100 66
100 68
100 69
100 73
100 75
100 83
100 84
100 86
100 87
100 89
100 91
100 92
100 95
100 97
100 98
101.0 102.0 103.0 104.0 105.0 106.0 107.0 108.0 109.0 110.0 111.0 112.0 113.0 114.0 115.0 116.0 117.0 118.0 119.0 120.0 121.0 122.0 123.0 124.0 125.0 126.0 127.0 128.0 129.0 130.0 131.0 132.0 133.0 134.0 135.0 136.0 137.0 138.0 139.0 140.0 141.0 142.0 143.0 144.0 145.0 146.0 147.0 148.0 149.0 150.0 151.0 152.0 153.0 154.0 155.0 156.0 157.0 158.0 159.0 160.0 161.0 162.0 163.0 164.0 165.0 166.0 167.0 168.0 169.0 170.0 171.0 172.0 173.0 174.0 175.0 176.0 177.0 178.0 179.0 180.0 181.0 182.0 183.0 184.0 185.0 186.0 187.0 188.0 189.0 190.0 191.0 192.0 193.0 194.0 195.0 196.0 197.0 198.0 199.0 200.0
3596
101.0 106.0
101.0 108.0
101.0 109.0
101.0 116.0
101.0 119.0
101.0 121.0
101.0 122.0
101.0 124.0
101.0 126.0
101.0 133.0
101.0 134.0
101.0 135.0
101.0 139.0
101.0 142.0
101.0 144.0
101.0 145.0
101.0 146.0
101.0 147.0
101.0 149.0
101.0 153.0
101.0 155.0
101.0 157.0
101.0 158.0
101.0 159.0
101.0 160.0
101.0 165.0
101.0 171.0
101.0 178.0
101.0 180.0
101.0 190.0
101.0 193.0
101.0 196.0
102.0 103.0
102.0 107.0
102.0 110.0
102.0 111.0
102.0 113.0
102.0 123.0
102.0 127.0
102.0 128.0
102.0 129.0
102.0 130.0
102.0 137.0
102.0 138.0
102.0 143.0
102.0 150.0
102.0 162.0
102.0 163.0
102.0 164.0
102.0 166.0
102.0 173.0
102.0 175.0
102.0 177.0
102.0 179.0
102.0 181.0
102.0 182.0
102.0 183.0
102.0 184.0
102.0 186.0
102.0 189.0
102.0 192.0
102.0 194.0
102.0 195.0
102.0 198.0
103.0 102.0
103.0 110.0
103.0 113.0
103.0 115.0
103.0 123.0
103.0 132.0
103.0 138.0
103.0 143.0
103.0 148.0
103.0 150.0
103.0 154.0
103.0 156.0
103.0 161.0
103.0 162.0
103.0 163.0
103.0 168.0
103.0 170.0
103.0 173.0
103.0 176.0
103.0 179.0
103.0 182.0
103.0 183.0
103.0 186.0
103.0 187.0
103.0 188.0
103.0 189.0
103.0 191.0
103.0 192.0
103.0 194.0
103.0 195.0
103.0 197.0
103.0 199.0
104.0 105.0
104.0 106.0
104.0 108.0
104.0 109.0
104.0 116.0
104.0 117.0
104.0 118.0
104.0 121.0
104.0 124.0
104.0 135.0
104.0 139.0
104.0 140.0
104.0 142.0
104.0 144.0
104.0 145.0
104.0 146.0
104.0 147.0
104.0 151.0
104.0 152.0
104.0 153.0
104.0 155.0
104.0 157.0
104.0 158.0
104.0 159.0
104.0 160.0
104.0 165.0
104.0 171.0
104.0 178.0
104.0 180.0
104.0 190.0
104.0 193.0
104.0 196.0
105.0 104.0
105.0 106.0
105.0 108.0
105.0 112.0
105.0 117.0
105.0 118.0
105.0 121.0
105.0 124.0
105.0 135.0
105.0 139.0
105.0 140.0
105.0 141.0
105.0 142.0
105.0 145.0
105.0 146.0
105.0 147.0
105.0 149.0
105.0 151.0
105.0 153.0
105.0 154.0
105.0 157.0
105.0 158.0
105.0 159.0
105.0 160.0
105.0 165.0
105.0 171.0
105.0 178.0
105.0 180.0
105.0 190.0
105.0 193.0
105.0 194.0
105.0 196.0
106.0 101.0
106.0 104.0
106.0 105.0
106.0 108.0
106.0 109.0
106.0 112.0
106.0 119.0
106.0 124.0
106.0 126.0
106.0 133.0
106.0 134.0
106.0 135.0
106.0 142.0
106.0 145.0
106.0 147.0
106.0 149.0
106.0 151.0
106.0 153.0
106.0 154.0
106.0 155.0
106.0 157.0
106.0 158.0
106.0 160.0
106.0 165.0
106.0 171.0
106.0 178.0
106.0 180.0
106.0 185.0
106.0 190.0
106.0 193.0
106.0 194.0
106.0 196.0
107.0 102.0
107.0 108.0
107.0 115.0
107.0 119.0
107.0 120.0
107.0 122.0
107.0 123.0
107.0 125.0
107.0 128.0
107.0 129.0
107.0 132.0
107.0 138.0
107.0 141.0
107.0 156.0
107.0 164.0
107.0 166.0
107.0 167.0
107.0 168.0
107.0 173.0
107.0 174.0
107.0 176.0
107.0 177.0
107.0 179.0
107.0 181.0
107.0 182.0
107.0 183.0
107.0 185.0
107.0 186.0
107.0 188.0
107.0 191.0
107.0 192.0
107.0 195.0
108.0 101.0
108.0 104.0
108.0 105.0
108.0 106.0
108.0 107.0
108.0 109.0
108.0 112.0
108.0 116.0
108.0 117.0
108.0 118.0
108.0 119.0
108.0 124.0
108.0 133.0
108.0 134.0
108.0 135.0
108.0 140.0
108.0 144.0
108.0 146.0
108.0 147.0
108.0 149.0
108.0 153.0
108.0 154.0
108.0 155.0
108.0 159.0
108.0 160.0
108.0 165.0
108.0 171.0
108.0 176.0
108.0 180.0
108.0 190.0
108.0 193.0
108.0 196.0
109.0 101.0
109.0 104.0
109.0 106.0
109.0 108.0
109.0 112.0
109.0 116.0
109.0 118.0
109.0 119.0
109.0 124.0
109.0 126.0
109.0 133.0
109.0 134.0
109.0 139.0
109.0 140.0
109.0 142.0
109.0 144.0
109.0 145.0
109.0 146.0
109.0 147.0
109.0 151.0
109.0 153.0
109.0 154.0
109.0 157.0
109.0 158.0
109.0 160.0
109.0 165.0
109.0 171.0
109.0 180.0
109.0 186.0
109.0 190.0
109.0 193.0
109.0 196.0
110.0 102.0
110.0 103.0
110.0 125.0
110.0 129.0
110.0 130.0
110.0 131.0
110.0 132.0
110.0 135.0
110.0 136.0
110.0 137.0
110.0 148.0
110.0 152.0
110.0 162.0
110.0 163.0
110.0 169.0
110.0 170.0
110.0 174.0
110.0 175.0
110.0 176.0
110.0 177.0
110.0 181.0
110.0 182.0
110.0 184.0
110.0 186.0
110.0 187.0
110.0 188.0
110.0 189.0
110.0 191.0
110.0 192.0
110.0 197.0
110.0 198.0
110.0 200.0
111.0 102.0
111.0 113.0
111.0 115.0
111.0 120.0
111.0 129.0
111.0 130.0
111.0 141.0
111.0 143.0
111.0 148.0
111.0 150.0
111.0 156.0
111.0 162.0
111.0 164.0
111.0 167.0
111.0 168.0
111.0 172.0
111.0 173.0
111.0 174.0
111.0 176.0
111.0 177.0
111.0 179.0
111.0 181.0
111.0 184.0
111.0 186.0
111.0 187.0
111.0 191.0
111.0 194.0
111.0 197.0
111.0 198.0
111.0 199.0
111.0 200.0
112.0 105.0
112.0 106.0
112.0 108.0
112.0 109.0
112.0 116.0
112.0 117.0
112.0 119.0
112.0 121.0
112.0 124.0
112.0 126.0
112.0 134.0
112.0 139.0
112.0 142.0
112.0 144.0
112.0 145.0
112.0 146.0
112.0 147.0
112.0 149.0
112.0 153.0
112.0 154.0
112.0 155.0
112.0 157.0
112.0 158.0
112.0 159.0
112.0 160.0
112.0 165.0
112.0 171.0
112.0 178.0
112.0 180.0
112.0 181.0
112.0 190.0
112.0 193.0
112.0 196.0
113.0 102.0
113.0 103.0
113.0 111.0
113.0 123.0
113.0 125.0
113.0 127.0
113.0 128.0
113.0 130.0
113.0 132.0
113.0 136.0
113.0 139.0
113.0 150.0
113.0 152.0
113.0 161.0
113.0 162.0
113.0 163.0
113.0 167.0
113.0 169.0
113.0 170.0
113.0 172.0
113.0 173.0
113.0 175.0
113.0 177.0
113.0 179.0
113.0 183.0
113.0 186.0
113.0 187.0
113.0 191.0
113.0 194.0
113.0 195.0
113.0 198.0
113.0 199.0
113.0 200.0
114.0 115.0
114.0 120.0
114.0 123.0
114.0 125.0
114.0 129.0
114.0 130.0
114.0 131.0
114.0 136.0
114.0 137.0
114.0 143.0
114.0 150.0
114.0 152.0
114.0 161.0
114.0 162.0
114.0 163.0
114.0 164.0
114.0 166.0
114.0 167.0
114.0 168.0
114.0 170.0
114.0 179.0
114.0 181.0
114.0 182.0
114.0 184.0
114.0 185.0
114.0 186.0
114.0 187.0
114.0 188.0
114.0 191.0
114.0 192.0
114.0 194.0
114.0 195.0
114.0 200.0
115.0 103.0
115.0 107.0
115.0 111.0
115.0 114.0
115.0 116.0
115.0 122.0
115.0 127.0
115.0 128.0
115.0 130.0
115.0 131.0
115.0 136.0
115.0 137.0
115.0 138.0
115.0 147.0
115.0 148.0
115.0 156.0
115.0 167.0
115.0 169.0
115.0 170.0
115.0 173.0
115.0 174.0
115.0 176.0
115.0 179.0
115.0 182.0
115.0 184.0
115.0 185.0
115.0 186.0
115.0 188.0
115.0 189.0
115.0 191.0
115.0 195.0
115.0 197.0
115.0 200.0
116.0 101.0
116.0 104.0
116.0 108.0
116.0 109.0
116.0 112.0
116.0 115.0
116.0 117.0
116.0 118.0
116.0 119.0
116.0 121.0
116.0 124.0
116.0 133.0
116.0 134.0
116.0 135.0
116.0 138.0
116.0 140.0
116.0 142.0
116.0 144.0
116.0 145.0
116.0 146.0
116.0 149.0
116.0 151.0
116.0 154.0
116.0 155.0
116.0 157.0
116.0 158.0
116.0 159.0
116.0 160.0
116.0 178.0
116.0 180.0
116.0 190.0
116.0 193.0
116.0 196.0
117.0 104.0
117.0 105.0
117.0 108.0
117.0 112.0
117.0 116.0
117.0 119.0
117.0 121.0
117.0 126.0
117.0 133.0
117.0 134.0
117.0 135.0
117.0 139.0
117.0 140.0
117.0 144.0
117.0 145.0
117.0 146.0
117.0 147.0
117.0 149.0
117.0 151.0
117.0 153.0
117.0 155.0
117.0 157.0
117.0 158.0
117.0 159.0
117.0 160.0
117.0 165.0
117.0 171.0
117.0 178.0
117.0 180.0
117.0 190.0
117.0 193.0
117.0 196.0
117.0 200.0
118.0 104.0
118.0 105.0
118.0 108.0
118.0 109.0
118.0 116.0
118.0 119.0
118.0 121.0
118.0 126.0
118.0 133.0
118.0 134.0
118.0 138.0
118.0 139.0
118.0 140.0
118.0 142.0
118.0 144.0
118.0 145.0
118.0 147.0
118.0 149.0
118.0 151.0
118.0 153.0
118.0 154.0
118.0 157.0
118.0 158.0
118.0 159.0
118.0 160.0
118.0 163.0
118.0 165.0
118.0 171.0
118.0 178.0
118.0 180.0
118.0 190.0
118.0 193.0
118.0 196.0
119.0 101.0
119.0 106.0
119.0 107.0
119.0 108.0
119.0 109.0
119.0 112.0
119.0 116.0
119.0 117.0
119.0 118.0
119.0 126.0
119.0 134.0
119.0 135.0
119.0 139.0
119.0 140.0
119.0 142.0
119.0 144.0
119.0 145.0
119.0 149.0
119.0 151.0
119.0 153.0
119.0 154.0
119.0 155.0
119.0 157.0
119.0 158.0
119.0 159.0
119.0 160.0
119.0 165.0
119.0 171.0
119.0 178.0
119.0 180.0
119.0 190.0
119.0 193.0
119.0 196.0
120.0 107.0
120.0 111.0
120.0 114.0
120.0 122.0
120.0 127.0
120.0 129.0
120.0 130.0
120.0 131.0
120.0 132.0
120.0 136.0
120.0 141.0
120.0 143.0
120.0 148.0
120.0 156.0
120.0 161.0
120.0 162.0
120.0 163.0
120.0 164.0
120.0 166.0
120.0 169.0
120.0 170.0
120.0 174.0
120.0 176.0
120.0 177.0
120.0 180.0
120.0 181.0
120.0 182.0
120.0 184.0
120.0 187.0
120.0 189.0
120.0 191.0
120.0 192.0
120.0 197.0
121.0 101.0
121.0 104.0
121.0 105.0
121.0 112.0
121.0 116.0
121.0 117.0
121.0 118.0
121.0 124.0
121.0 126.0
121.0 127.0
121.0 133.0
121.0 139.0
121.0 140.0
121.0 144.0
121.0 146.0
121.0 147.0
121.0 149.0
121.0 151.0
121.0 153.0
121.0 154.0
121.0 155.0
121.0 157.0
121.0 158.0
121.0 159.0
121.0 160.0
121.0 165.0
121.0 171.0
121.0 178.0
121.0 180.0
121.0 190.0
121.0 193.0
121.0 196.0
121.0 199.0
122.0 101.0
122.0 107.0
122.0 115.0
122.0 120.0
122.0 123.0
122.0 125.0
122.0 127.0
122.0 131.0
122.0 132.0
122.0 137.0
122.0 143.0
122.0 148.0
122.0 156.0
122.0 162.0
122.0 163.0
122.0 164.0
122.0 167.0
122.0 169.0
122.0 170.0
122.0 172.0
122.0 173.0
122.0 174.0
122.0 176.0
122.0 179.0
122.0 184.0
122.0 185.0
122.0 186.0
122.0 187.0
122.0 192.0
122.0 194.0
122.0 198.0
122.0 199.0
122.0 200.0
123.0 102.0
123.0 103.0
123.0 107.0
123.0 113.0
123.0 114.0
123.0 122.0
123.0 125.0
123.0 127.0
123.0 128.0
123.0 131.0
123.0 137.0
123.0 138.0
123.0 156.0
123.0 162.0
123.0 164.0
123.0 166.0
123.0 167.0
123.0 168.0
123.0 169.0
123.0 172.0
123.0 173.0
123.0 174.0
123.0 176.0
123.0 177.0
123.0 185.0
123.0 186.0
123.0 187.0
123.0 188.0
123.0 191.0
123.0 192.0
123.0 195.0
123.0 199.0
123.0 200.0
124.0 101.0
124.0 104.0
124.0 105.0
124.0 106.0
124.0 108.0
124.0 109.0
124.0 112.0
124.0 116.0
124.0 121.0
124.0 126.0
124.0 134.0
124.0 135.0
124.0 139.0
124.0 142.0
124.0 144.0
124.0 145.0
124.0 147.0
124.0 149.0
124.0 151.0
124.0 153.0
124.0 154.0
124.0 155.0
124.0 157.0
124.0 158.0
124.0 159.0
124.0 160.0
124.0 165.0
124.0 171.0
124.0 178.0
124.0 180.0
124.0 183.0
124.0 190.0
124.0 193.0
124.0 196.0
125.0 107.0
125.0 110.0
125.0 113.0
125.0 114.0
125.0 122.0
125.0 123.0
125.0 127.0
125.0 128.0
125.0 129.0
125.0 143.0
125.0 148.0
125.0 150.0
125.0 152.0
125.0 161.0
125.0 162.0
125.0 164.0
125.0 166.0
125.0 170.0
125.0 172.0
125.0 173.0
125.0 174.0
125.0 176.0
125.0 177.0
125.0 179.0
125.0 181.0
125.0 182.0
125.0 183.0
125.0 185.0
125.0 187.0
125.0 189.0
125.0 191.0
125.0 194.0
125.0 199.0
126.0 101.0
126.0 106.0
126.0 109.0
126.0 112.0
126.0 117.0
126.0 118.0
126.0 119.0
126.0 121.0
126.0 124.0
126.0 133.0
126.0 134.0
126.0 135.0
126.0 139.0
126.0 140.0
126.0 142.0
126.0 144.0
126.0 145.0
126.0 146.0
126.0 147.0
126.0 149.0
126.0 153.0
126.0 154.0
126.0 155.0
126.0 158.0
126.0 159.0
126.0 160.0
126.0 165.0
126.0 170.0
126.0 173.0
126.0 178.0
126.0 180.0
126.0 190.0
126.0 193.0
126.0 196.0
127.0 102.0
127.0 113.0
127.0 115.0
127.0 120.0
127.0 121.0
127.0 122.0
127.0 123.0
127.0 125.0
127.0 130.0
127.0 131.0
127.0 136.0
127.0 141.0
127.0 143.0
127.0 148.0
127.0 150.0
127.0 152.0
127.0 160.0
127.0 162.0
127.0 166.0
127.0 168.0
127.0 173.0
127.0 175.0
127.0 181.0
127.0 183.0
127.0 185.0
127.0 186.0
127.0 188.0
127.0 189.0
127.0 191.0
127.0 194.0
127.0 195.0
127.0 198.0
127.0 199.0
127.0 200.0
128.0 102.0
128.0 107.0
128.0 113.0
128.0 115.0
128.0 123.0
128.0 125.0
128.0 130.0
128.0 131.0
128.0 136.0
128.0 138.0
128.0 141.0
128.0 143.0
128.0 148.0
128.0 152.0
128.0 156.0
128.0 161.0
128.0 169.0
128.0 170.0
128.0 172.0
128.0 175.0
128.0 178.0
128.0 179.0
128.0 181.0
128.0 184.0
128.0 185.0
128.0 187.0
128.0 188.0
128.0 191.0
128.0 194.0
128.0 195.0
128.0 197.0
128.0 198.0
128.0 199.0
128.0 200.0
129.0 102.0
129.0 107.0
129.0 110.0
129.0 111.0
129.0 114.0
129.0 120.0
129.0 125.0
129.0 130.0
129.0 132.0
129.0 138.0
129.0 141.0
129.0 143.0
129.0 148.0
129.0 150.0
129.0 152.0
129.0 161.0
129.0 162.0
129.0 166.0
129.0 169.0
129.0 170.0
129.0 172.0
129.0 173.0
129.0 175.0
129.0 176.0
129.0 179.0
129.0 182.0
129.0 183.0
129.0 184.0
129.0 185.0
129.0 186.0
129.0 187.0
129.0 192.0
129.0 194.0
129.0 195.0
130.0 102.0
130.0 110.0
130.0 111.0
130.0 113.0
130.0 114.0
130.0 115.0
130.0 120.0
130.0 127.0
130.0 128.0
130.0 129.0
130.0 136.0
130.0 138.0
130.0 143.0
130.0 150.0
130.0 152.0
130.0 156.0
130.0 161.0
130.0 164.0
130.0 166.0
130.0 167.0
130.0 170.0
130.0 172.0
130.0 174.0
130.0 175.0
130.0 177.0
130.0 183.0
130.0 185.0
130.0 188.0
130.0 191.0
130.0 194.0
130.0 195.0
130.0 200.0
131.0 110.0
131.0 114.0
131.0 115.0
131.0 120.0
131.0 122.0
131.0 123.0
131.0 127.0
131.0 128.0
131.0 132.0
131.0 136.0
131.0 137.0
131.0 141.0
131.0 143.0
131.0 148.0
131.0 152.0
131.0 157.0
131.0 162.0
131.0 164.0
131.0 167.0
131.0 168.0
131.0 169.0
131.0 170.0
131.0 173.0
131.0 176.0
131.0 179.0
131.0 181.0
131.0 185.0
131.0 186.0
131.0 188.0
131.0 195.0
131.0 197.0
131.0 198.0
131.0 199.0
131.0 200.0
132.0 103.0
132.0 107.0
132.0 110.0
132.0 113.0
132.0 120.0
132.0 122.0
132.0 129.0
132.0 131.0
132.0 137.0
132.0 148.0
132.0 152.0
132.0 156.0
132.0 161.0
132.0 162.0
132.0 166.0
132.0 167.0
132.0 172.0
132.0 173.0
132.0 174.0
132.0 176.0
132.0 177.0
132.0 179.0
132.0 182.0
132.0 183.0
132.0 184.0
132.0 185.0
132.0 186.0
132.0 189.0
132.0 193.0
132.0 194.0
132.0 198.0
132.0 199.0
132.0 200.0
133.0 101.0
133.0 106.0
133.0 108.0
133.0 109.0
133.0 116.0
133.0 117.0
133.0 118.0
133.0 121.0
133.0 126.0
133.0 135.0
133.0 139.0
133.0 140.0
133.0 142.0
133.0 144.0
133.0 146.0
133.0 147.0
133.0 149.0
133.0 151.0
133.0 153.0
133.0 154.0
133.0 155.0
133.0 157.0
133.0 158.0
133.0 159.0
133.0 160.0
133.0 165.0
133.0 171.0
133.0 178.0
133.0 180.0
133.0 184.0
133.0 190.0
133.0 193.0
133.0 195.0
133.0 196.0
134.0 101.0
134.0 106.0
134.0 108.0
134.0 109.0
134.0 112.0
134.0 116.0
134.0 117.0
134.0 118.0
134.0 119.0
134.0 124.0
134.0 126.0
134.0 135.0
134.0 139.0
134.0 140.0
134.0 142.0
134.0 144.0
134.0 145.0
134.0 146.0
134.0 147.0
134.0 149.0
134.0 151.0
134.0 154.0
134.0 155.0
134.0 157.0
134.0 160.0
134.0 165.0
134.0 171.0
134.0 178.0
134.0 180.0
134.0 189.0
134.0 190.0
134.0 193.0
134.0 196.0
134.0 197.0
135.0 101.0
135.0 104.0
135.0 105.0
135.0 106.0
135.0 108.0
135.0 110.0
135.0 116.0
135.0 117.0
135.0 119.0
135.0 124.0
135.0 126.0
135.0 133.0
135.0 134.0
135.0 140.0
135.0 142.0
135.0 144.0
135.0 145.0
135.0 146.0
135.0 147.0
135.0 149.0
135.0 151.0
135.0 155.0
135.0 157.0
135.0 158.0
135.0 159.0
135.0 160.0
135.0 165.0
135.0 171.0
135.0 178.0
135.0 180.0
135.0 190.0
135.0 193.0
135.0 196.0
135.0 199.0
136.0 110.0
136.0 113.0
136.0 114.0
136.0 115.0
136.0 120.0
136.0 127.0
136.0 128.0
136.0 130.0
136.0 131.0
136.0 137.0
136.0 138.0
136.0 148.0
136.0 150.0
136.0 152.0
136.0 156.0
136.0 162.0
136.0 163.0
136.0 166.0
136.0 167.0
136.0 168.0
136.0 169.0
136.0 170.0
136.0 174.0
136.0 179.0
136.0 182.0
136.0 188.0
136.0 189.0
136.0 190.0
136.0 191.0
136.0 192.0
136.0 194.0
136.0 195.0
136.0 197.0
136.0 200.0
137.0 102.0
137.0 110.0
137.0 114.0
137.0 115.0
137.0 122.0
137.0 123.0
137.0 131.0
137.0 132.0
137.0 136.0
137.0 141.0
137.0 150.0
137.0 152.0
137.0 155.0
137.0 163.0
137.0 164.0
137.0 167.0
137.0 168.0
137.0 169.0
137.0 172.0
137.0 173.0
137.0 174.0
137.0 175.0
137.0 176.0
137.0 184.0
137.0 185.0
137.0 186.0
137.0 187.0
137.0 188.0
137.0 191.0
137.0 192.0
137.0 194.0
137.0 195.0
137.0 197.0
137.0 200.0
138.0 102.0
138.0 103.0
138.0 107.0
138.0 115.0
138.0 116.0
138.0 118.0
138.0 123.0
138.0 128.0
138.0 129.0
138.0 130.0
138.0 136.0
138.0 141.0
138.0 143.0
138.0 150.0
138.0 161.0
138.0 164.0
138.0 167.0
138.0 169.0
138.0 170.0
138.0 174.0
138.0 175.0
138.0 176.0
138.0 177.0
138.0 181.0
138.0 182.0
138.0 184.0
138.0 185.0
138.0 186.0
138.0 188.0
138.0 189.0
138.0 191.0
138.0 192.0
138.0 197.0
138.0 199.0
138.0 200.0
139.0 101.0
139.0 104.0
139.0 105.0
139.0 109.0
139.0 112.0
139.0 113.0
139.0 117.0
139.0 118.0
139.0 119.0
139.0 121.0
139.0 124.0
139.0 126.0
139.0 133.0
139.0 134.0
139.0 140.0
139.0 142.0
139.0 145.0
139.0 147.0
139.0 149.0
139.0 151.0
139.0 153.0
139.0 154.0
139.0 155.0
139.0 157.0
139.0 158.0
139.0 159.0
139.0 160.0
139.0 165.0
139.0 171.0
139.0 178.0
139.0 180.0
139.0 189.0
139.0 190.0
139.0 193.0
139.0 196.0
140.0 104.0
140.0 105.0
140.0 108.0
140.0 109.0
140.0 116.0
140.0 117.0
140.0 118.0
140.0 119.0
140.0 121.0
140.0 126.0
140.0 133.0
140.0 134.0
140.0 135.0
140.0 139.0
140.0 142.0
140.0 144.0
140.0 145.0
140.0 146.0
140.0 147.0
140.0 149.0
140.0 151.0
140.0 153.0
140.0 154.0
140.0 155.0
140.0 157.0
140.0 158.0
140.0 159.0
140.0 160.0
140.0 162.0
140.0 164.0
140.0 165.0
140.0 171.0
140.0 178.0
140.0 190.0
140.0 196.0
141.0 105.0
141.0 107.0
141.0 111.0
141.0 120.0
141.0 127.0
141.0 128.0
141.0 129.0
141.0 131.0
141.0 137.0
141.0 138.0
141.0 147.0
141.0 150.0
141.0 152.0
141.0 156.0
141.0 161.0
141.0 163.0
141.0 166.0
141.0 168.0
141.0 169.0
141.0 170.0
141.0 172.0
141.0 176.0
141.0 177.0
141.0 179.0
141.0 181.0
141.0 183.0
141.0 184.0
141.0 191.0
141.0 192.0
141.0 194.0
141.0 195.0
141.0 197.0
141.0 198.0
141.0 199.0
141.0 200.0
142.0 101.0
142.0 104.0
142.0 105.0
142.0 106.0
142.0 109.0
142.0 112.0
142.0 116.0
142.0 118.0
142.0 119.0
142.0 124.0
142.0 126.0
142.0 133.0
142.0 134.0
142.0 135.0
142.0 139.0
142.0 140.0
142.0 144.0
142.0 145.0
142.0 146.0
142.0 147.0
142.0 149.0
142.0 151.0
142.0 153.0
142.0 154.0
142.0 155.0
142.0 157.0
142.0 158.0
142.0 159.0
142.0 165.0
142.0 167.0
142.0 171.0
142.0 178.0
142.0 180.0
142.0 190.0
142.0 193.0
143.0 102.0
143.0 103.0
143.0 111.0
143.0 114.0
143.0 120.0
143.0 122.0
143.0 125.0
143.0 127.0
143.0 128.0
143.0 129.0
143.0 130.0
143.0 131.0
143.0 138.0
143.0 148.0
143.0 161.0
143.0 162.0
143.0 164.0
143.0 169.0
143.0 170.0
143.0 172.0
143.0 173.0
143.0 174.0
143.0 177.0
143.0 182.0
143.0 183.0
143.0 185.0
143.0 189.0
143.0 190.0
143.0 191.0
143.0 194.0
143.0 195.0
143.0 197.0
143.0 198.0
143.0 199.0
143.0 200.0
144.0 101.0
144.0 104.0
144.0 108.0
144.0 109.0
144.0 112.0
144.0 116.0
144.0 117.0
144.0 118.0
144.0 119.0
144.0 121.0
144.0 124.0
144.0 126.0
144.0 133.0
144.0 134.0
144.0 135.0
144.0 140.0
144.0 142.0
144.0 145.0
144.0 146.0
144.0 147.0
144.0 149.0
144.0 151.0
144.0 154.0
144.0 155.0
144.0 156.0
144.0 157.0
144.0 159.0
144.0 165.0
144.0 171.0
144.0 178.0
144.0 180.0
144.0 183.0
144.0 190.0
144.0 193.0
144.0 196.0
145.0 101.0
145.0 104.0
145.0 105.0
145.0 106.0
145.0 109.0
145.0 112.0
145.0 116.0
145.0 117.0
145.0 118.0
145.0 119.0
145.0 124.0
145.0 126.0
145.0 134.0
145.0 135.0
145.0 139.0
145.0 140.0
145.0 142.0
145.0 144.0
145.0 146.0
145.0 147.0
145.0 149.0
145.0 151.0
145.0 153.0
145.0 154.0
145.0 155.0
145.0 156.0
145.0 157.0
145.0 158.0
145.0 159.0
145.0 161.0
145.0 178.0
145.0 180.0
145.0 190.0
145.0 193.0
145.0 196.0
146.0 101.0
146.0 104.0
146.0 105.0
146.0 108.0
146.0 109.0
146.0 112.0
146.0 116.0
146.0 117.0
146.0 121.0
146.0 126.0
146.0 133.0
146.0 134.0
146.0 135.0
146.0 140.0
146.0 142.0
146.0 144.0
146.0 145.0
146.0 147.0
146.0 149.0
146.0 151.0
146.0 153.0
146.0 154.0
146.0 155.0
146.0 157.0
146.0 158.0
146.0 159.0
146.0 160.0
146.0 165.0
146.0 171.0
146.0 172.0
146.0 178.0
146.0 180.0
146.0 190.0
146.0 193.0
146.0 195.0
146.0 196.0
147.0 101.0
147.0 104.0
147.0 105.0
147.0 106.0
147.0 108.0
147.0 109.0
147.0 112.0
147.0 115.0
147.0 117.0
147.0 118.0
147.0 121.0
147.0 124.0
147.0 126.0
147.0 133.0
147.0 134.0
147.0 135.0
147.0 139.0
147.0 140.0
147.0 141.0
147.0 142.0
147.0 144.0
147.0 145.0
147.0 146.0
147.0 149.0
147.0 151.0
147.0 153.0
147.0 154.0
147.0 155.0
147.0 159.0
147.0 165.0
147.0 171.0
147.0 178.0
147.0 180.0
147.0 190.0
147.0 193.0
147.0 196.0
148.0 103.0
148.0 110.0
148.0 111.0
148.0 115.0
148.0 120.0
148.0 122.0
148.0 125.0
148.0 127.0
148.0 128.0
148.0 129.0
148.0 131.0
148.0 132.0
148.0 136.0
148.0 143.0
148.0 150.0
148.0 162.0
148.0 163.0
148.0 166.0
148.0 167.0
148.0 169.0
148.0 173.0
148.0 175.0
148.0 176.0
148.0 177.0
148.0 182.0
148.0 183.0
148.0 184.0
148.0 185.0
148.0 187.0
148.0 188.0
148.0 192.0
148.0 194.0
148.0 197.0
148.0 198.0
148.0 200.0
149.0 101.0
149.0 105.0
149.0 106.0
149.0 108.0
149.0 112.0
149.0 116.0
149.0 117.0
149.0 118.0
149.0 119.0
149.0 121.0
149.0 124.0
149.0 126.0
149.0 133.0
149.0 134.0
149.0 135.0
149.0 139.0
149.0 140.0
149.0 142.0
149.0 144.0
149.0 145.0
149.0 146.0
149.0 147.0
149.0 151.0
149.0 154.0
149.0 155.0
149.0 157.0
149.0 158.0
149.0 159.0
149.0 160.0
149.0 171.0
149.0 178.0
149.0 180.0
149.0 184.0
149.0 190.0
149.0 193.0
149.0 196.0
150.0 102.0
150.0 103.0
150.0 111.0
150.0 113.0
150.0 114.0
150.0 125.0
150.0 127.0
150.0 129.0
150.0 130.0
150.0 136.0
150.0 137.0
150.0 138.0
150.0 141.0
150.0 148.0
150.0 161.0
150.0 163.0
150.0 166.0
150.0 167.0
150.0 170.0
150.0 173.0
150.0 174.0
150.0 179.0
150.0 181.0
150.0 182.0
150.0 183.0
150.0 184.0
150.0 185.0
150.0 186.0
150.0 189.0
150.0 194.0
150.0 196.0
150.0 197.0
150.0 198.0
150.0 199.0
150.0 200.0
151.0 104.0
151.0 105.0
151.0 106.0
151.0 109.0
151.0 116.0
151.0 117.0
151.0 118.0
151.0 119.0
151.0 121.0
151.0 124.0
151.0 133.0
151.0 134.0
151.0 135.0
151.0 139.0
151.0 140.0
151.0 142.0
151.0 144.0
151.0 145.0
151.0 146.0
151.0 147.0
151.0 149.0
151.0 153.0
151.0 154.0
151.0 155.0
151.0 157.0
151.0 158.0
151.0 160.0
151.0 165.0
151.0 171.0
151.0 174.0
151.0 176.0
151.0 178.0
151.0 180.0
151.0 190.0
151.0 193.0
151.0 196.0
152.0 104.0
152.0 110.0
152.0 113.0
152.0 114.0
152.0 125.0
152.0 127.0
152.0 128.0
152.0 129.0
152.0 130.0
152.0 131.0
152.0 132.0
152.0 136.0
152.0 137.0
152.0 141.0
152.0 156.0
152.0 161.0
152.0 162.0
152.0 164.0
152.0 166.0
152.0 173.0
152.0 174.0
152.0 175.0
152.0 176.0
152.0 177.0
152.0 181.0
152.0 182.0
152.0 183.0
152.0 184.0
152.0 186.0
152.0 188.0
152.0 191.0
152.0 195.0
152.0 198.0
152.0 199.0
152.0 200.0
153.0 101.0
153.0 104.0
153.0 105.0
153.0 106.0
153.0 108.0
153.0 109.0
153.0 112.0
153.0 117.0
153.0 118.0
153.0 119.0
153.0 121.0
153.0 124.0
153.0 126.0
153.0 133.0
153.0 139.0
153.0 140.0
153.0 142.0
153.0 145.0
153.0 146.0
153.0 147.0
153.0 151.0
153.0 154.0
153.0 155.0
153.0 157.0
153.0 158.0
153.0 159.0
153.0 160.0
153.0 165.0
153.0 171.0
153.0 174.0
153.0 178.0
153.0 180.0
153.0 188.0
153.0 190.0
153.0 193.0
153.0 196.0
154.0 103.0
154.0 105.0
154.0 106.0
154.0 108.0
154.0 109.0
154.0 112.0
154.0 116.0
154.0 118.0
154.0 119.0
154.0 121.0
154.0 124.0
154.0 126.0
154.0 133.0
154.0 134.0
154.0 139.0
154.0 140.0
154.0 142.0
154.0 144.0
154.0 145.0
154.0 146.0
154.0 147.0
154.0 149.0
154.0 151.0
154.0 153.0
154.0 155.0
154.0 157.0
154.0 158.0
154.0 159.0
154.0 160.0
154.0 165.0
154.0 171.0
154.0 178.0
154.0 180.0
154.0 190.0
154.0 192.0
154.0 193.0
154.0 196.0
155.0 101.0
155.0 104.0
155.0 106.0
155.0 108.0
155.0 112.0
155.0 116.0
155.0 117.0
155.0 119.0
155.0 121.0
155.0 124.0
155.0 126.0
155.0 133.0
155.0 134.0
155.0 135.0
155.0 137.0
155.0 139.0
155.0 140.0
155.0 142.0
155.0 144.0
155.0 145.0
155.0 146.0
155.0 147.0
155.0 149.0
155.0 151.0
155.0 153.0
155.0 154.0
155.0 157.0
155.0 158.0
155.0 159.0
155.0 160.0
155.0 165.0
155.0 171.0
155.0 178.0
155.0 179.0
155.0 180.0
155.0 193.0
155.0 196.0
156.0 103.0
156.0 107.0
156.0 111.0
156.0 115.0
156.0 120.0
156.0 122.0
156.0 123.0
156.0 128.0
156.0 130.0
156.0 132.0
156.0 136.0
156.0 141.0
156.0 144.0
156.0 145.0
156.0 152.0
156.0 161.0
156.0 164.0
156.0 166.0
156.0 168.0
156.0 169.0
156.0 170.0
156.0 172.0
156.0 173.0
156.0 174.0
156.0 175.0
156.0 177.0
156.0 182.0
156.0 183.0
156.0 184.0
156.0 185.0
156.0 186.0
156.0 192.0
156.0 194.0
156.0 195.0
156.0 198.0
156.0 199.0
156.0 200.0
157.0 101.0
157.0 104.0
157.0 105.0
157.0 106.0
157.0 109.0
157.0 112.0
157.0 116.0
157.0 117.0
157.0 118.0
157.0 119.0
157.0 121.0
157.0 124.0
157.0 131.0
157.0 133.0
157.0 134.0
157.0 135.0
157.0 139.0
157.0 140.0
157.0 142.0
157.0 144.0
157.0 145.0
157.0 146.0
157.0 149.0
157.0 151.0
157.0 153.0
157.0 154.0
157.0 155.0
157.0 158.0
157.0 159.0
157.0 160.0
157.0 165.0
157.0 171.0
157.0 178.0
157.0 180.0
157.0 190.0
157.0 193.0
157.0 196.0
158.0 101.0
158.0 104.0
158.0 105.0
158.0 106.0
158.0 109.0
158.0 112.0
158.0 116.0
158.0 117.0
158.0 118.0
158.0 119.0
158.0 121.0
158.0 124.0
158.0 126.0
158.0 133.0
158.0 135.0
158.0 139.0
158.0 140.0
158.0 142.0
158.0 145.0
158.0 146.0
158.0 149.0
158.0 151.0
158.0 153.0
158.0 154.0
158.0 155.0
158.0 157.0
158.0 159.0
158.0 160.0
158.0 165.0
158.0 171.0
158.0 178.0
158.0 180.0
158.0 190.0
158.0 191.0
158.0 192.0
158.0 193.0
158.0 196.0
159.0 101.0
159.0 104.0
159.0 105.0
159.0 108.0
159.0 112.0
159.0 116.0
159.0 117.0
159.0 118.0
159.0 119.0
159.0 121.0
159.0 124.0
159.0 126.0
159.0 133.0
159.0 135.0
159.0 139.0
159.0 140.0
159.0 142.0
159.0 144.0
159.0 145.0
159.0 146.0
159.0 147.0
159.0 149.0
159.0 153.0
159.0 154.0
159.0 155.0
159.0 157.0
159.0 158.0
159.0 160.0
159.0 163.0
159.0 165.0
159.0 171.0
159.0 177.0
159.0 178.0
159.0 180.0
159.0 190.0
159.0 193.0
159.0 196.0
160.0 101.0
160.0 104.0
160.0 105.0
160.0 106.0
160.0 108.0
160.0 109.0
160.0 112.0
160.0 116.0
160.0 117.0
160.0 118.0
160.0 119.0
160.0 121.0
160.0 124.0
160.0 126.0
160.0 127.0
160.0 133.0
160.0 134.0
160.0 135.0
160.0 139.0
160.0 140.0
160.0 146.0
160.0 149.0
160.0 151.0
160.0 153.0
160.0 154.0
160.0 155.0
160.0 157.0
160.0 158.0
160.0 159.0
160.0 161.0
160.0 165.0
160.0 171.0
160.0 178.0
160.0 180.0
160.0 190.0
160.0 193.0
160.0 196.0
161.0 103.0
161.0 113.0
161.0 114.0
161.0 120.0
161.0 125.0
161.0 128.0
161.0 129.0
161.0 130.0
161.0 132.0
161.0 138.0
161.0 141.0
161.0 143.0
161.0 145.0
161.0 150.0
161.0 152.0
161.0 156.0
161.0 160.0
161.0 163.0
161.0 164.0
161.0 166.0
161.0 168.0
161.0 169.0
161.0 175.0
161.0 176.0
161.0 177.0
161.0 179.0
161.0 183.0
161.0 184.0
161.0 186.0
161.0 189.0
161.0 191.0
161.0 192.0
161.0 194.0
161.0 195.0
161.0 197.0
161.0 199.0
161.0 200.0
162.0 102.0
162.0 103.0
162.0 110.0
162.0 111.0
162.0 113.0
162.0 114.0
162.0 120.0
162.0 122.0
162.0 123.0
162.0 125.0
162.0 127.0
162.0 129.0
162.0 131.0
162.0 132.0
162.0 136.0
162.0 140.0
162.0 143.0
162.0 148.0
162.0 152.0
162.0 164.0
162.0 166.0
162.0 168.0
162.0 169.0
162.0 175.0
162.0 179.0
162.0 181.0
162.0 182.0
162.0 183.0
162.0 187.0
162.0 188.0
162.0 189.0
162.0 191.0
162.0 194.0
162.0 197.0
162.0 198.0
162.0 199.0
162.0 200.0
163.0 102.0
163.0 103.0
163.0 110.0
163.0 113.0
163.0 114.0
163.0 118.0
163.0 120.0
163.0 122.0
163.0 136.0
163.0 137.0
163.0 141.0
163.0 148.0
163.0 150.0
163.0 159.0
163.0 161.0
163.0 166.0
163.0 168.0
163.0 169.0
163.0 170.0
163.0 173.0
163.0 174.0
163.0 175.0
163.0 176.0
163.0 177.0
163.0 179.0
163.0 182.0
163.0 184.0
163.0 185.0
163.0 187.0
163.0 188.0
163.0 189.0
163.0 191.0
163.0 194.0
163.0 195.0
163.0 197.0
163.0 198.0
163.0 199.0
164.0 102.0
164.0 107.0
164.0 111.0
164.0 114.0
164.0 120.0
164.0 122.0
164.0 123.0
164.0 125.0
164.0 130.0
164.0 131.0
164.0 137.0
164.0 138.0
164.0 140.0
164.0 143.0
164.0 152.0
164.0 156.0
164.0 161.0
164.0 162.0
164.0 166.0
164.0 169.0
164.0 170.0
164.0 173.0
164.0 174.0
164.0 176.0
164.0 177.0
164.0 183.0
164.0 184.0
164.0 185.0
164.0 186.0
164.0 189.0
164.0 191.0
164.0 192.0
164.0 195.0
164.0 197.0
164.0 198.0
164.0 199.0
164.0 200.0
165.0 101.0
165.0 104.0
165.0 105.0
165.0 106.0
165.0 108.0
165.0 109.0
165.0 112.0
165.0 117.0
165.0 118.0
165.0 119.0
165.0 121.0
165.0 124.0
165.0 126.0
165.0 133.0
165.0 134.0
165.0 135.0
165.0 139.0
165.0 140.0
165.0 142.0
165.0 144.0
165.0 146.0
165.0 147.0
165.0 151.0
165.0 153.0
165.0 154.0
165.0 155.0
165.0 157.0
165.0 158.0
165.0 159.0
165.0 160.0
165.0 170.0
165.0 171.0
165.0 178.0
165.0 180.0
165.0 190.0
165.0 193.0
165.0 196.0
165.0 200.0
166.0 102.0
166.0 107.0
166.0 114.0
166.0 120.0
166.0 123.0
166.0 125.0
166.0 127.0
166.0 129.0
166.0 130.0
166.0 132.0
166.0 136.0
166.0 141.0
166.0 148.0
166.0 150.0
166.0 152.0
166.0 156.0
166.0 161.0
166.0 162.0
166.0 163.0
166.0 164.0
166.0 170.0
166.0 173.0
166.0 174.0
166.0 175.0
166.0 177.0
166.0 179.0
166.0 181.0
166.0 183.0
166.0 184.0
166.0 187.0
166.0 188.0
166.0 195.0
166.0 197.0
166.0 198.0
166.0 199.0
166.0 200.0
167.0 107.0
167.0 111.0
167.0 113.0
167.0 114.0
167.0 115.0
167.0 122.0
167.0 123.0
167.0 130.0
167.0 131.0
167.0 132.0
167.0 136.0
167.0 137.0
167.0 138.0
167.0 142.0
167.0 148.0
167.0 150.0
167.0 168.0
167.0 169.0
167.0 170.0
167.0 172.0
167.0 173.0
167.0 174.0
167.0 175.0
167.0 176.0
167.0 177.0
167.0 181.0
167.0 182.0
167.0 183.0
167.0 184.0
167.0 186.0
167.0 187.0
167.0 188.0
167.0 191.0
167.0 192.0
167.0 194.0
167.0 195.0
167.0 197.0
167.0 198.0
168.0 103.0
168.0 107.0
168.0 111.0
168.0 114.0
168.0 123.0
168.0 127.0
168.0 131.0
168.0 136.0
168.0 137.0
168.0 141.0
168.0 156.0
168.0 161.0
168.0 162.0
168.0 163.0
168.0 167.0
168.0 169.0
168.0 172.0
168.0 174.0
168.0 175.0
168.0 176.0
168.0 177.0
168.0 179.0
168.0 181.0
168.0 183.0
168.0 185.0
168.0 186.0
168.0 187.0
168.0 188.0
168.0 189.0
168.0 191.0
168.0 192.0
168.0 194.0
168.0 195.0
168.0 197.0
168.0 198.0
168.0 199.0
168.0 200.0
169.0 110.0
169.0 113.0
169.0 115.0
169.0 120.0
169.0 122.0
169.0 123.0
169.0 128.0
169.0 129.0
169.0 131.0
169.0 136.0
169.0 137.0
169.0 138.0
169.0 141.0
169.0 143.0
169.0 148.0
169.0 156.0
169.0 161.0
169.0 162.0
169.0 163.0
169.0 164.0
169.0 167.0
169.0 168.0
169.0 172.0
169.0 173.0
169.0 175.0
169.0 177.0
169.0 179.0
169.0 181.0
169.0 183.0
169.0 184.0
169.0 186.0
169.0 188.0
169.0 189.0
169.0 191.0
169.0 192.0
169.0 195.0
169.0 200.0
170.0 103.0
170.0 110.0
170.0 113.0
170.0 114.0
170.0 115.0
170.0 120.0
170.0 122.0
170.0 125.0
170.0 126.0
170.0 128.0
170.0 129.0
170.0 130.0
170.0 131.0
170.0 136.0
170.0 138.0
170.0 141.0
170.0 143.0
170.0 150.0
170.0 156.0
170.0 163.0
170.0 164.0
170.0 165.0
170.0 166.0
170.0 167.0
170.0 172.0
170.0 173.0
170.0 175.0
170.0 181.0
170.0 182.0
170.0 184.0
170.0 186.0
170.0 187.0
170.0 189.0
170.0 192.0
170.0 194.0
170.0 195.0
170.0 197.0
170.0 199.0
171.0 101.0
171.0 104.0
171.0 105.0
171.0 106.0
171.0 108.0
171.0 109.0
171.0 112.0
171.0 117.0
171.0 118.0
171.0 119.0
171.0 121.0
171.0 124.0
171.0 133.0
171.0 134.0
171.0 135.0
171.0 139.0
171.0 140.0
171.0 142.0
171.0 144.0
171.0 146.0
171.0 147.0
171.0 149.0
171.0 151.0
171.0 153.0
171.0 154.0
171.0 155.0
171.0 157.0
171.0 158.0
171.0 159.0
171.0 160.0
171.0 165.0
171.0 172.0
171.0 178.0
171.0 180.0
171.0 186.0
171.0 190.0
171.0 193.0
171.0 196.0
172.0 111.0
172.0 113.0
172.0 122.0
172.0 123.0
172.0 125.0
172.0 128.0
172.0 129.0
172.0 130.0
172.0 132.0
172.0 137.0
172.0 141.0
172.0 143.0
172.0 146.0
172.0 156.0
172.0 167.0
172.0 168.0
172.0 169.0
172.0 170.0
172.0 171.0
172.0 174.0
172.0 175.0
172.0 176.0
172.0 177.0
172.0 179.0
172.0 181.0
172.0 182.0
172.0 183.0
172.0 185.0
172.0 186.0
172.0 187.0
172.0 188.0
172.0 189.0
172.0 192.0
172.0 194.0
172.0 195.0
172.0 197.0
172.0 198.0
172.0 199.0
173.0 102.0
173.0 103.0
173.0 107.0
173.0 111.0
173.0 113.0
173.0 115.0
173.0 122.0
173.0 123.0
173.0 125.0
173.0 126.0
173.0 127.0
173.0 129.0
173.0 131.0
173.0 132.0
173.0 137.0
173.0 143.0
173.0 148.0
173.0 150.0
173.0 152.0
173.0 156.0
173.0 163.0
173.0 164.0
173.0 166.0
173.0 167.0
173.0 169.0
173.0 170.0
173.0 177.0
173.0 182.0
173.0 183.0
173.0 185.0
173.0 186.0
173.0 187.0
173.0 188.0
173.0 189.0
173.0 192.0
173.0 194.0
173.0 200.0
174.0 107.0
174.0 110.0
174.0 111.0
174.0 115.0
174.0 120.0
174.0 122.0
174.0 123.0
174.0 125.0
174.0 130.0
174.0 132.0
174.0 136.0
174.0 137.0
174.0 138.0
174.0 143.0
174.0 150.0
174.0 151.0
174.0 152.0
174.0 153.0
174.0 156.0
174.0 163.0
174.0 164.0
174.0 166.0
174.0 167.0
174.0 168.0
174.0 172.0
174.0 175.0
174.0 177.0
174.0 179.0
174.0 182.0
174.0 185.0
174.0 187.0
174.0 188.0
174.0 191.0
174.0 192.0
174.0 194.0
174.0 195.0
174.0 197.0
174.0 198.0
175.0 102.0
175.0 110.0
175.0 113.0
175.0 127.0
175.0 128.0
175.0 129.0
175.0 130.0
175.0 137.0
175.0 138.0
175.0 148.0
175.0 152.0
175.0 156.0
175.0 161.0
175.0 162.0
175.0 163.0
175.0 166.0
175.0 167.0
175.0 168.0
175.0 169.0
175.0 170.0
175.0 172.0
175.0 174.0
175.0 176.0
175.0 177.0
175.0 179.0
175.0 181.0
175.0 182.0
175.0 183.0
175.0 184.0
175.0 187.0
175.0 188.0
175.0 189.0
175.0 192.0
175.0 194.0
175.0 196.0
175.0 197.0
175.0 198.0
175.0 199.0
175.0 200.0
176.0 103.0
176.0 107.0
176.0 108.0
176.0 110.0
176.0 111.0
176.0 115.0
176.0 120.0
176.0 122.0
176.0 123.0
176.0 125.0
176.0 129.0
176.0 131.0
176.0 132.0
176.0 137.0
176.0 138.0
176.0 141.0
176.0 148.0
176.0 151.0
176.0 152.0
176.0 161.0
176.0 163.0
176.0 164.0
176.0 167.0
176.0 168.0
176.0 172.0
176.0 175.0
176.0 179.0
176.0 182.0
176.0 183.0
176.0 184.0
176.0 185.0
176.0 186.0
176.0 187.0
176.0 188.0
176.0 189.0
176.0 192.0
176.0 195.0
176.0 197.0
176.0 198.0
177.0 102.0
177.0 107.0
177.0 110.0
177.0 111.0
177.0 113.0
177.0 120.0
177.0 123.0
177.0 125.0
177.0 130.0
177.0 132.0
177.0 138.0
177.0 141.0
177.0 143.0
177.0 148.0
177.0 152.0
177.0 156.0
177.0 159.0
177.0 161.0
177.0 163.0
177.0 164.0
177.0 166.0
177.0 167.0
177.0 168.0
177.0 169.0
177.0 172.0
177.0 173.0
177.0 174.0
177.0 175.0
177.0 181.0
177.0 182.0
177.0 184.0
177.0 185.0
177.0 187.0
177.0 189.0
177.0 193.0
177.0 194.0
177.0 195.0
177.0 198.0
177.0 199.0
178.0 101.0
178.0 104.0
178.0 105.0
178.0 106.0
178.0 112.0
178.0 116.0
178.0 117.0
178.0 118.0
178.0 119.0
178.0 121.0
178.0 124.0
178.0 126.0
178.0 128.0
178.0 133.0
178.0 134.0
178.0 135.0
178.0 139.0
178.0 140.0
178.0 142.0
178.0 144.0
178.0 145.0
178.0 146.0
178.0 147.0
178.0 149.0
178.0 151.0
178.0 153.0
178.0 154.0
178.0 155.0
178.0 157.0
178.0 158.0
178.0 159.0
178.0 160.0
178.0 165.0
178.0 171.0
178.0 180.0
178.0 182.0
178.0 190.0
178.0 193.0
178.0 196.0
179.0 102.0
179.0 103.0
179.0 107.0
179.0 111.0
179.0 113.0
179.0 114.0
179.0 115.0
179.0 122.0
179.0 125.0
179.0 128.0
179.0 129.0
179.0 131.0
179.0 132.0
179.0 136.0
179.0 141.0
179.0 150.0
179.0 155.0
179.0 161.0
179.0 162.0
179.0 163.0
179.0 166.0
179.0 168.0
179.0 169.0
179.0 172.0
179.0 174.0
179.0 175.0
179.0 176.0
179.0 182.0
179.0 183.0
179.0 184.0
179.0 187.0
179.0 188.0
179.0 189.0
179.0 191.0
179.0 192.0
179.0 194.0
179.0 197.0
179.0 199.0
180.0 101.0
180.0 104.0
180.0 105.0
180.0 106.0
180.0 108.0
180.0 109.0
180.0 112.0
180.0 116.0
180.0 117.0
180.0 118.0
180.0 119.0
180.0 120.0
180.0 121.0
180.0 124.0
180.0 126.0
180.0 133.0
180.0 134.0
180.0 135.0
180.0 139.0
180.0 142.0
180.0 144.0
180.0 145.0
180.0 146.0
180.0 147.0
180.0 149.0
180.0 151.0
180.0 153.0
180.0 154.0
180.0 155.0
180.0 157.0
180.0 158.0
180.0 159.0
180.0 160.0
180.0 165.0
180.0 171.0
180.0 178.0
180.0 190.0
180.0 193.0
180.0 196.0
181.0 102.0
181.0 107.0
181.0 110.0
181.0 111.0
181.0 112.0
181.0 114.0
181.0 120.0
181.0 125.0
181.0 127.0
181.0 128.0
181.0 131.0
181.0 138.0
181.0 141.0
181.0 150.0
181.0 152.0
181.0 162.0
181.0 166.0
181.0 167.0
181.0 168.0
181.0 169.0
181.0 170.0
181.0 172.0
181.0 175.0
181.0 177.0
181.0 182.0
181.0 183.0
181.0 184.0
181.0 185.0
181.0 186.0
181.0 187.0
181.0 188.0
181.0 189.0
181.0 191.0
181.0 192.0
181.0 195.0
181.0 196.0
181.0 197.0
181.0 198.0
181.0 199.0
182.0 102.0
182.0 103.0
182.0 107.0
182.0 110.0
182.0 114.0
182.0 115.0
182.0 120.0
182.0 125.0
182.0 129.0
182.0 132.0
182.0 136.0
182.0 138.0
182.0 143.0
182.0 148.0
182.0 150.0
182.0 152.0
182.0 156.0
182.0 162.0
182.0 163.0
182.0 167.0
182.0 170.0
182.0 172.0
182.0 173.0
182.0 174.0
182.0 175.0
182.0 176.0
182.0 177.0
182.0 178.0
182.0 179.0
182.0 181.0
182.0 187.0
182.0 188.0
182.0 189.0
182.0 192.0
182.0 194.0
182.0 195.0
182.0 198.0
182.0 199.0
183.0 102.0
183.0 103.0
183.0 107.0
183.0 113.0
183.0 124.0
183.0 125.0
183.0 127.0
183.0 129.0
183.0 130.0
183.0 132.0
183.0 141.0
183.0 143.0
183.0 144.0
183.0 148.0
183.0 150.0
183.0 152.0
183.0 156.0
183.0 161.0
183.0 162.0
183.0 164.0
183.0 166.0
183.0 167.0
183.0 168.0
183.0 169.0
183.0 172.0
183.0 173.0
183.0 175.0
183.0 176.0
183.0 179.0
183.0 181.0
183.0 184.0
183.0 185.0
183.0 186.0
183.0 187.0
183.0 191.0
183.0 194.0
183.0 195.0
183.0 198.0
183.0 199.0
183.0 200.0
184.0 102.0
184.0 110.0
184.0 111.0
184.0 114.0
184.0 115.0
184.0 120.0
184.0 122.0
184.0 128.0
184.0 129.0
184.0 132.0
184.0 133.0
184.0 137.0
184.0 138.0
184.0 141.0
184.0 148.0
184.0 149.0
184.0 150.0
184.0 152.0
184.0 156.0
184.0 161.0
184.0 163.0
184.0 164.0
184.0 166.0
184.0 167.0
184.0 169.0
184.0 170.0
184.0 175.0
184.0 176.0
184.0 177.0
184.0 179.0
184.0 181.0
184.0 183.0
184.0 185.0
184.0 187.0
184.0 188.0
184.0 189.0
184.0 191.0
184.0 194.0
184.0 197.0
184.0 200.0
185.0 106.0
185.0 107.0
185.0 114.0
185.0 115.0
185.0 122.0
185.0 123.0
185.0 125.0
185.0 127.0
185.0 128.0
185.0 129.0
185.0 130.0
185.0 131.0
185.0 132.0
185.0 137.0
185.0 138.0
185.0 143.0
185.0 148.0
185.0 150.0
185.0 156.0
185.0 163.0
185.0 164.0
185.0 168.0
185.0 172.0
185.0 173.0
185.0 174.0
185.0 176.0
185.0 177.0
185.0 181.0
185.0 183.0
185.0 184.0
185.0 187.0
185.0 188.0
185.0 189.0
185.0 191.0
185.0 194.0
185.0 195.0
185.0 197.0
185.0 198.0
185.0 199.0
186.0 102.0
186.0 103.0
186.0 107.0
186.0 109.0
186.0 110.0
186.0 111.0
186.0 113.0
186.0 114.0
186.0 115.0
186.0 122.0
186.0 123.0
186.0 127.0
186.0 129.0
186.0 131.0
186.0 132.0
186.0 137.0
186.0 138.0
186.0 150.0
186.0 152.0
186.0 156.0
186.0 161.0
186.0 164.0
186.0 167.0
186.0 168.0
186.0 169.0
186.0 170.0
186.0 171.0
186.0 172.0
186.0 173.0
186.0 176.0
186.0 181.0
186.0 183.0
186.0 187.0
186.0 188.0
186.0 192.0
186.0 194.0
186.0 195.0
186.0 198.0
186.0 199.0
186.0 200.0
187.0 103.0
187.0 110.0
187.0 111.0
187.0 113.0
187.0 114.0
187.0 120.0
187.0 122.0
187.0 123.0
187.0 125.0
187.0 128.0
187.0 129.0
187.0 137.0
187.0 148.0
187.0 162.0
187.0 163.0
187.0 166.0
187.0 167.0
187.0 168.0
187.0 170.0
187.0 172.0
187.0 173.0
187.0 174.0
187.0 175.0
187.0 176.0
187.0 177.0
187.0 179.0
187.0 181.0
187.0 182.0
187.0 183.0
187.0 184.0
187.0 185.0
187.0 186.0
187.0 188.0
187.0 189.0
187.0 191.0
187.0 197.0
187.0 198.0
187.0 199.0
187.0 200.0
188.0 103.0
188.0 107.0
188.0 110.0
188.0 114.0
188.0 115.0
188.0 123.0
188.0 127.0
188.0 128.0
188.0 130.0
188.0 131.0
188.0 136.0
188.0 137.0
188.0 138.0
188.0 148.0
188.0 152.0
188.0 153.0
188.0 162.0
188.0 163.0
188.0 166.0
188.0 167.0
188.0 168.0
188.0 169.0
188.0 172.0
188.0 173.0
188.0 174.0
188.0 175.0
188.0 176.0
188.0 179.0
188.0 181.0
188.0 182.0
188.0 184.0
188.0 185.0
188.0 186.0
188.0 187.0
188.0 189.0
188.0 192.0
188.0 194.0
188.0 197.0
188.0 199.0
189.0 102.0
189.0 103.0
189.0 110.0
189.0 115.0
189.0 120.0
189.0 125.0
189.0 127.0
189.0 132.0
189.0 134.0
189.0 136.0
189.0 138.0
189.0 139.0
189.0 143.0
189.0 150.0
189.0 161.0
189.0 162.0
189.0 163.0
189.0 164.0
189.0 168.0
189.0 169.0
189.0 170.0
189.0 172.0
189.0 173.0
189.0 175.0
189.0 176.0
189.0 177.0
189.0 179.0
189.0 181.0
189.0 182.0
189.0 184.0
189.0 185.0
189.0 187.0
189.0 188.0
189.0 192.0
189.0 194.0
189.0 195.0
189.0 197.0
189.0 198.0
189.0 199.0
189.0 200.0
190.0 101.0
190.0 104.0
190.0 105.0
190.0 106.0
190.0 108.0
190.0 109.0
190.0 112.0
190.0 116.0
190.0 117.0
190.0 118.0
190.0 119.0
190.0 121.0
190.0 124.0
190.0 126.0
190.0 133.0
190.0 134.0
190.0 135.0
190.0 136.0
190.0 139.0
190.0 140.0
190.0 142.0
190.0 143.0
190.0 144.0
190.0 145.0
190.0 146.0
190.0 147.0
190.0 149.0
190.0 151.0
190.0 153.0
190.0 154.0
190.0 157.0
190.0 158.0
190.0 159.0
190.0 160.0
190.0 165.0
190.0 171.0
190.0 178.0
190.0 180.0
190.0 193.0
190.0 196.0
191.0 103.0
191.0 107.0
191.0 110.0
191.0 111.0
191.0 113.0
191.0 114.0
191.0 115.0
191.0 120.0
191.0 123.0
191.0 125.0
191.0 127.0
191.0 128.0
191.0 130.0
191.0 136.0
191.0 137.0
191.0 138.0
191.0 141.0
191.0 143.0
191.0 152.0
191.0 158.0
191.0 161.0
191.0 162.0
191.0 163.0
191.0 164.0
191.0 167.0
191.0 168.0
191.0 169.0
191.0 174.0
191.0 179.0
191.0 181.0
191.0 183.0
191.0 184.0
191.0 185.0
191.0 187.0
191.0 192.0
191.0 197.0
191.0 198.0
191.0 199.0
191.0 200.0
192.0 102.0
192.0 103.0
192.0 107.0
192.0 110.0
192.0 114.0
192.0 120.0
192.0 122.0
192.0 123.0
192.0 129.0
192.0 136.0
192.0 137.0
192.0 138.0
192.0 141.0
192.0 148.0
192.0 154.0
192.0 156.0
192.0 158.0
192.0 161.0
192.0 164.0
192.0 167.0
192.0 168.0
192.0 169.0
192.0 170.0
192.0 172.0
192.0 173.0
192.0 174.0
192.0 175.0
192.0 176.0
192.0 179.0
192.0 181.0
192.0 182.0
192.0 186.0
192.0 188.0
192.0 189.0
192.0 191.0
192.0 195.0
192.0 197.0
192.0 198.0
192.0 199.0
192.0 200.0
193.0 101.0
193.0 104.0
193.0 105.0
193.0 106.0
193.0 108.0
193.0 109.0
193.0 112.0
193.0 116.0
193.0 117.0
193.0 118.0
193.0 119.0
193.0 121.0
193.0 124.0
193.0 126.0
193.0 132.0
193.0 133.0
193.0 134.0
193.0 135.0
193.0 139.0
193.0 142.0
193.0 144.0
193.0 145.0
193.0 146.0
193.0 147.0
193.0 149.0
193.0 151.0
193.0 153.0
193.0 154.0
193.0 155.0
193.0 157.0
193.0 158.0
193.0 159.0
193.0 160.0
193.0 165.0
193.0 171.0
193.0 177.0
193.0 178.0
193.0 180.0
193.0 190.0
193.0 196.0
194.0 102.0
194.0 103.0
194.0 105.0
194.0 106.0
194.0 111.0
194.0 113.0
194.0 114.0
194.0 122.0
194.0 125.0
194.0 127.0
194.0 128.0
194.0 129.0
194.0 130.0
194.0 132.0
194.0 136.0
194.0 137.0
194.0 141.0
194.0 143.0
194.0 148.0
194.0 150.0
194.0 156.0
194.0 161.0
194.0 162.0
194.0 163.0
194.0 167.0
194.0 168.0
194.0 170.0
194.0 172.0
194.0 173.0
194.0 174.0
194.0 175.0
194.0 177.0
194.0 179.0
194.0 182.0
194.0 183.0
194.0 184.0
194.0 185.0
194.0 186.0
194.0 188.0
194.0 189.0
194.0 197.0
195.0 102.0
195.0 103.0
195.0 107.0
195.0 113.0
195.0 114.0
195.0 115.0
195.0 123.0
195.0 127.0
195.0 128.0
195.0 129.0
195.0 130.0
195.0 131.0
195.0 133.0
195.0 136.0
195.0 137.0
195.0 141.0
195.0 143.0
195.0 146.0
195.0 152.0
195.0 156.0
195.0 161.0
195.0 163.0
195.0 164.0
195.0 166.0
195.0 167.0
195.0 168.0
195.0 169.0
195.0 170.0
195.0 172.0
195.0 174.0
195.0 176.0
195.0 177.0
195.0 181.0
195.0 182.0
195.0 183.0
195.0 185.0
195.0 186.0
195.0 189.0
195.0 192.0
195.0 198.0
195.0 200.0
196.0 101.0
196.0 104.0
196.0 105.0
196.0 106.0
196.0 108.0
196.0 109.0
196.0 112.0
196.0 116.0
196.0 117.0
196.0 118.0
196.0 119.0
196.0 121.0
196.0 124.0
196.0 126.0
196.0 133.0
196.0 134.0
196.0 135.0
196.0 139.0
196.0 140.0
196.0 144.0
196.0 145.0
196.0 146.0
196.0 147.0
196.0 149.0
196.0 150.0
196.0 151.0
196.0 153.0
196.0 154.0
196.0 155.0
196.0 157.0
196.0 158.0
196.0 159.0
196.0 160.0
196.0 165.0
196.0 171.0
196.0 175.0
196.0 178.0
196.0 180.0
196.0 181.0
196.0 190.0
196.0 193.0
197.0 103.0
197.0 110.0
197.0 111.0
197.0 115.0
197.0 120.0
197.0 128.0
197.0 131.0
197.0 134.0
197.0 136.0
197.0 137.0
197.0 138.0
197.0 141.0
197.0 143.0
197.0 148.0
197.0 150.0
197.0 161.0
197.0 162.0
197.0 163.0
197.0 164.0
197.0 166.0
197.0 167.0
197.0 168.0
197.0 170.0
197.0 172.0
197.0 174.0
197.0 175.0
197.0 176.0
197.0 179.0
197.0 181.0
197.0 184.0
197.0 185.0
197.0 187.0
197.0 188.0
197.0 189.0
197.0 191.0
197.0 192.0
197.0 194.0
197.0 198.0
197.0 199.0
197.0 200.0
198.0 102.0
198.0 110.0
198.0 111.0
198.0 113.0
198.0 122.0
198.0 127.0
198.0 128.0
198.0 131.0
198.0 132.0
198.0 141.0
198.0 143.0
198.0 148.0
198.0 150.0
198.0 152.0
198.0 156.0
198.0 162.0
198.0 163.0
198.0 164.0
198.0 166.0
198.0 167.0
198.0 168.0
198.0 172.0
198.0 174.0
198.0 175.0
198.0 176.0
198.0 177.0
198.0 181.0
198.0 182.0
198.0 183.0
198.0 185.0
198.0 186.0
198.0 187.0
198.0 189.0
198.0 191.0
198.0 192.0
198.0 195.0
198.0 197.0
198.0 199.0
198.0 200.0
199.0 103.0
199.0 111.0
199.0 113.0
199.0 121.0
199.0 122.0
199.0 123.0
199.0 125.0
199.0 127.0
199.0 128.0
199.0 131.0
199.0 132.0
199.0 135.0
199.0 138.0
199.0 141.0
199.0 143.0
199.0 150.0
199.0 152.0
199.0 156.0
199.0 161.0
199.0 162.0
199.0 163.0
199.0 164.0
199.0 166.0
199.0 168.0
199.0 170.0
199.0 172.0
199.0 175.0
199.0 177.0
199.0 179.0
199.0 181.0
199.0 182.0
199.0 183.0
199.0 185.0
199.0 186.0
199.0 187.0
199.0 188.0
199.0 189.0
199.0 191.0
199.0 192.0
199.0 197.0
199.0 198.0
200.0 110.0
200.0 111.0
200.0 113.0
200.0 114.0
200.0 115.0
200.0 117.0
200.0 122.0
200.0 123.0
200.0 127.0
200.0 128.0
200.0 130.0
200.0 131.0
200.0 132.0
200.0 136.0
200.0 137.0
200.0 138.0
200.0 141.0
200.0 143.0
200.0 148.0
200.0 150.0
200.0 152.0
200.0 156.0
200.0 161.0
200.0 162.0
200.0 164.0
200.0 165.0
200.0 166.0
200.0 168.0
200.0 169.0
200.0 173.0
200.0 175.0
200.0 183.0
200.0 184.0
200.0 186.0
200.0 187.0
200.0 189.0
200.0 191.0
200.0 192.0
200.0 195.0
200.0 197.0
200.0 198.0
1
1 2
52
43 144.0
62 171.0
76 154.0
87 112.0
10 124.0
73 140.0
79 145.0
97 126.0
64 196.0
72 193.0
11 133.0
63 109.0
28 171.0
69 145.0
2 112.0
22 193.0
91 124.0
52 154.0
6 200.0
80 138.0
18 114.0
58 176.0
4 130.0
71 168.0
96 198.0
42 194.0
5 103.0
39 120.0
8 162.0
1 115.0
58 167.0
8 166.0
42 148.0
4 183.0
1 150.0
96 128.0
63 148.0
69 130.0
42 140.0
71 144.0
91 148.0
39 171.0
64 183.0
79 148.0
58 171.0
6 154.0
58 124.0
71 145.0
62 130.0
4 171.0
28 166.0
11 128.0
2
2 3 7 10 11 13 14 15 20 22 23 25 27 28 29 30 31 32 36 37 38 41 43 48 50 52 56 61 62 63 64 66 67 68 69 70 72 73 74 75 76 77 79 81 82 83 84 85 86 87 88 89 91 92 94 95 97 98 99 100 101.0 104.0 105.0 106.0 108.0 109.0 112.0 116.0 117.0 118.0 119.0 121.0 124.0 126.0 133.0 134.0 135.0 139.0 140.0 142.0 144.0 145.0 146.0 147.0 149.0 151.0 153.0 154.0 155.0 157.0 158.0 159.0 160.0 165.0 171.0 178.0 180.0 190.0 193.0 196.0 
1 4 5 6 8 9 12 16 17 18 19 21 24 26 33 34 35 39 40 42 44 45 46 47 49 51 53 54 55 57 58 59 60 65 71 78 80 90 93 96 102.0 103.0 107.0 110.0 111.0 113.0 114.0 115.0 120.0 122.0 123.0 125.0 127.0 128.0 129.0 130.0 131.0 132.0 136.0 137.0 138.0 141.0 143.0 148.0 150.0 152.0 156.0 161.0 162.0 163.0 164.0 166.0 167.0 168.0 169.0 170.0 172.0 173.0 174.0 175.0 176.0 177.0 179.0 181.0 182.0 183.0 184.0 185.0 186.0 187.0 188.0 189.0 191.0 192.0 194.0 195.0 197.0 198.0 199.0 200.0 
