2
1 2 3 4 5 6 7 8 9 10 11 12 13 14 15 16 17 18 19 20 21 22 23 24 25 26 27 28 29 30 31 32 33 34 35 36 37 38 39 40 41 42 43 44 45 46 47 48 49 50 51 52 53 54 55 56 57 58 59 60 61 62 63 64 65 66 67 68 69 70 71 72 73 74 75 76 77 78 79 80 81 82 83 84 85 86 87 88 89 90 91 92 93 94 95 96 97 98 99 100
2300
1 21
1 41
1 53
1 57
1 66
1 69
1 70
1 74
1 75
1 76
1 80
1 85
1 87
1 89
1 90
1 91
1 92
1 96
1 99
2 5
2 8
2 11
2 12
2 13
2 15
2 17
2 20
2 22
2 23
2 24
2 25
2 31
2 32
2 34
2 35
2 40
2 44
2 45
3 4
3 6
3 12
3 14
3 15
3 27
3 28
3 30
3 33
3 37
3 38
3 47
3 48
3 49
3 50
3 54
3 55
3 56
3 63
4 3
4 6
4 13
4 14
4 15
4 16
4 18
4 28
4 29
4 37
4 38
4 47
4 48
4 49
4 50
4 54
4 55
4 56
4 63
5 2
5 10
5 11
5 12
5 13
5 17
5 19
5 20
5 21
5 22
5 23
5 25
5 31
5 32
5 34
5 40
5 44
5 45
5 99
6 3
6 4
6 14
6 16
6 18
6 29
6 30
6 33
6 38
6 39
6 47
6 48
6 49
6 50
6 54
6 55
6 56
6 63
6 88
7 9
7 43
7 46
7 62
7 65
7 71
7 73
7 77
7 78
7 79
7 81
7 83
7 84
7 86
7 88
7 90
7 97
7 98
7 100
8 2
8 10
8 12
8 13
8 14
8 17
8 20
8 21
8 22
8 23
8 24
8 25
8 31
8 32
8 34
8 35
8 40
8 44
8 45
9 7
9 24
9 36
9 59
9 60
9 67
9 71
9 77
9 79
9 83
9 84
9 86
9 88
9 93
9 94
9 95
9 97
9 98
9 100
10 5
10 8
10 11
10 12
10 13
10 17
10 19
10 20
10 21
10 23
10 24
10 25
10 31
10 32
10 34
10 35
10 40
10 44
10 47
11 2
11 5
11 10
11 12
11 13
11 17
11 19
11 21
11 22
11 23
11 24
11 25
11 31
11 34
11 35
11 40
11 44
11 45
11 52
12 2
12 3
12 5
12 8
12 10
12 11
12 17
12 19
12 20
12 21
12 22
12 23
12 24
12 31
12 32
12 34
12 35
12 40
12 44
12 45
13 2
13 4
13 5
13 8
13 10
13 11
13 19
13 20
13 21
13 22
13 23
13 24
13 25
13 31
13 32
13 34
13 35
13 40
13 44
13 45
14 3
14 4
14 6
14 8
14 15
14 18
14 27
14 29
14 33
14 37
14 38
14 39
14 47
14 48
14 49
14 50
14 54
14 55
14 56
14 63
15 2
15 3
15 4
15 14
15 16
15 27
15 28
15 29
15 30
15 33
15 37
15 38
15 47
15 48
15 49
15 50
15 54
15 55
15 56
15 63
16 4
16 6
16 15
16 18
16 23
16 27
16 28
16 29
16 30
16 33
16 38
16 39
16 47
16 48
16 49
16 50
16 54
16 55
16 56
16 63
17 2
17 5
17 8
17 10
17 11
17 12
17 19
17 20
17 21
17 22
17 23
17 24
17 25
17 31
17 32
17 34
17 40
17 44
17 45
17 49
18 4
18 6
18 14
18 16
18 27
18 28
18 29
18 30
18 33
18 37
18 39
18 47
18 48
18 49
18 50
18 54
18 55
18 56
18 63
18 89
19 5
19 10
19 11
19 12
19 13
19 17
19 20
19 21
19 22
19 23
19 24
19 25
19 31
19 32
19 34
19 35
19 40
19 44
19 45
19 66
20 2
20 5
20 8
20 10
20 12
20 13
20 17
20 19
20 21
20 22
20 23
20 24
20 31
20 32
20 34
20 35
20 40
20 44
20 45
20 93
21 1
21 5
21 8
21 10
21 11
21 12
21 13
21 17
21 19
21 20
21 22
21 23
21 24
21 25
21 31
21 32
21 34
21 35
21 44
21 45
22 2
22 5
22 8
22 11
22 12
22 13
22 17
22 19
22 20
22 21
22 23
22 24
22 25
22 32
22 34
22 35
22 40
22 44
22 45
22 48
23 2
23 5
23 8
23 10
23 11
23 12
23 13
23 16
23 17
23 19
23 20
23 21
23 22
23 25
23 31
23 32
23 35
23 40
23 44
23 45
24 2
24 8
24 9
24 10
24 11
24 12
24 13
24 17
24 19
24 20
24 21
24 22
24 25
24 31
24 32
24 34
24 35
24 40
24 44
24 45
25 2
25 5
25 8
25 10
25 11
25 13
25 17
25 19
25 21
25 22
25 23
25 24
25 31
25 32
25 34
25 35
25 40
25 43
25 44
25 45
26 33
26 42
26 57
26 58
26 66
26 68
26 69
26 72
26 74
26 76
26 80
26 82
26 85
26 87
26 89
26 90
26 91
26 92
26 96
26 99
27 3
27 14
27 15
27 16
27 18
27 28
27 29
27 30
27 33
27 37
27 39
27 47
27 48
27 49
27 50
27 54
27 55
27 56
27 63
27 84
28 3
28 4
28 15
28 16
28 18
28 27
28 29
28 30
28 33
28 37
28 38
28 39
28 47
28 48
28 49
28 50
28 54
28 55
28 56
28 63
28 83
29 4
29 6
29 14
29 15
29 16
29 18
29 27
29 28
29 30
29 33
29 37
29 38
29 39
29 48
29 49
29 50
29 54
29 55
29 56
29 63
29 69
30 3
30 6
30 15
30 16
30 18
30 27
30 28
30 29
30 33
30 37
30 38
30 39
30 47
30 48
30 49
30 50
30 54
30 55
30 56
30 63
30 72
31 2
31 5
31 8
31 10
31 11
31 12
31 13
31 17
31 19
31 20
31 21
31 23
31 24
31 25
31 32
31 34
31 35
31 40
31 44
31 45
31 62
32 2
32 5
32 8
32 10
32 12
32 13
32 17
32 19
32 20
32 21
32 22
32 23
32 24
32 25
32 31
32 34
32 35
32 40
32 44
32 45
32 98
33 3
33 6
33 14
33 15
33 16
33 18
33 26
33 27
33 28
33 29
33 30
33 37
33 39
33 47
33 48
33 49
33 50
33 54
33 55
33 56
33 63
34 2
34 5
34 8
34 10
34 11
34 12
34 13
34 17
34 19
34 20
34 21
34 22
34 24
34 25
34 31
34 32
34 35
34 40
34 44
34 45
34 74
35 2
35 8
35 10
35 11
35 12
35 13
35 19
35 20
35 21
35 22
35 23
35 24
35 25
35 31
35 32
35 34
35 38
35 40
35 44
35 45
35 64
36 9
36 46
36 60
36 62
36 64
36 65
36 67
36 71
36 73
36 77
36 78
36 79
36 86
36 88
36 91
36 93
36 94
36 95
36 97
36 98
36 100
37 3
37 4
37 14
37 15
37 18
37 27
37 28
37 29
37 30
37 33
37 38
37 39
37 47
37 48
37 49
37 50
37 54
37 55
37 56
37 63
37 67
38 3
38 4
38 6
38 14
38 15
38 16
38 28
38 29
38 30
38 35
38 37
38 39
38 47
38 48
38 49
38 50
38 54
38 55
38 56
38 63
38 79
39 6
39 14
39 16
39 18
39 27
39 28
39 29
39 30
39 33
39 37
39 38
39 47
39 48
39 49
39 50
39 54
39 55
39 56
39 63
39 68
39 87
40 2
40 5
40 8
40 10
40 11
40 12
40 13
40 17
40 19
40 20
40 22
40 23
40 24
40 25
40 31
40 32
40 34
40 35
40 44
40 45
40 61
40 80
41 1
41 42
41 46
41 51
41 53
41 58
41 61
41 68
41 70
41 72
41 75
41 76
41 80
41 82
41 85
41 87
41 89
41 90
41 91
41 92
41 96
41 99
42 26
42 41
42 51
42 57
42 61
42 69
42 70
42 72
42 73
42 74
42 75
42 76
42 80
42 82
42 85
42 87
42 89
42 90
42 91
42 92
42 96
42 99
43 7
43 25
43 46
43 59
43 60
43 61
43 64
43 65
43 67
43 71
43 77
43 78
43 79
43 81
43 83
43 84
43 86
43 93
43 95
43 97
43 98
43 100
44 2
44 5
44 8
44 10
44 11
44 12
44 13
44 17
44 19
44 20
44 21
44 22
44 23
44 24
44 25
44 31
44 32
44 34
44 35
44 40
44 45
44 99
45 2
45 5
45 8
45 11
45 12
45 13
45 17
45 19
45 20
45 21
45 22
45 23
45 24
45 25
45 31
45 32
45 34
45 35
45 40
45 44
45 88
45 92
46 7
46 36
46 41
46 43
46 52
46 60
46 65
46 67
46 71
46 73
46 77
46 81
46 83
46 84
46 86
46 88
46 93
46 94
46 95
46 97
46 98
46 100
47 3
47 4
47 6
47 10
47 14
47 15
47 16
47 18
47 27
47 28
47 30
47 33
47 37
47 38
47 39
47 48
47 49
47 50
47 54
47 55
47 56
47 63
47 96
48 3
48 4
48 6
48 14
48 15
48 16
48 18
48 22
48 27
48 28
48 29
48 30
48 33
48 37
48 38
48 39
48 47
48 49
48 50
48 54
48 55
48 56
48 63
49 3
49 4
49 6
49 14
49 15
49 16
49 17
49 18
49 27
49 28
49 29
49 30
49 33
49 37
49 38
49 39
49 47
49 48
49 50
49 54
49 55
49 56
49 63
50 3
50 4
50 6
50 14
50 15
50 16
50 18
50 27
50 28
50 29
50 30
50 33
50 37
50 38
50 39
50 47
50 48
50 49
50 54
50 55
50 56
50 63
50 97
51 41
51 42
51 53
51 57
51 58
51 61
51 68
51 69
51 70
51 71
51 72
51 74
51 75
51 76
51 80
51 82
51 85
51 87
51 89
51 91
51 92
51 96
51 99
52 11
52 46
52 59
52 60
52 62
52 64
52 65
52 71
52 73
52 77
52 79
52 81
52 83
52 84
52 86
52 88
52 90
52 93
52 94
52 95
52 97
52 98
52 100
53 1
53 41
53 51
53 57
53 58
53 66
53 68
53 69
53 70
53 72
53 74
53 75
53 78
53 80
53 82
53 85
53 87
53 89
53 90
53 91
53 92
53 96
53 99
54 3
54 4
54 6
54 14
54 15
54 16
54 18
54 27
54 28
54 29
54 30
54 33
54 37
54 38
54 39
54 47
54 48
54 49
54 50
54 55
54 56
54 58
54 63
55 3
55 4
55 6
55 14
55 15
55 16
55 18
55 27
55 28
55 29
55 30
55 33
55 37
55 38
55 39
55 47
55 48
55 49
55 50
55 54
55 56
55 63
55 77
56 3
56 4
56 6
56 14
56 15
56 16
56 18
56 27
56 28
56 29
56 30
56 33
56 37
56 38
56 39
56 47
56 48
56 49
56 50
56 54
56 55
56 63
56 95
57 1
57 26
57 42
57 51
57 53
57 59
57 66
57 68
57 69
57 70
57 72
57 74
57 75
57 76
57 82
57 85
57 87
57 89
57 90
57 91
57 92
57 96
57 99
58 26
58 41
58 51
58 53
58 54
58 61
58 66
58 69
58 70
58 72
58 74
58 76
58 80
58 82
58 85
58 87
58 89
58 90
58 91
58 92
58 96
58 99
58 100
59 9
59 43
59 52
59 57
59 60
59 62
59 64
59 65
59 67
59 71
59 73
59 78
59 79
59 81
59 83
59 84
59 86
59 88
59 93
59 94
59 95
59 97
59 98
59 100
60 9
60 36
60 43
60 46
60 52
60 59
60 62
60 63
60 64
60 65
60 73
60 78
60 79
60 81
60 83
60 84
60 86
60 88
60 93
60 94
60 95
60 97
60 98
60 100
61 40
61 41
61 42
61 43
61 51
61 58
61 66
61 68
61 69
61 70
61 72
61 74
61 75
61 76
61 80
61 82
61 85
61 87
61 89
61 90
61 91
61 92
61 96
61 99
62 7
62 31
62 36
62 52
62 59
62 60
62 64
62 65
62 67
62 71
62 73
62 77
62 78
62 79
62 81
62 83
62 84
62 88
62 93
62 94
62 95
62 97
62 98
62 100
63 3
63 4
63 6
63 14
63 15
63 16
63 18
63 27
63 28
63 29
63 30
63 33
63 37
63 38
63 39
63 47
63 48
63 49
63 50
63 54
63 55
63 56
63 60
63 84
64 35
64 36
64 43
64 52
64 59
64 60
64 62
64 65
64 67
64 73
64 77
64 78
64 79
64 81
64 83
64 84
64 86
64 88
64 93
64 94
64 95
64 97
64 98
64 100
65 7
65 36
65 43
65 46
65 52
65 59
65 60
65 62
65 64
65 67
65 77
65 78
65 79
65 81
65 82
65 83
65 86
65 88
65 93
65 94
65 95
65 97
65 98
65 100
66 1
66 19
66 26
66 53
66 57
66 58
66 61
66 68
66 69
66 70
66 72
66 74
66 75
66 76
66 80
66 82
66 85
66 87
66 89
66 90
66 91
66 92
66 96
66 99
67 9
67 36
67 37
67 43
67 46
67 59
67 62
67 64
67 65
67 71
67 73
67 77
67 78
67 79
67 81
67 83
67 84
67 86
67 88
67 93
67 94
67 95
67 97
67 98
67 100
68 26
68 39
68 41
68 51
68 53
68 57
68 61
68 66
68 69
68 70
68 72
68 74
68 75
68 76
68 80
68 81
68 82
68 85
68 87
68 89
68 90
68 91
68 92
68 96
68 99
69 1
69 26
69 29
69 42
69 51
69 53
69 57
69 58
69 61
69 66
69 68
69 70
69 72
69 75
69 76
69 80
69 82
69 85
69 87
69 89
69 90
69 91
69 92
69 96
69 99
70 1
70 41
70 42
70 51
70 53
70 57
70 58
70 61
70 66
70 68
70 69
70 72
70 74
70 75
70 76
70 80
70 82
70 85
70 87
70 89
70 90
70 91
70 92
70 96
70 99
71 7
71 9
71 36
71 43
71 46
71 51
71 52
71 59
71 62
71 67
71 73
71 77
71 78
71 79
71 81
71 83
71 84
71 86
71 88
71 93
71 94
71 95
71 97
71 98
71 100
72 26
72 30
72 41
72 42
72 51
72 53
72 57
72 58
72 61
72 66
72 68
72 69
72 70
72 74
72 75
72 76
72 80
72 82
72 85
72 89
72 90
72 91
72 92
72 96
72 99
73 7
73 36
73 42
73 46
73 52
73 59
73 60
73 62
73 64
73 67
73 71
73 77
73 78
73 79
73 81
73 83
73 84
73 86
73 88
73 93
73 94
73 95
73 97
73 98
73 100
74 1
74 26
74 34
74 42
74 51
74 53
74 57
74 58
74 61
74 66
74 68
74 70
74 72
74 75
74 76
74 80
74 82
74 85
74 87
74 89
74 90
74 91
74 92
74 96
74 99
75 1
75 41
75 42
75 51
75 53
75 57
75 61
75 66
75 68
75 69
75 70
75 72
75 74
75 76
75 80
75 82
75 85
75 87
75 89
75 90
75 91
75 92
75 94
75 96
75 99
76 1
76 26
76 41
76 42
76 51
76 57
76 58
76 61
76 66
76 68
76 69
76 70
76 72
76 74
76 75
76 80
76 85
76 87
76 89
76 90
76 91
76 92
76 94
76 96
76 99
77 7
77 9
77 36
77 43
77 46
77 52
77 55
77 62
77 64
77 65
77 67
77 71
77 73
77 78
77 79
77 81
77 83
77 84
77 86
77 88
77 93
77 94
77 95
77 97
77 98
77 100
78 7
78 36
78 43
78 53
78 59
78 60
78 62
78 64
78 65
78 67
78 71
78 73
78 77
78 79
78 81
78 82
78 83
78 84
78 86
78 88
78 93
78 94
78 95
78 97
78 98
78 100
79 7
79 9
79 36
79 38
79 43
79 52
79 59
79 60
79 62
79 64
79 65
79 67
79 71
79 73
79 77
79 78
79 83
79 84
79 86
79 88
79 93
79 94
79 95
79 97
79 98
79 100
80 1
80 26
80 40
80 41
80 42
80 51
80 53
80 58
80 61
80 66
80 68
80 69
80 70
80 72
80 74
80 75
80 76
80 82
80 85
80 87
80 89
80 90
80 91
80 92
80 96
80 99
81 7
81 43
81 46
81 52
81 59
81 60
81 62
81 64
81 65
81 67
81 68
81 71
81 73
81 77
81 78
81 83
81 84
81 86
81 88
81 93
81 94
81 95
81 96
81 97
81 98
81 100
82 26
82 41
82 42
82 51
82 53
82 57
82 58
82 61
82 65
82 66
82 68
82 69
82 70
82 72
82 74
82 75
82 78
82 80
82 85
82 87
82 89
82 90
82 91
82 92
82 96
82 99
83 7
83 9
83 28
83 43
83 46
83 52
83 59
83 60
83 62
83 64
83 65
83 67
83 71
83 73
83 77
83 78
83 79
83 81
83 84
83 86
83 88
83 93
83 94
83 95
83 97
83 98
83 100
84 7
84 9
84 27
84 43
84 46
84 52
84 59
84 60
84 62
84 63
84 64
84 67
84 71
84 73
84 77
84 78
84 79
84 81
84 83
84 86
84 88
84 93
84 94
84 95
84 97
84 98
84 100
85 1
85 26
85 41
85 42
85 51
85 53
85 57
85 58
85 61
85 66
85 68
85 69
85 70
85 72
85 74
85 75
85 76
85 80
85 82
85 86
85 87
85 89
85 90
85 91
85 92
85 96
85 99
86 7
86 9
86 36
86 43
86 46
86 52
86 59
86 60
86 64
86 65
86 67
86 71
86 73
86 77
86 78
86 79
86 81
86 83
86 84
86 85
86 88
86 93
86 94
86 95
86 97
86 98
86 100
87 1
87 26
87 39
87 41
87 42
87 51
87 53
87 57
87 58
87 61
87 66
87 68
87 69
87 70
87 74
87 75
87 76
87 80
87 82
87 85
87 89
87 90
87 91
87 92
87 93
87 96
87 99
88 6
88 7
88 9
88 36
88 45
88 46
88 52
88 59
88 60
88 62
88 64
88 65
88 67
88 71
88 73
88 77
88 78
88 79
88 81
88 83
88 84
88 86
88 94
88 95
88 97
88 98
88 100
89 1
89 18
89 26
89 41
89 42
89 51
89 53
89 57
89 58
89 61
89 66
89 68
89 69
89 70
89 72
89 74
89 75
89 76
89 80
89 82
89 85
89 87
89 90
89 91
89 92
89 96
89 99
90 1
90 7
90 26
90 41
90 42
90 52
90 53
90 57
90 58
90 61
90 66
90 68
90 69
90 70
90 72
90 74
90 75
90 76
90 80
90 82
90 85
90 87
90 89
90 91
90 92
90 96
90 99
91 1
91 26
91 36
91 41
91 42
91 51
91 53
91 57
91 58
91 61
91 66
91 68
91 69
91 70
91 72
91 74
91 75
91 76
91 80
91 82
91 85
91 87
91 89
91 90
91 92
91 96
91 99
92 1
92 26
92 41
92 42
92 45
92 51
92 53
92 57
92 58
92 61
92 66
92 68
92 69
92 70
92 72
92 74
92 75
92 76
92 80
92 82
92 85
92 87
92 89
92 90
92 91
92 96
92 99
93 9
93 20
93 36
93 43
93 46
93 52
93 59
93 60
93 62
93 64
93 65
93 67
93 71
93 73
93 77
93 78
93 79
93 81
93 83
93 84
93 86
93 87
93 94
93 95
93 97
93 98
93 100
94 9
94 36
94 46
94 52
94 59
94 60
94 62
94 64
94 65
94 67
94 71
94 73
94 75
94 76
94 77
94 78
94 79
94 81
94 83
94 84
94 86
94 88
94 93
94 95
94 97
94 98
94 100
95 9
95 36
95 43
95 46
95 52
95 56
95 59
95 60
95 62
95 64
95 65
95 67
95 71
95 73
95 77
95 78
95 79
95 81
95 83
95 84
95 86
95 88
95 93
95 94
95 97
95 98
95 100
96 1
96 26
96 41
96 42
96 47
96 51
96 53
96 57
96 58
96 61
96 66
96 68
96 69
96 70
96 72
96 74
96 75
96 76
96 80
96 81
96 82
96 85
96 87
96 89
96 90
96 91
96 92
96 99
97 7
97 9
97 36
97 43
97 46
97 50
97 52
97 59
97 60
97 62
97 64
97 65
97 67
97 71
97 73
97 77
97 78
97 79
97 81
97 83
97 84
97 86
97 88
97 93
97 94
97 95
97 98
97 100
98 7
98 9
98 32
98 36
98 43
98 46
98 52
98 59
98 60
98 62
98 64
98 65
98 67
98 71
98 73
98 77
98 78
98 79
98 81
98 83
98 84
98 86
98 88
98 93
98 94
98 95
98 97
98 100
99 1
99 5
99 26
99 41
99 42
99 44
99 51
99 53
99 57
99 58
99 61
99 66
99 68
99 69
99 70
99 72
99 74
99 75
99 76
99 80
99 82
99 85
99 87
99 89
99 90
99 91
99 92
99 96
100 7
100 9
100 36
100 43
100 46
100 52
100 58
100 59
100 60
100 62
100 64
100 65
100 67
100 71
100 73
100 77
100 78
100 79
100 81
100 83
100 84
100 86
100 88
100 93
100 94
100 95
100 97
100 98
101.0 102.0 103.0 104.0 105.0 106.0 107.0 108.0 109.0 110.0 111.0 112.0 113.0 114.0 115.0 116.0 117.0 118.0 119.0 120.0 121.0 122.0 123.0 124.0 125.0 126.0 127.0 128.0 129.0 130.0 131.0 132.0 133.0 134.0 135.0 136.0 137.0 138.0 139.0 140.0 141.0 142.0 143.0 144.0 145.0 146.0 147.0 148.0 149.0 150.0 151.0 152.0 153.0 154.0 155.0 156.0 157.0 158.0 159.0 160.0 161.0 162.0 163.0 164.0 165.0 166.0 167.0 168.0 169.0 170.0 171.0 172.0 173.0 174.0 175.0 176.0 177.0 178.0 179.0 180.0 181.0 182.0 183.0 184.0 185.0 186.0 187.0 188.0 189.0 190.0 191.0 192.0 193.0 194.0 195.0 196.0 197.0 198.0 199.0 200.0
2300
101.0 121.0
101.0 141.0
101.0 153.0
101.0 157.0
101.0 166.0
101.0 169.0
101.0 170.0
101.0 174.0
101.0 175.0
101.0 176.0
101.0 180.0
101.0 185.0
101.0 187.0
101.0 189.0
101.0 190.0
101.0 191.0
101.0 192.0
101.0 196.0
101.0 199.0
102.0 105.0
102.0 108.0
102.0 111.0
102.0 112.0
102.0 113.0
102.0 115.0
102.0 117.0
102.0 120.0
102.0 122.0
102.0 123.0
102.0 124.0
102.0 125.0
102.0 131.0
102.0 132.0
102.0 134.0
102.0 135.0
102.0 140.0
102.0 144.0
102.0 145.0
103.0 104.0
103.0 106.0
103.0 112.0
103.0 114.0
103.0 115.0
103.0 127.0
103.0 128.0
103.0 130.0
103.0 133.0
103.0 137.0
103.0 138.0
103.0 147.0
103.0 148.0
103.0 149.0
103.0 150.0
103.0 154.0
103.0 155.0
103.0 156.0
103.0 163.0
104.0 103.0
104.0 106.0
104.0 113.0
104.0 114.0
104.0 115.0
104.0 116.0
104.0 118.0
104.0 128.0
104.0 129.0
104.0 137.0
104.0 138.0
104.0 147.0
104.0 148.0
104.0 149.0
104.0 150.0
104.0 154.0
104.0 155.0
104.0 156.0
104.0 163.0
105.0 102.0
105.0 110.0
105.0 111.0
105.0 112.0
105.0 113.0
105.0 117.0
105.0 119.0
105.0 120.0
105.0 121.0
105.0 122.0
105.0 123.0
105.0 125.0
105.0 131.0
105.0 132.0
105.0 134.0
105.0 140.0
105.0 144.0
105.0 145.0
105.0 199.0
106.0 103.0
106.0 104.0
106.0 114.0
106.0 116.0
106.0 118.0
106.0 129.0
106.0 130.0
106.0 133.0
106.0 138.0
106.0 139.0
106.0 147.0
106.0 148.0
106.0 149.0
106.0 150.0
106.0 154.0
106.0 155.0
106.0 156.0
106.0 163.0
106.0 188.0
107.0 109.0
107.0 143.0
107.0 146.0
107.0 162.0
107.0 165.0
107.0 171.0
107.0 173.0
107.0 177.0
107.0 178.0
107.0 179.0
107.0 181.0
107.0 183.0
107.0 184.0
107.0 186.0
107.0 188.0
107.0 190.0
107.0 197.0
107.0 198.0
107.0 200.0
108.0 102.0
108.0 110.0
108.0 112.0
108.0 113.0
108.0 114.0
108.0 117.0
108.0 120.0
108.0 121.0
108.0 122.0
108.0 123.0
108.0 124.0
108.0 125.0
108.0 131.0
108.0 132.0
108.0 134.0
108.0 135.0
108.0 140.0
108.0 144.0
108.0 145.0
109.0 107.0
109.0 124.0
109.0 136.0
109.0 159.0
109.0 160.0
109.0 167.0
109.0 171.0
109.0 177.0
109.0 179.0
109.0 183.0
109.0 184.0
109.0 186.0
109.0 188.0
109.0 193.0
109.0 194.0
109.0 195.0
109.0 197.0
109.0 198.0
109.0 200.0
110.0 105.0
110.0 108.0
110.0 111.0
110.0 112.0
110.0 113.0
110.0 117.0
110.0 119.0
110.0 120.0
110.0 121.0
110.0 123.0
110.0 124.0
110.0 125.0
110.0 131.0
110.0 132.0
110.0 134.0
110.0 135.0
110.0 140.0
110.0 144.0
110.0 147.0
111.0 102.0
111.0 105.0
111.0 110.0
111.0 112.0
111.0 113.0
111.0 117.0
111.0 119.0
111.0 121.0
111.0 122.0
111.0 123.0
111.0 124.0
111.0 125.0
111.0 131.0
111.0 134.0
111.0 135.0
111.0 140.0
111.0 144.0
111.0 145.0
111.0 152.0
112.0 102.0
112.0 103.0
112.0 105.0
112.0 108.0
112.0 110.0
112.0 111.0
112.0 117.0
112.0 119.0
112.0 120.0
112.0 121.0
112.0 122.0
112.0 123.0
112.0 124.0
112.0 131.0
112.0 132.0
112.0 134.0
112.0 135.0
112.0 140.0
112.0 144.0
112.0 145.0
113.0 102.0
113.0 104.0
113.0 105.0
113.0 108.0
113.0 110.0
113.0 111.0
113.0 119.0
113.0 120.0
113.0 121.0
113.0 122.0
113.0 123.0
113.0 124.0
113.0 125.0
113.0 131.0
113.0 132.0
113.0 134.0
113.0 135.0
113.0 140.0
113.0 144.0
113.0 145.0
114.0 103.0
114.0 104.0
114.0 106.0
114.0 108.0
114.0 115.0
114.0 118.0
114.0 127.0
114.0 129.0
114.0 133.0
114.0 137.0
114.0 138.0
114.0 139.0
114.0 147.0
114.0 148.0
114.0 149.0
114.0 150.0
114.0 154.0
114.0 155.0
114.0 156.0
114.0 163.0
115.0 102.0
115.0 103.0
115.0 104.0
115.0 114.0
115.0 116.0
115.0 127.0
115.0 128.0
115.0 129.0
115.0 130.0
115.0 133.0
115.0 137.0
115.0 138.0
115.0 147.0
115.0 148.0
115.0 149.0
115.0 150.0
115.0 154.0
115.0 155.0
115.0 156.0
115.0 163.0
116.0 104.0
116.0 106.0
116.0 115.0
116.0 118.0
116.0 123.0
116.0 127.0
116.0 128.0
116.0 129.0
116.0 130.0
116.0 133.0
116.0 138.0
116.0 139.0
116.0 147.0
116.0 148.0
116.0 149.0
116.0 150.0
116.0 154.0
116.0 155.0
116.0 156.0
116.0 163.0
117.0 102.0
117.0 105.0
117.0 108.0
117.0 110.0
117.0 111.0
117.0 112.0
117.0 119.0
117.0 120.0
117.0 121.0
117.0 122.0
117.0 123.0
117.0 124.0
117.0 125.0
117.0 131.0
117.0 132.0
117.0 134.0
117.0 140.0
117.0 144.0
117.0 145.0
117.0 149.0
118.0 104.0
118.0 106.0
118.0 114.0
118.0 116.0
118.0 127.0
118.0 128.0
118.0 129.0
118.0 130.0
118.0 133.0
118.0 137.0
118.0 139.0
118.0 147.0
118.0 148.0
118.0 149.0
118.0 150.0
118.0 154.0
118.0 155.0
118.0 156.0
118.0 163.0
118.0 189.0
119.0 105.0
119.0 110.0
119.0 111.0
119.0 112.0
119.0 113.0
119.0 117.0
119.0 120.0
119.0 121.0
119.0 122.0
119.0 123.0
119.0 124.0
119.0 125.0
119.0 131.0
119.0 132.0
119.0 134.0
119.0 135.0
119.0 140.0
119.0 144.0
119.0 145.0
119.0 166.0
120.0 102.0
120.0 105.0
120.0 108.0
120.0 110.0
120.0 112.0
120.0 113.0
120.0 117.0
120.0 119.0
120.0 121.0
120.0 122.0
120.0 123.0
120.0 124.0
120.0 131.0
120.0 132.0
120.0 134.0
120.0 135.0
120.0 140.0
120.0 144.0
120.0 145.0
120.0 193.0
121.0 101.0
121.0 105.0
121.0 108.0
121.0 110.0
121.0 111.0
121.0 112.0
121.0 113.0
121.0 117.0
121.0 119.0
121.0 120.0
121.0 122.0
121.0 123.0
121.0 124.0
121.0 125.0
121.0 131.0
121.0 132.0
121.0 134.0
121.0 135.0
121.0 144.0
121.0 145.0
122.0 102.0
122.0 105.0
122.0 108.0
122.0 111.0
122.0 112.0
122.0 113.0
122.0 117.0
122.0 119.0
122.0 120.0
122.0 121.0
122.0 123.0
122.0 124.0
122.0 125.0
122.0 132.0
122.0 134.0
122.0 135.0
122.0 140.0
122.0 144.0
122.0 145.0
122.0 148.0
123.0 102.0
123.0 105.0
123.0 108.0
123.0 110.0
123.0 111.0
123.0 112.0
123.0 113.0
123.0 116.0
123.0 117.0
123.0 119.0
123.0 120.0
123.0 121.0
123.0 122.0
123.0 125.0
123.0 131.0
123.0 132.0
123.0 135.0
123.0 140.0
123.0 144.0
123.0 145.0
124.0 102.0
124.0 108.0
124.0 109.0
124.0 110.0
124.0 111.0
124.0 112.0
124.0 113.0
124.0 117.0
124.0 119.0
124.0 120.0
124.0 121.0
124.0 122.0
124.0 125.0
124.0 131.0
124.0 132.0
124.0 134.0
124.0 135.0
124.0 140.0
124.0 144.0
124.0 145.0
125.0 102.0
125.0 105.0
125.0 108.0
125.0 110.0
125.0 111.0
125.0 113.0
125.0 117.0
125.0 119.0
125.0 121.0
125.0 122.0
125.0 123.0
125.0 124.0
125.0 131.0
125.0 132.0
125.0 134.0
125.0 135.0
125.0 140.0
125.0 143.0
125.0 144.0
125.0 145.0
126.0 133.0
126.0 142.0
126.0 157.0
126.0 158.0
126.0 166.0
126.0 168.0
126.0 169.0
126.0 172.0
126.0 174.0
126.0 176.0
126.0 180.0
126.0 182.0
126.0 185.0
126.0 187.0
126.0 189.0
126.0 190.0
126.0 191.0
126.0 192.0
126.0 196.0
126.0 199.0
127.0 103.0
127.0 114.0
127.0 115.0
127.0 116.0
127.0 118.0
127.0 128.0
127.0 129.0
127.0 130.0
127.0 133.0
127.0 137.0
127.0 139.0
127.0 147.0
127.0 148.0
127.0 149.0
127.0 150.0
127.0 154.0
127.0 155.0
127.0 156.0
127.0 163.0
127.0 184.0
128.0 103.0
128.0 104.0
128.0 115.0
128.0 116.0
128.0 118.0
128.0 127.0
128.0 129.0
128.0 130.0
128.0 133.0
128.0 137.0
128.0 138.0
128.0 139.0
128.0 147.0
128.0 148.0
128.0 149.0
128.0 150.0
128.0 154.0
128.0 155.0
128.0 156.0
128.0 163.0
128.0 183.0
129.0 104.0
129.0 106.0
129.0 114.0
129.0 115.0
129.0 116.0
129.0 118.0
129.0 127.0
129.0 128.0
129.0 130.0
129.0 133.0
129.0 137.0
129.0 138.0
129.0 139.0
129.0 148.0
129.0 149.0
129.0 150.0
129.0 154.0
129.0 155.0
129.0 156.0
129.0 163.0
129.0 169.0
130.0 103.0
130.0 106.0
130.0 115.0
130.0 116.0
130.0 118.0
130.0 127.0
130.0 128.0
130.0 129.0
130.0 133.0
130.0 137.0
130.0 138.0
130.0 139.0
130.0 147.0
130.0 148.0
130.0 149.0
130.0 150.0
130.0 154.0
130.0 155.0
130.0 156.0
130.0 163.0
130.0 172.0
131.0 102.0
131.0 105.0
131.0 108.0
131.0 110.0
131.0 111.0
131.0 112.0
131.0 113.0
131.0 117.0
131.0 119.0
131.0 120.0
131.0 121.0
131.0 123.0
131.0 124.0
131.0 125.0
131.0 132.0
131.0 134.0
131.0 135.0
131.0 140.0
131.0 144.0
131.0 145.0
131.0 162.0
132.0 102.0
132.0 105.0
132.0 108.0
132.0 110.0
132.0 112.0
132.0 113.0
132.0 117.0
132.0 119.0
132.0 120.0
132.0 121.0
132.0 122.0
132.0 123.0
132.0 124.0
132.0 125.0
132.0 131.0
132.0 134.0
132.0 135.0
132.0 140.0
132.0 144.0
132.0 145.0
132.0 198.0
133.0 103.0
133.0 106.0
133.0 114.0
133.0 115.0
133.0 116.0
133.0 118.0
133.0 126.0
133.0 127.0
133.0 128.0
133.0 129.0
133.0 130.0
133.0 137.0
133.0 139.0
133.0 147.0
133.0 148.0
133.0 149.0
133.0 150.0
133.0 154.0
133.0 155.0
133.0 156.0
133.0 163.0
134.0 102.0
134.0 105.0
134.0 108.0
134.0 110.0
134.0 111.0
134.0 112.0
134.0 113.0
134.0 117.0
134.0 119.0
134.0 120.0
134.0 121.0
134.0 122.0
134.0 124.0
134.0 125.0
134.0 131.0
134.0 132.0
134.0 135.0
134.0 140.0
134.0 144.0
134.0 145.0
134.0 174.0
135.0 102.0
135.0 108.0
135.0 110.0
135.0 111.0
135.0 112.0
135.0 113.0
135.0 119.0
135.0 120.0
135.0 121.0
135.0 122.0
135.0 123.0
135.0 124.0
135.0 125.0
135.0 131.0
135.0 132.0
135.0 134.0
135.0 138.0
135.0 140.0
135.0 144.0
135.0 145.0
135.0 164.0
136.0 109.0
136.0 146.0
136.0 160.0
136.0 162.0
136.0 164.0
136.0 165.0
136.0 167.0
136.0 171.0
136.0 173.0
136.0 177.0
136.0 178.0
136.0 179.0
136.0 186.0
136.0 188.0
136.0 191.0
136.0 193.0
136.0 194.0
136.0 195.0
136.0 197.0
136.0 198.0
136.0 200.0
137.0 103.0
137.0 104.0
137.0 114.0
137.0 115.0
137.0 118.0
137.0 127.0
137.0 128.0
137.0 129.0
137.0 130.0
137.0 133.0
137.0 138.0
137.0 139.0
137.0 147.0
137.0 148.0
137.0 149.0
137.0 150.0
137.0 154.0
137.0 155.0
137.0 156.0
137.0 163.0
137.0 167.0
138.0 103.0
138.0 104.0
138.0 106.0
138.0 114.0
138.0 115.0
138.0 116.0
138.0 128.0
138.0 129.0
138.0 130.0
138.0 135.0
138.0 137.0
138.0 139.0
138.0 147.0
138.0 148.0
138.0 149.0
138.0 150.0
138.0 154.0
138.0 155.0
138.0 156.0
138.0 163.0
138.0 179.0
139.0 106.0
139.0 114.0
139.0 116.0
139.0 118.0
139.0 127.0
139.0 128.0
139.0 129.0
139.0 130.0
139.0 133.0
139.0 137.0
139.0 138.0
139.0 147.0
139.0 148.0
139.0 149.0
139.0 150.0
139.0 154.0
139.0 155.0
139.0 156.0
139.0 163.0
139.0 168.0
139.0 187.0
140.0 102.0
140.0 105.0
140.0 108.0
140.0 110.0
140.0 111.0
140.0 112.0
140.0 113.0
140.0 117.0
140.0 119.0
140.0 120.0
140.0 122.0
140.0 123.0
140.0 124.0
140.0 125.0
140.0 131.0
140.0 132.0
140.0 134.0
140.0 135.0
140.0 144.0
140.0 145.0
140.0 161.0
140.0 180.0
141.0 101.0
141.0 142.0
141.0 146.0
141.0 151.0
141.0 153.0
141.0 158.0
141.0 161.0
141.0 168.0
141.0 170.0
141.0 172.0
141.0 175.0
141.0 176.0
141.0 180.0
141.0 182.0
141.0 185.0
141.0 187.0
141.0 189.0
141.0 190.0
141.0 191.0
141.0 192.0
141.0 196.0
141.0 199.0
142.0 126.0
142.0 141.0
142.0 151.0
142.0 157.0
142.0 161.0
142.0 169.0
142.0 170.0
142.0 172.0
142.0 173.0
142.0 174.0
142.0 175.0
142.0 176.0
142.0 180.0
142.0 182.0
142.0 185.0
142.0 187.0
142.0 189.0
142.0 190.0
142.0 191.0
142.0 192.0
142.0 196.0
142.0 199.0
143.0 107.0
143.0 125.0
143.0 146.0
143.0 159.0
143.0 160.0
143.0 161.0
143.0 164.0
143.0 165.0
143.0 167.0
143.0 171.0
143.0 177.0
143.0 178.0
143.0 179.0
143.0 181.0
143.0 183.0
143.0 184.0
143.0 186.0
143.0 193.0
143.0 195.0
143.0 197.0
143.0 198.0
143.0 200.0
144.0 102.0
144.0 105.0
144.0 108.0
144.0 110.0
144.0 111.0
144.0 112.0
144.0 113.0
144.0 117.0
144.0 119.0
144.0 120.0
144.0 121.0
144.0 122.0
144.0 123.0
144.0 124.0
144.0 125.0
144.0 131.0
144.0 132.0
144.0 134.0
144.0 135.0
144.0 140.0
144.0 145.0
144.0 199.0
145.0 102.0
145.0 105.0
145.0 108.0
145.0 111.0
145.0 112.0
145.0 113.0
145.0 117.0
145.0 119.0
145.0 120.0
145.0 121.0
145.0 122.0
145.0 123.0
145.0 124.0
145.0 125.0
145.0 131.0
145.0 132.0
145.0 134.0
145.0 135.0
145.0 140.0
145.0 144.0
145.0 188.0
145.0 192.0
146.0 107.0
146.0 136.0
146.0 141.0
146.0 143.0
146.0 152.0
146.0 160.0
146.0 165.0
146.0 167.0
146.0 171.0
146.0 173.0
146.0 177.0
146.0 181.0
146.0 183.0
146.0 184.0
146.0 186.0
146.0 188.0
146.0 193.0
146.0 194.0
146.0 195.0
146.0 197.0
146.0 198.0
146.0 200.0
147.0 103.0
147.0 104.0
147.0 106.0
147.0 110.0
147.0 114.0
147.0 115.0
147.0 116.0
147.0 118.0
147.0 127.0
147.0 128.0
147.0 130.0
147.0 133.0
147.0 137.0
147.0 138.0
147.0 139.0
147.0 148.0
147.0 149.0
147.0 150.0
147.0 154.0
147.0 155.0
147.0 156.0
147.0 163.0
147.0 196.0
148.0 103.0
148.0 104.0
148.0 106.0
148.0 114.0
148.0 115.0
148.0 116.0
148.0 118.0
148.0 122.0
148.0 127.0
148.0 128.0
148.0 129.0
148.0 130.0
148.0 133.0
148.0 137.0
148.0 138.0
148.0 139.0
148.0 147.0
148.0 149.0
148.0 150.0
148.0 154.0
148.0 155.0
148.0 156.0
148.0 163.0
149.0 103.0
149.0 104.0
149.0 106.0
149.0 114.0
149.0 115.0
149.0 116.0
149.0 117.0
149.0 118.0
149.0 127.0
149.0 128.0
149.0 129.0
149.0 130.0
149.0 133.0
149.0 137.0
149.0 138.0
149.0 139.0
149.0 147.0
149.0 148.0
149.0 150.0
149.0 154.0
149.0 155.0
149.0 156.0
149.0 163.0
150.0 103.0
150.0 104.0
150.0 106.0
150.0 114.0
150.0 115.0
150.0 116.0
150.0 118.0
150.0 127.0
150.0 128.0
150.0 129.0
150.0 130.0
150.0 133.0
150.0 137.0
150.0 138.0
150.0 139.0
150.0 147.0
150.0 148.0
150.0 149.0
150.0 154.0
150.0 155.0
150.0 156.0
150.0 163.0
150.0 197.0
151.0 141.0
151.0 142.0
151.0 153.0
151.0 157.0
151.0 158.0
151.0 161.0
151.0 168.0
151.0 169.0
151.0 170.0
151.0 171.0
151.0 172.0
151.0 174.0
151.0 175.0
151.0 176.0
151.0 180.0
151.0 182.0
151.0 185.0
151.0 187.0
151.0 189.0
151.0 191.0
151.0 192.0
151.0 196.0
151.0 199.0
152.0 111.0
152.0 146.0
152.0 159.0
152.0 160.0
152.0 162.0
152.0 164.0
152.0 165.0
152.0 171.0
152.0 173.0
152.0 177.0
152.0 179.0
152.0 181.0
152.0 183.0
152.0 184.0
152.0 186.0
152.0 188.0
152.0 190.0
152.0 193.0
152.0 194.0
152.0 195.0
152.0 197.0
152.0 198.0
152.0 200.0
153.0 101.0
153.0 141.0
153.0 151.0
153.0 157.0
153.0 158.0
153.0 166.0
153.0 168.0
153.0 169.0
153.0 170.0
153.0 172.0
153.0 174.0
153.0 175.0
153.0 178.0
153.0 180.0
153.0 182.0
153.0 185.0
153.0 187.0
153.0 189.0
153.0 190.0
153.0 191.0
153.0 192.0
153.0 196.0
153.0 199.0
154.0 103.0
154.0 104.0
154.0 106.0
154.0 114.0
154.0 115.0
154.0 116.0
154.0 118.0
154.0 127.0
154.0 128.0
154.0 129.0
154.0 130.0
154.0 133.0
154.0 137.0
154.0 138.0
154.0 139.0
154.0 147.0
154.0 148.0
154.0 149.0
154.0 150.0
154.0 155.0
154.0 156.0
154.0 158.0
154.0 163.0
155.0 103.0
155.0 104.0
155.0 106.0
155.0 114.0
155.0 115.0
155.0 116.0
155.0 118.0
155.0 127.0
155.0 128.0
155.0 129.0
155.0 130.0
155.0 133.0
155.0 137.0
155.0 138.0
155.0 139.0
155.0 147.0
155.0 148.0
155.0 149.0
155.0 150.0
155.0 154.0
155.0 156.0
155.0 163.0
155.0 177.0
156.0 103.0
156.0 104.0
156.0 106.0
156.0 114.0
156.0 115.0
156.0 116.0
156.0 118.0
156.0 127.0
156.0 128.0
156.0 129.0
156.0 130.0
156.0 133.0
156.0 137.0
156.0 138.0
156.0 139.0
156.0 147.0
156.0 148.0
156.0 149.0
156.0 150.0
156.0 154.0
156.0 155.0
156.0 163.0
156.0 195.0
157.0 101.0
157.0 126.0
157.0 142.0
157.0 151.0
157.0 153.0
157.0 159.0
157.0 166.0
157.0 168.0
157.0 169.0
157.0 170.0
157.0 172.0
157.0 174.0
157.0 175.0
157.0 176.0
157.0 182.0
157.0 185.0
157.0 187.0
157.0 189.0
157.0 190.0
157.0 191.0
157.0 192.0
157.0 196.0
157.0 199.0
158.0 126.0
158.0 141.0
158.0 151.0
158.0 153.0
158.0 154.0
158.0 161.0
158.0 166.0
158.0 169.0
158.0 170.0
158.0 172.0
158.0 174.0
158.0 176.0
158.0 180.0
158.0 182.0
158.0 185.0
158.0 187.0
158.0 189.0
158.0 190.0
158.0 191.0
158.0 192.0
158.0 196.0
158.0 199.0
158.0 200.0
159.0 109.0
159.0 143.0
159.0 152.0
159.0 157.0
159.0 160.0
159.0 162.0
159.0 164.0
159.0 165.0
159.0 167.0
159.0 171.0
159.0 173.0
159.0 178.0
159.0 179.0
159.0 181.0
159.0 183.0
159.0 184.0
159.0 186.0
159.0 188.0
159.0 193.0
159.0 194.0
159.0 195.0
159.0 197.0
159.0 198.0
159.0 200.0
160.0 109.0
160.0 136.0
160.0 143.0
160.0 146.0
160.0 152.0
160.0 159.0
160.0 162.0
160.0 163.0
160.0 164.0
160.0 165.0
160.0 173.0
160.0 178.0
160.0 179.0
160.0 181.0
160.0 183.0
160.0 184.0
160.0 186.0
160.0 188.0
160.0 193.0
160.0 194.0
160.0 195.0
160.0 197.0
160.0 198.0
160.0 200.0
161.0 140.0
161.0 141.0
161.0 142.0
161.0 143.0
161.0 151.0
161.0 158.0
161.0 166.0
161.0 168.0
161.0 169.0
161.0 170.0
161.0 172.0
161.0 174.0
161.0 175.0
161.0 176.0
161.0 180.0
161.0 182.0
161.0 185.0
161.0 187.0
161.0 189.0
161.0 190.0
161.0 191.0
161.0 192.0
161.0 196.0
161.0 199.0
162.0 107.0
162.0 131.0
162.0 136.0
162.0 152.0
162.0 159.0
162.0 160.0
162.0 164.0
162.0 165.0
162.0 167.0
162.0 171.0
162.0 173.0
162.0 177.0
162.0 178.0
162.0 179.0
162.0 181.0
162.0 183.0
162.0 184.0
162.0 188.0
162.0 193.0
162.0 194.0
162.0 195.0
162.0 197.0
162.0 198.0
162.0 200.0
163.0 103.0
163.0 104.0
163.0 106.0
163.0 114.0
163.0 115.0
163.0 116.0
163.0 118.0
163.0 127.0
163.0 128.0
163.0 129.0
163.0 130.0
163.0 133.0
163.0 137.0
163.0 138.0
163.0 139.0
163.0 147.0
163.0 148.0
163.0 149.0
163.0 150.0
163.0 154.0
163.0 155.0
163.0 156.0
163.0 160.0
163.0 184.0
164.0 135.0
164.0 136.0
164.0 143.0
164.0 152.0
164.0 159.0
164.0 160.0
164.0 162.0
164.0 165.0
164.0 167.0
164.0 173.0
164.0 177.0
164.0 178.0
164.0 179.0
164.0 181.0
164.0 183.0
164.0 184.0
164.0 186.0
164.0 188.0
164.0 193.0
164.0 194.0
164.0 195.0
164.0 197.0
164.0 198.0
164.0 200.0
165.0 107.0
165.0 136.0
165.0 143.0
165.0 146.0
165.0 152.0
165.0 159.0
165.0 160.0
165.0 162.0
165.0 164.0
165.0 167.0
165.0 177.0
165.0 178.0
165.0 179.0
165.0 181.0
165.0 182.0
165.0 183.0
165.0 186.0
165.0 188.0
165.0 193.0
165.0 194.0
165.0 195.0
165.0 197.0
165.0 198.0
165.0 200.0
166.0 101.0
166.0 119.0
166.0 126.0
166.0 153.0
166.0 157.0
166.0 158.0
166.0 161.0
166.0 168.0
166.0 169.0
166.0 170.0
166.0 172.0
166.0 174.0
166.0 175.0
166.0 176.0
166.0 180.0
166.0 182.0
166.0 185.0
166.0 187.0
166.0 189.0
166.0 190.0
166.0 191.0
166.0 192.0
166.0 196.0
166.0 199.0
167.0 109.0
167.0 136.0
167.0 137.0
167.0 143.0
167.0 146.0
167.0 159.0
167.0 162.0
167.0 164.0
167.0 165.0
167.0 171.0
167.0 173.0
167.0 177.0
167.0 178.0
167.0 179.0
167.0 181.0
167.0 183.0
167.0 184.0
167.0 186.0
167.0 188.0
167.0 193.0
167.0 194.0
167.0 195.0
167.0 197.0
167.0 198.0
167.0 200.0
168.0 126.0
168.0 139.0
168.0 141.0
168.0 151.0
168.0 153.0
168.0 157.0
168.0 161.0
168.0 166.0
168.0 169.0
168.0 170.0
168.0 172.0
168.0 174.0
168.0 175.0
168.0 176.0
168.0 180.0
168.0 181.0
168.0 182.0
168.0 185.0
168.0 187.0
168.0 189.0
168.0 190.0
168.0 191.0
168.0 192.0
168.0 196.0
168.0 199.0
169.0 101.0
169.0 126.0
169.0 129.0
169.0 142.0
169.0 151.0
169.0 153.0
169.0 157.0
169.0 158.0
169.0 161.0
169.0 166.0
169.0 168.0
169.0 170.0
169.0 172.0
169.0 175.0
169.0 176.0
169.0 180.0
169.0 182.0
169.0 185.0
169.0 187.0
169.0 189.0
169.0 190.0
169.0 191.0
169.0 192.0
169.0 196.0
169.0 199.0
170.0 101.0
170.0 141.0
170.0 142.0
170.0 151.0
170.0 153.0
170.0 157.0
170.0 158.0
170.0 161.0
170.0 166.0
170.0 168.0
170.0 169.0
170.0 172.0
170.0 174.0
170.0 175.0
170.0 176.0
170.0 180.0
170.0 182.0
170.0 185.0
170.0 187.0
170.0 189.0
170.0 190.0
170.0 191.0
170.0 192.0
170.0 196.0
170.0 199.0
171.0 107.0
171.0 109.0
171.0 136.0
171.0 143.0
171.0 146.0
171.0 151.0
171.0 152.0
171.0 159.0
171.0 162.0
171.0 167.0
171.0 173.0
171.0 177.0
171.0 178.0
171.0 179.0
171.0 181.0
171.0 183.0
171.0 184.0
171.0 186.0
171.0 188.0
171.0 193.0
171.0 194.0
171.0 195.0
171.0 197.0
171.0 198.0
171.0 200.0
172.0 126.0
172.0 130.0
172.0 141.0
172.0 142.0
172.0 151.0
172.0 153.0
172.0 157.0
172.0 158.0
172.0 161.0
172.0 166.0
172.0 168.0
172.0 169.0
172.0 170.0
172.0 174.0
172.0 175.0
172.0 176.0
172.0 180.0
172.0 182.0
172.0 185.0
172.0 189.0
172.0 190.0
172.0 191.0
172.0 192.0
172.0 196.0
172.0 199.0
173.0 107.0
173.0 136.0
173.0 142.0
173.0 146.0
173.0 152.0
173.0 159.0
173.0 160.0
173.0 162.0
173.0 164.0
173.0 167.0
173.0 171.0
173.0 177.0
173.0 178.0
173.0 179.0
173.0 181.0
173.0 183.0
173.0 184.0
173.0 186.0
173.0 188.0
173.0 193.0
173.0 194.0
173.0 195.0
173.0 197.0
173.0 198.0
173.0 200.0
174.0 101.0
174.0 126.0
174.0 134.0
174.0 142.0
174.0 151.0
174.0 153.0
174.0 157.0
174.0 158.0
174.0 161.0
174.0 166.0
174.0 168.0
174.0 170.0
174.0 172.0
174.0 175.0
174.0 176.0
174.0 180.0
174.0 182.0
174.0 185.0
174.0 187.0
174.0 189.0
174.0 190.0
174.0 191.0
174.0 192.0
174.0 196.0
174.0 199.0
175.0 101.0
175.0 141.0
175.0 142.0
175.0 151.0
175.0 153.0
175.0 157.0
175.0 161.0
175.0 166.0
175.0 168.0
175.0 169.0
175.0 170.0
175.0 172.0
175.0 174.0
175.0 176.0
175.0 180.0
175.0 182.0
175.0 185.0
175.0 187.0
175.0 189.0
175.0 190.0
175.0 191.0
175.0 192.0
175.0 194.0
175.0 196.0
175.0 199.0
176.0 101.0
176.0 126.0
176.0 141.0
176.0 142.0
176.0 151.0
176.0 157.0
176.0 158.0
176.0 161.0
176.0 166.0
176.0 168.0
176.0 169.0
176.0 170.0
176.0 172.0
176.0 174.0
176.0 175.0
176.0 180.0
176.0 185.0
176.0 187.0
176.0 189.0
176.0 190.0
176.0 191.0
176.0 192.0
176.0 194.0
176.0 196.0
176.0 199.0
177.0 107.0
177.0 109.0
177.0 136.0
177.0 143.0
177.0 146.0
177.0 152.0
177.0 155.0
177.0 162.0
177.0 164.0
177.0 165.0
177.0 167.0
177.0 171.0
177.0 173.0
177.0 178.0
177.0 179.0
177.0 181.0
177.0 183.0
177.0 184.0
177.0 186.0
177.0 188.0
177.0 193.0
177.0 194.0
177.0 195.0
177.0 197.0
177.0 198.0
177.0 200.0
178.0 107.0
178.0 136.0
178.0 143.0
178.0 153.0
178.0 159.0
178.0 160.0
178.0 162.0
178.0 164.0
178.0 165.0
178.0 167.0
178.0 171.0
178.0 173.0
178.0 177.0
178.0 179.0
178.0 181.0
178.0 182.0
178.0 183.0
178.0 184.0
178.0 186.0
178.0 188.0
178.0 193.0
178.0 194.0
178.0 195.0
178.0 197.0
178.0 198.0
178.0 200.0
179.0 107.0
179.0 109.0
179.0 136.0
179.0 138.0
179.0 143.0
179.0 152.0
179.0 159.0
179.0 160.0
179.0 162.0
179.0 164.0
179.0 165.0
179.0 167.0
179.0 171.0
179.0 173.0
179.0 177.0
179.0 178.0
179.0 183.0
179.0 184.0
179.0 186.0
179.0 188.0
179.0 193.0
179.0 194.0
179.0 195.0
179.0 197.0
179.0 198.0
179.0 200.0
180.0 101.0
180.0 126.0
180.0 140.0
180.0 141.0
180.0 142.0
180.0 151.0
180.0 153.0
180.0 158.0
180.0 161.0
180.0 166.0
180.0 168.0
180.0 169.0
180.0 170.0
180.0 172.0
180.0 174.0
180.0 175.0
180.0 176.0
180.0 182.0
180.0 185.0
180.0 187.0
180.0 189.0
180.0 190.0
180.0 191.0
180.0 192.0
180.0 196.0
180.0 199.0
181.0 107.0
181.0 143.0
181.0 146.0
181.0 152.0
181.0 159.0
181.0 160.0
181.0 162.0
181.0 164.0
181.0 165.0
181.0 167.0
181.0 168.0
181.0 171.0
181.0 173.0
181.0 177.0
181.0 178.0
181.0 183.0
181.0 184.0
181.0 186.0
181.0 188.0
181.0 193.0
181.0 194.0
181.0 195.0
181.0 196.0
181.0 197.0
181.0 198.0
181.0 200.0
182.0 126.0
182.0 141.0
182.0 142.0
182.0 151.0
182.0 153.0
182.0 157.0
182.0 158.0
182.0 161.0
182.0 165.0
182.0 166.0
182.0 168.0
182.0 169.0
182.0 170.0
182.0 172.0
182.0 174.0
182.0 175.0
182.0 178.0
182.0 180.0
182.0 185.0
182.0 187.0
182.0 189.0
182.0 190.0
182.0 191.0
182.0 192.0
182.0 196.0
182.0 199.0
183.0 107.0
183.0 109.0
183.0 128.0
183.0 143.0
183.0 146.0
183.0 152.0
183.0 159.0
183.0 160.0
183.0 162.0
183.0 164.0
183.0 165.0
183.0 167.0
183.0 171.0
183.0 173.0
183.0 177.0
183.0 178.0
183.0 179.0
183.0 181.0
183.0 184.0
183.0 186.0
183.0 188.0
183.0 193.0
183.0 194.0
183.0 195.0
183.0 197.0
183.0 198.0
183.0 200.0
184.0 107.0
184.0 109.0
184.0 127.0
184.0 143.0
184.0 146.0
184.0 152.0
184.0 159.0
184.0 160.0
184.0 162.0
184.0 163.0
184.0 164.0
184.0 167.0
184.0 171.0
184.0 173.0
184.0 177.0
184.0 178.0
184.0 179.0
184.0 181.0
184.0 183.0
184.0 186.0
184.0 188.0
184.0 193.0
184.0 194.0
184.0 195.0
184.0 197.0
184.0 198.0
184.0 200.0
185.0 101.0
185.0 126.0
185.0 141.0
185.0 142.0
185.0 151.0
185.0 153.0
185.0 157.0
185.0 158.0
185.0 161.0
185.0 166.0
185.0 168.0
185.0 169.0
185.0 170.0
185.0 172.0
185.0 174.0
185.0 175.0
185.0 176.0
185.0 180.0
185.0 182.0
185.0 186.0
185.0 187.0
185.0 189.0
185.0 190.0
185.0 191.0
185.0 192.0
185.0 196.0
185.0 199.0
186.0 107.0
186.0 109.0
186.0 136.0
186.0 143.0
186.0 146.0
186.0 152.0
186.0 159.0
186.0 160.0
186.0 164.0
186.0 165.0
186.0 167.0
186.0 171.0
186.0 173.0
186.0 177.0
186.0 178.0
186.0 179.0
186.0 181.0
186.0 183.0
186.0 184.0
186.0 185.0
186.0 188.0
186.0 193.0
186.0 194.0
186.0 195.0
186.0 197.0
186.0 198.0
186.0 200.0
187.0 101.0
187.0 126.0
187.0 139.0
187.0 141.0
187.0 142.0
187.0 151.0
187.0 153.0
187.0 157.0
187.0 158.0
187.0 161.0
187.0 166.0
187.0 168.0
187.0 169.0
187.0 170.0
187.0 174.0
187.0 175.0
187.0 176.0
187.0 180.0
187.0 182.0
187.0 185.0
187.0 189.0
187.0 190.0
187.0 191.0
187.0 192.0
187.0 193.0
187.0 196.0
187.0 199.0
188.0 106.0
188.0 107.0
188.0 109.0
188.0 136.0
188.0 145.0
188.0 146.0
188.0 152.0
188.0 159.0
188.0 160.0
188.0 162.0
188.0 164.0
188.0 165.0
188.0 167.0
188.0 171.0
188.0 173.0
188.0 177.0
188.0 178.0
188.0 179.0
188.0 181.0
188.0 183.0
188.0 184.0
188.0 186.0
188.0 194.0
188.0 195.0
188.0 197.0
188.0 198.0
188.0 200.0
189.0 101.0
189.0 118.0
189.0 126.0
189.0 141.0
189.0 142.0
189.0 151.0
189.0 153.0
189.0 157.0
189.0 158.0
189.0 161.0
189.0 166.0
189.0 168.0
189.0 169.0
189.0 170.0
189.0 172.0
189.0 174.0
189.0 175.0
189.0 176.0
189.0 180.0
189.0 182.0
189.0 185.0
189.0 187.0
189.0 190.0
189.0 191.0
189.0 192.0
189.0 196.0
189.0 199.0
190.0 101.0
190.0 107.0
190.0 126.0
190.0 141.0
190.0 142.0
190.0 152.0
190.0 153.0
190.0 157.0
190.0 158.0
190.0 161.0
190.0 166.0
190.0 168.0
190.0 169.0
190.0 170.0
190.0 172.0
190.0 174.0
190.0 175.0
190.0 176.0
190.0 180.0
190.0 182.0
190.0 185.0
190.0 187.0
190.0 189.0
190.0 191.0
190.0 192.0
190.0 196.0
190.0 199.0
191.0 101.0
191.0 126.0
191.0 136.0
191.0 141.0
191.0 142.0
191.0 151.0
191.0 153.0
191.0 157.0
191.0 158.0
191.0 161.0
191.0 166.0
191.0 168.0
191.0 169.0
191.0 170.0
191.0 172.0
191.0 174.0
191.0 175.0
191.0 176.0
191.0 180.0
191.0 182.0
191.0 185.0
191.0 187.0
191.0 189.0
191.0 190.0
191.0 192.0
191.0 196.0
191.0 199.0
192.0 101.0
192.0 126.0
192.0 141.0
192.0 142.0
192.0 145.0
192.0 151.0
192.0 153.0
192.0 157.0
192.0 158.0
192.0 161.0
192.0 166.0
192.0 168.0
192.0 169.0
192.0 170.0
192.0 172.0
192.0 174.0
192.0 175.0
192.0 176.0
192.0 180.0
192.0 182.0
192.0 185.0
192.0 187.0
192.0 189.0
192.0 190.0
192.0 191.0
192.0 196.0
192.0 199.0
193.0 109.0
193.0 120.0
193.0 136.0
193.0 143.0
193.0 146.0
193.0 152.0
193.0 159.0
193.0 160.0
193.0 162.0
193.0 164.0
193.0 165.0
193.0 167.0
193.0 171.0
193.0 173.0
193.0 177.0
193.0 178.0
193.0 179.0
193.0 181.0
193.0 183.0
193.0 184.0
193.0 186.0
193.0 187.0
193.0 194.0
193.0 195.0
193.0 197.0
193.0 198.0
193.0 200.0
194.0 109.0
194.0 136.0
194.0 146.0
194.0 152.0
194.0 159.0
194.0 160.0
194.0 162.0
194.0 164.0
194.0 165.0
194.0 167.0
194.0 171.0
194.0 173.0
194.0 175.0
194.0 176.0
194.0 177.0
194.0 178.0
194.0 179.0
194.0 181.0
194.0 183.0
194.0 184.0
194.0 186.0
194.0 188.0
194.0 193.0
194.0 195.0
194.0 197.0
194.0 198.0
194.0 200.0
195.0 109.0
195.0 136.0
195.0 143.0
195.0 146.0
195.0 152.0
195.0 156.0
195.0 159.0
195.0 160.0
195.0 162.0
195.0 164.0
195.0 165.0
195.0 167.0
195.0 171.0
195.0 173.0
195.0 177.0
195.0 178.0
195.0 179.0
195.0 181.0
195.0 183.0
195.0 184.0
195.0 186.0
195.0 188.0
195.0 193.0
195.0 194.0
195.0 197.0
195.0 198.0
195.0 200.0
196.0 101.0
196.0 126.0
196.0 141.0
196.0 142.0
196.0 147.0
196.0 151.0
196.0 153.0
196.0 157.0
196.0 158.0
196.0 161.0
196.0 166.0
196.0 168.0
196.0 169.0
196.0 170.0
196.0 172.0
196.0 174.0
196.0 175.0
196.0 176.0
196.0 180.0
196.0 181.0
196.0 182.0
196.0 185.0
196.0 187.0
196.0 189.0
196.0 190.0
196.0 191.0
196.0 192.0
196.0 199.0
197.0 107.0
197.0 109.0
197.0 136.0
197.0 143.0
197.0 146.0
197.0 150.0
197.0 152.0
197.0 159.0
197.0 160.0
197.0 162.0
197.0 164.0
197.0 165.0
197.0 167.0
197.0 171.0
197.0 173.0
197.0 177.0
197.0 178.0
197.0 179.0
197.0 181.0
197.0 183.0
197.0 184.0
197.0 186.0
197.0 188.0
197.0 193.0
197.0 194.0
197.0 195.0
197.0 198.0
197.0 200.0
198.0 107.0
198.0 109.0
198.0 132.0
198.0 136.0
198.0 143.0
198.0 146.0
198.0 152.0
198.0 159.0
198.0 160.0
198.0 162.0
198.0 164.0
198.0 165.0
198.0 167.0
198.0 171.0
198.0 173.0
198.0 177.0
198.0 178.0
198.0 179.0
198.0 181.0
198.0 183.0
198.0 184.0
198.0 186.0
198.0 188.0
198.0 193.0
198.0 194.0
198.0 195.0
198.0 197.0
198.0 200.0
199.0 101.0
199.0 105.0
199.0 126.0
199.0 141.0
199.0 142.0
199.0 144.0
199.0 151.0
199.0 153.0
199.0 157.0
199.0 158.0
199.0 161.0
199.0 166.0
199.0 168.0
199.0 169.0
199.0 170.0
199.0 172.0
199.0 174.0
199.0 175.0
199.0 176.0
199.0 180.0
199.0 182.0
199.0 185.0
199.0 187.0
199.0 189.0
199.0 190.0
199.0 191.0
199.0 192.0
199.0 196.0
200.0 107.0
200.0 109.0
200.0 136.0
200.0 143.0
200.0 146.0
200.0 152.0
200.0 158.0
200.0 159.0
200.0 160.0
200.0 162.0
200.0 164.0
200.0 165.0
200.0 167.0
200.0 171.0
200.0 173.0
200.0 177.0
200.0 178.0
200.0 179.0
200.0 181.0
200.0 183.0
200.0 184.0
200.0 186.0
200.0 188.0
200.0 193.0
200.0 194.0
200.0 195.0
200.0 197.0
200.0 198.0
1
1 2
119
36 118.0
97 128.0
73 106.0
71 139.0
79 116.0
43 154.0
9 147.0
93 163.0
86 148.0
60 156.0
7 104.0
88 150.0
59 114.0
62 115.0
98 138.0
100 129.0
77 130.0
46 137.0
95 155.0
78 127.0
84 103.0
67 133.0
52 149.0
65 138.0
64 156.0
83 116.0
81 114.0
94 128.0
53 109.0
91 171.0
76 179.0
57 160.0
26 167.0
61 184.0
72 146.0
87 183.0
75 173.0
58 197.0
80 193.0
51 152.0
74 177.0
69 159.0
90 194.0
41 165.0
68 188.0
85 143.0
1 107.0
82 198.0
92 195.0
66 178.0
96 200.0
70 136.0
42 186.0
89 164.0
99 181.0
69 162.0
10 141.0
24 196.0
32 172.0
25 199.0
31 189.0
13 185.0
44 174.0
45 190.0
34 176.0
23 166.0
20 182.0
19 187.0
40 142.0
21 151.0
5 170.0
8 161.0
17 169.0
35 158.0
22 157.0
2 180.0
12 153.0
11 101.0
8 191.0
40 126.0
34 192.0
23 168.0
12 175.0
61 156.0
84 161.0
96 126.0
72 103.0
85 168.0
31 155.0
67 181.0
40 116.0
84 168.0
35 194.0
61 104.0
26 185.0
89 151.0
66 126.0
92 157.0
60 185.0
74 115.0
96 147.0
34 177.0
83 172.0
7 195.0
34 194.0
100 169.0
89 115.0
100 166.0
78 165.0
46 198.0
34 154.0
70 101.0
36 182.0
23 177.0
12 155.0
19 115.0
68 161.0
81 172.0
97 176.0
5
7 9 36 43 46 52 59 60 62 64 65 67 71 73 77 78 79 81 83 84 86 88 93 94 95 97 98 100 103.0 104.0 106.0 114.0 115.0 116.0 118.0 127.0 128.0 129.0 130.0 133.0 137.0 138.0 139.0 147.0 148.0 149.0 150.0 154.0 155.0 156.0 163.0 
1 26 41 42 51 53 57 58 61 66 68 69 70 72 74 75 76 80 82 85 87 89 90 91 92 96 99 107.0 109.0 136.0 143.0 146.0 152.0 159.0 160.0 162.0 164.0 165.0 167.0 171.0 173.0 177.0 178.0 179.0 181.0 183.0 184.0 186.0 188.0 193.0 194.0 195.0 197.0 198.0 200.0 
2 5 8 10 11 12 13 17 19 20 21 22 23 24 25 31 32 34 35 40 44 45 101.0 126.0 141.0 142.0 151.0 153.0 157.0 158.0 161.0 166.0 168.0 169.0 170.0 172.0 174.0 175.0 176.0 180.0 182.0 185.0 187.0 189.0 190.0 191.0 192.0 196.0 199.0 
3 4 6 14 15 16 18 27 28 29 30 33 37 38 39 47 48 49 50 54 55 56 63
102.0 105.0 108.0 110.0 111.0 112.0 113.0 117.0 119.0 120.0 121.0 122.0 123.0 124.0 125.0 131.0 132.0 134.0 135.0 140.0 144.0 145.0
