2
1 2 3 4 5 6 7 8 9 10 11 12 13 14 15 16 17 18 19 20 21 22 23 24 25 26 27 28 29 30 31 32 33 34 35 36 37 38 39 40 41 42 43 44 45 46 47 48 49 50 51 52 53 54 55 56 57 58 59 60 61 62 63 64 65 66 67 68 69 70 71 72 73 74 75 76 77 78 79 80 81 82 83 84 85 86 87 88 89 90 91 92 93 94 95 96 97 98 99 100
1742
1 6
1 14
1 18
1 20
1 21
1 23
1 25
1 31
1 32
1 36
1 42
1 50
1 51
1 52
2 30
2 44
2 61
2 64
2 70
2 71
2 80
2 82
2 83
2 86
2 87
2 93
2 94
2 100
3 46
3 47
3 54
3 62
3 69
3 73
3 79
3 81
3 85
3 89
3 95
3 97
3 98
3 99
4 48
4 53
4 58
4 59
4 67
4 72
4 74
4 75
4 76
4 84
4 88
4 90
4 91
4 96
5 8
5 17
5 22
5 26
5 28
5 35
5 38
5 39
5 41
5 46
5 49
5 55
5 65
5 66
6 1
6 10
6 16
6 20
6 21
6 25
6 26
6 29
6 31
6 32
6 36
6 42
6 50
6 52
7 12
7 17
7 22
7 26
7 35
7 38
7 39
7 41
7 47
7 49
7 55
7 56
7 65
7 66
8 5
8 12
8 17
8 22
8 28
8 35
8 38
8 39
8 47
8 49
8 55
8 65
8 66
8 74
9 12
9 17
9 26
9 28
9 35
9 38
9 39
9 41
9 47
9 49
9 55
9 65
9 66
9 79
10 6
10 14
10 16
10 20
10 21
10 23
10 29
10 31
10 32
10 36
10 42
10 50
10 52
10 76
11 38
11 40
11 43
11 51
11 61
11 70
11 77
11 80
11 83
11 86
11 93
11 94
11 97
11 100
12 7
12 8
12 9
12 22
12 26
12 35
12 38
12 39
12 41
12 47
12 49
12 55
12 65
12 66
13 19
13 33
13 37
13 48
13 58
13 59
13 60
13 67
13 78
13 84
13 88
13 90
13 91
13 96
14 1
14 10
14 16
14 18
14 20
14 21
14 23
14 25
14 29
14 31
14 36
14 42
14 50
14 52
15 34
15 46
15 54
15 56
15 69
15 81
15 85
15 88
15 89
15 92
15 95
15 97
15 98
15 99
16 6
16 10
16 14
16 18
16 20
16 23
16 25
16 29
16 31
16 32
16 36
16 39
16 42
16 50
16 52
17 5
17 7
17 8
17 9
17 28
17 35
17 38
17 39
17 41
17 47
17 49
17 55
17 59
17 65
17 66
18 1
18 14
18 16
18 20
18 21
18 23
18 25
18 29
18 31
18 32
18 36
18 42
18 50
18 52
18 75
19 13
19 27
19 53
19 58
19 60
19 67
19 74
19 75
19 76
19 78
19 84
19 88
19 90
19 91
19 96
20 1
20 6
20 10
20 14
20 16
20 18
20 23
20 25
20 29
20 31
20 32
20 42
20 50
20 52
20 93
21 1
21 6
21 10
21 14
21 18
21 23
21 25
21 29
21 31
21 32
21 36
21 42
21 50
21 52
21 54
22 5
22 7
22 8
22 12
22 26
22 28
22 35
22 38
22 39
22 41
22 47
22 49
22 55
22 65
22 66
23 1
23 10
23 14
23 16
23 18
23 20
23 21
23 25
23 29
23 31
23 32
23 36
23 50
23 52
23 99
24 34
24 45
24 46
24 57
24 62
24 69
24 72
24 79
24 85
24 89
24 92
24 95
24 97
24 98
24 99
25 1
25 6
25 14
25 16
25 18
25 20
25 21
25 23
25 29
25 31
25 32
25 36
25 42
25 50
25 52
26 5
26 6
26 7
26 9
26 12
26 22
26 28
26 38
26 39
26 41
26 47
26 49
26 55
26 65
26 66
27 19
27 33
27 48
27 58
27 59
27 60
27 75
27 76
27 78
27 84
27 88
27 90
27 91
27 94
27 96
28 5
28 8
28 9
28 17
28 22
28 26
28 34
28 38
28 40
28 41
28 47
28 49
28 55
28 65
28 66
29 6
29 10
29 14
29 16
29 18
29 20
29 21
29 23
29 25
29 31
29 32
29 36
29 42
29 50
29 52
30 2
30 40
30 44
30 45
30 61
30 63
30 64
30 68
30 77
30 82
30 83
30 87
30 93
30 94
30 100
31 1
31 6
31 10
31 14
31 16
31 18
31 20
31 21
31 23
31 25
31 29
31 32
31 36
31 42
31 50
31 52
32 1
32 6
32 10
32 16
32 18
32 20
32 21
32 23
32 25
32 29
32 31
32 36
32 42
32 50
32 52
32 68
33 13
33 27
33 48
33 50
33 53
33 58
33 59
33 67
33 74
33 75
33 76
33 78
33 84
33 88
33 91
33 96
34 15
34 24
34 28
34 45
34 56
34 57
34 72
34 73
34 79
34 81
34 89
34 92
34 95
34 97
34 98
34 99
35 5
35 7
35 8
35 9
35 12
35 17
35 22
35 38
35 39
35 41
35 47
35 49
35 55
35 62
35 65
35 66
36 1
36 6
36 10
36 14
36 16
36 18
36 21
36 23
36 25
36 29
36 31
36 32
36 42
36 50
36 52
36 55
37 13
37 48
37 58
37 59
37 60
37 67
37 74
37 75
37 76
37 78
37 82
37 84
37 88
37 90
37 91
37 96
38 5
38 7
38 8
38 9
38 11
38 12
38 17
38 22
38 26
38 28
38 35
38 47
38 49
38 55
38 65
38 66
39 5
39 7
39 8
39 9
39 12
39 16
39 17
39 22
39 26
39 35
39 41
39 47
39 49
39 55
39 65
39 66
40 11
40 28
40 30
40 51
40 63
40 64
40 68
40 77
40 80
40 82
40 83
40 86
40 87
40 93
40 94
40 100
41 5
41 7
41 9
41 12
41 17
41 22
41 26
41 28
41 35
41 39
41 47
41 49
41 55
41 63
41 65
41 66
42 1
42 6
42 10
42 14
42 16
42 18
42 20
42 21
42 25
42 29
42 31
42 32
42 36
42 50
42 52
42 84
43 11
43 44
43 51
43 61
43 68
43 70
43 71
43 77
43 80
43 82
43 83
43 86
43 87
43 90
43 94
43 100
44 2
44 30
44 43
44 51
44 63
44 68
44 70
44 71
44 80
44 83
44 86
44 87
44 93
44 94
44 95
44 100
45 24
45 30
45 34
45 54
45 62
45 69
45 72
45 73
45 79
45 81
45 85
45 89
45 92
45 95
45 97
45 98
45 99
46 3
46 5
46 15
46 24
46 57
46 62
46 69
46 72
46 73
46 79
46 85
46 89
46 92
46 95
46 97
46 98
46 99
47 3
47 7
47 8
47 9
47 12
47 17
47 22
47 26
47 28
47 35
47 38
47 39
47 41
47 49
47 55
47 65
47 66
48 4
48 13
48 27
48 33
48 37
48 53
48 60
48 67
48 74
48 76
48 78
48 84
48 85
48 88
48 90
48 91
48 96
49 5
49 7
49 8
49 9
49 12
49 17
49 22
49 26
49 28
49 35
49 38
49 39
49 41
49 47
49 55
49 65
49 66
50 1
50 6
50 10
50 14
50 16
50 18
50 20
50 21
50 23
50 25
50 29
50 31
50 32
50 33
50 36
50 42
50 52
51 1
51 11
51 40
51 43
51 44
51 61
51 68
51 70
51 71
51 77
51 82
51 83
51 86
51 87
51 93
51 94
51 100
52 1
52 6
52 10
52 14
52 16
52 18
52 20
52 21
52 23
52 25
52 29
52 31
52 32
52 36
52 42
52 50
52 90
53 4
53 19
53 33
53 48
53 59
53 60
53 67
53 74
53 75
53 76
53 78
53 84
53 88
53 90
53 91
53 96
53 100
54 3
54 15
54 21
54 45
54 56
54 62
54 69
54 72
54 73
54 79
54 81
54 85
54 89
54 92
54 95
54 97
54 98
54 99
55 5
55 7
55 8
55 9
55 12
55 17
55 22
55 26
55 28
55 35
55 36
55 38
55 39
55 41
55 47
55 49
55 65
55 66
56 7
56 15
56 34
56 54
56 57
56 62
56 69
56 72
56 73
56 79
56 81
56 85
56 89
56 92
56 95
56 97
56 98
56 99
57 24
57 34
57 46
57 56
57 62
57 69
57 72
57 73
57 77
57 79
57 81
57 85
57 89
57 92
57 95
57 97
57 98
57 99
58 4
58 13
58 19
58 27
58 33
58 37
58 60
58 67
58 74
58 75
58 76
58 78
58 84
58 88
58 90
58 91
58 93
58 96
59 4
59 13
59 17
59 27
59 33
59 37
59 53
59 60
59 67
59 74
59 75
59 76
59 78
59 84
59 88
59 90
59 91
59 96
60 13
60 19
60 27
60 37
60 48
60 53
60 58
60 59
60 74
60 75
60 76
60 78
60 84
60 88
60 90
60 91
60 96
60 98
61 2
61 11
61 30
61 43
61 51
61 63
61 64
61 65
61 70
61 71
61 77
61 80
61 82
61 86
61 87
61 93
61 94
61 100
62 3
62 24
62 35
62 45
62 46
62 54
62 56
62 57
62 73
62 79
62 81
62 85
62 89
62 92
62 95
62 97
62 98
62 99
63 30
63 40
63 41
63 44
63 61
63 64
63 68
63 70
63 71
63 77
63 80
63 82
63 83
63 86
63 87
63 93
63 94
63 100
64 2
64 30
64 40
64 61
64 63
64 66
64 68
64 70
64 71
64 77
64 80
64 82
64 83
64 86
64 87
64 93
64 94
64 100
65 5
65 7
65 8
65 9
65 12
65 17
65 22
65 26
65 28
65 35
65 38
65 39
65 41
65 47
65 49
65 55
65 61
65 66
66 5
66 7
66 8
66 9
66 12
66 17
66 22
66 26
66 28
66 35
66 38
66 39
66 41
66 47
66 49
66 55
66 64
66 65
67 4
67 13
67 19
67 33
67 37
67 48
67 53
67 58
67 59
67 73
67 74
67 75
67 76
67 78
67 84
67 88
67 90
67 91
67 96
68 30
68 32
68 40
68 43
68 44
68 51
68 63
68 64
68 70
68 71
68 77
68 80
68 82
68 83
68 86
68 87
68 93
68 94
68 100
69 3
69 15
69 24
69 45
69 46
69 54
69 56
69 57
69 72
69 73
69 79
69 81
69 85
69 86
69 92
69 95
69 97
69 98
69 99
70 2
70 11
70 43
70 44
70 51
70 61
70 63
70 64
70 68
70 71
70 77
70 78
70 80
70 82
70 83
70 86
70 87
70 94
70 100
71 2
71 43
71 44
71 51
71 61
71 63
71 64
71 68
71 70
71 77
71 80
71 81
71 82
71 83
71 86
71 87
71 93
71 94
71 100
72 4
72 24
72 34
72 45
72 46
72 54
72 56
72 57
72 69
72 73
72 79
72 81
72 85
72 89
72 92
72 95
72 97
72 98
72 99
73 3
73 34
73 45
73 46
73 54
73 56
73 57
73 62
73 67
73 69
73 72
73 81
73 85
73 89
73 92
73 95
73 97
73 98
73 99
74 4
74 8
74 19
74 33
74 37
74 48
74 53
74 58
74 59
74 60
74 67
74 75
74 76
74 78
74 84
74 88
74 90
74 91
74 96
75 4
75 18
75 19
75 27
75 33
75 37
75 53
75 58
75 59
75 60
75 67
75 74
75 76
75 78
75 84
75 88
75 90
75 91
75 96
76 4
76 10
76 19
76 27
76 33
76 37
76 48
76 53
76 58
76 59
76 60
76 67
76 74
76 75
76 78
76 84
76 88
76 90
76 91
76 96
77 11
77 30
77 40
77 43
77 51
77 57
77 61
77 63
77 64
77 68
77 70
77 71
77 80
77 82
77 83
77 86
77 87
77 93
77 94
77 100
78 13
78 19
78 27
78 33
78 37
78 48
78 53
78 58
78 59
78 60
78 67
78 70
78 74
78 75
78 76
78 84
78 88
78 90
78 91
78 96
79 3
79 9
79 24
79 34
79 45
79 46
79 54
79 56
79 57
79 62
79 69
79 72
79 81
79 85
79 89
79 92
79 95
79 97
79 98
79 99
80 2
80 11
80 40
80 43
80 44
80 61
80 63
80 64
80 68
80 70
80 71
80 77
80 82
80 83
80 86
80 87
80 93
80 94
80 96
80 100
81 3
81 15
81 34
81 45
81 54
81 56
81 57
81 62
81 69
81 71
81 72
81 73
81 79
81 85
81 89
81 92
81 95
81 97
81 98
81 99
82 2
82 30
82 37
82 40
82 43
82 51
82 61
82 63
82 64
82 68
82 70
82 71
82 77
82 80
82 83
82 86
82 87
82 93
82 94
82 100
83 2
83 11
83 30
83 40
83 43
83 44
83 51
83 63
83 64
83 68
83 70
83 71
83 77
83 80
83 82
83 86
83 87
83 89
83 93
83 94
83 100
84 4
84 13
84 19
84 27
84 33
84 37
84 42
84 48
84 53
84 58
84 59
84 60
84 67
84 74
84 75
84 76
84 78
84 88
84 90
84 91
84 96
85 3
85 15
85 24
85 45
85 46
85 48
85 54
85 56
85 57
85 62
85 69
85 72
85 73
85 79
85 81
85 89
85 92
85 95
85 97
85 98
85 99
86 2
86 11
86 40
86 43
86 44
86 51
86 61
86 63
86 64
86 68
86 69
86 70
86 71
86 77
86 80
86 82
86 83
86 87
86 93
86 94
86 100
87 2
87 30
87 40
87 43
87 44
87 51
87 61
87 63
87 64
87 68
87 70
87 71
87 77
87 80
87 82
87 83
87 86
87 93
87 94
87 96
87 100
88 4
88 13
88 15
88 19
88 27
88 33
88 37
88 48
88 53
88 58
88 59
88 60
88 67
88 74
88 75
88 76
88 78
88 84
88 90
88 91
88 96
89 3
89 15
89 24
89 34
89 45
89 46
89 54
89 56
89 57
89 62
89 72
89 73
89 79
89 81
89 83
89 85
89 92
89 95
89 97
89 98
89 99
90 4
90 13
90 19
90 27
90 37
90 43
90 48
90 52
90 53
90 58
90 59
90 60
90 67
90 74
90 75
90 76
90 78
90 84
90 88
90 91
90 96
91 4
91 13
91 19
91 27
91 33
91 37
91 48
91 53
91 58
91 59
91 60
91 67
91 74
91 75
91 76
91 78
91 84
91 88
91 90
91 92
91 96
92 15
92 24
92 34
92 45
92 46
92 54
92 56
92 57
92 62
92 69
92 72
92 73
92 79
92 81
92 85
92 89
92 91
92 95
92 97
92 98
92 99
93 2
93 11
93 20
93 30
93 40
93 44
93 51
93 58
93 61
93 63
93 64
93 68
93 71
93 77
93 80
93 82
93 83
93 86
93 87
93 94
93 100
94 2
94 11
94 27
94 30
94 40
94 43
94 44
94 51
94 61
94 63
94 64
94 68
94 70
94 71
94 77
94 80
94 82
94 83
94 86
94 87
94 93
94 100
95 3
95 15
95 24
95 34
95 44
95 45
95 46
95 54
95 56
95 57
95 62
95 69
95 72
95 73
95 79
95 81
95 85
95 89
95 92
95 97
95 98
95 99
96 4
96 13
96 19
96 27
96 33
96 37
96 48
96 53
96 58
96 59
96 60
96 67
96 74
96 75
96 76
96 78
96 80
96 84
96 87
96 88
96 90
96 91
97 3
97 11
97 15
97 24
97 34
97 45
97 46
97 54
97 56
97 57
97 62
97 69
97 72
97 73
97 79
97 81
97 85
97 89
97 92
97 95
97 98
97 99
98 3
98 15
98 24
98 34
98 45
98 46
98 54
98 56
98 57
98 60
98 62
98 69
98 72
98 73
98 79
98 81
98 85
98 89
98 92
98 95
98 97
98 99
99 3
99 15
99 23
99 24
99 34
99 45
99 46
99 54
99 56
99 57
99 62
99 69
99 72
99 73
99 79
99 81
99 85
99 89
99 92
99 95
99 97
99 98
100 2
100 11
100 30
100 40
100 43
100 44
100 51
100 53
100 61
100 63
100 64
100 68
100 70
100 71
100 77
100 80
100 82
100 83
100 86
100 87
100 93
100 94
101.0 102.0 103.0 104.0 105.0 106.0 107.0 108.0 109.0 110.0 111.0 112.0 113.0 114.0 115.0 116.0 117.0 118.0 119.0 120.0 121.0 122.0 123.0 124.0 125.0 126.0 127.0 128.0 129.0 130.0 131.0 132.0 133.0 134.0 135.0 136.0 137.0 138.0 139.0 140.0 141.0 142.0 143.0 144.0 145.0 146.0 147.0 148.0 149.0 150.0 151.0 152.0 153.0 154.0 155.0 156.0 157.0 158.0 159.0 160.0 161.0 162.0 163.0 164.0 165.0 166.0 167.0 168.0 169.0 170.0 171.0 172.0 173.0 174.0 175.0 176.0 177.0 178.0 179.0 180.0 181.0 182.0 183.0 184.0 185.0 186.0 187.0 188.0 189.0 190.0 191.0 192.0 193.0 194.0 195.0 196.0 197.0 198.0 199.0 200.0
1742
101.0 106.0
101.0 114.0
101.0 118.0
101.0 120.0
101.0 121.0
101.0 123.0
101.0 125.0
101.0 131.0
101.0 132.0
101.0 136.0
101.0 142.0
101.0 150.0
101.0 151.0
101.0 152.0
102.0 130.0
102.0 144.0
102.0 161.0
102.0 164.0
102.0 170.0
102.0 171.0
102.0 180.0
102.0 182.0
102.0 183.0
102.0 186.0
102.0 187.0
102.0 193.0
102.0 194.0
102.0 200.0
103.0 146.0
103.0 147.0
103.0 154.0
103.0 162.0
103.0 169.0
103.0 173.0
103.0 179.0
103.0 181.0
103.0 185.0
103.0 189.0
103.0 195.0
103.0 197.0
103.0 198.0
103.0 199.0
104.0 148.0
104.0 153.0
104.0 158.0
104.0 159.0
104.0 167.0
104.0 172.0
104.0 174.0
104.0 175.0
104.0 176.0
104.0 184.0
104.0 188.0
104.0 190.0
104.0 191.0
104.0 196.0
105.0 108.0
105.0 117.0
105.0 122.0
105.0 126.0
105.0 128.0
105.0 135.0
105.0 138.0
105.0 139.0
105.0 141.0
105.0 146.0
105.0 149.0
105.0 155.0
105.0 165.0
105.0 166.0
106.0 101.0
106.0 110.0
106.0 116.0
106.0 120.0
106.0 121.0
106.0 125.0
106.0 126.0
106.0 129.0
106.0 131.0
106.0 132.0
106.0 136.0
106.0 142.0
106.0 150.0
106.0 152.0
107.0 112.0
107.0 117.0
107.0 122.0
107.0 126.0
107.0 135.0
107.0 138.0
107.0 139.0
107.0 141.0
107.0 147.0
107.0 149.0
107.0 155.0
107.0 156.0
107.0 165.0
107.0 166.0
108.0 105.0
108.0 112.0
108.0 117.0
108.0 122.0
108.0 128.0
108.0 135.0
108.0 138.0
108.0 139.0
108.0 147.0
108.0 149.0
108.0 155.0
108.0 165.0
108.0 166.0
108.0 174.0
109.0 112.0
109.0 117.0
109.0 126.0
109.0 128.0
109.0 135.0
109.0 138.0
109.0 139.0
109.0 141.0
109.0 147.0
109.0 149.0
109.0 155.0
109.0 165.0
109.0 166.0
109.0 179.0
110.0 106.0
110.0 114.0
110.0 116.0
110.0 120.0
110.0 121.0
110.0 123.0
110.0 129.0
110.0 131.0
110.0 132.0
110.0 136.0
110.0 142.0
110.0 150.0
110.0 152.0
110.0 176.0
111.0 138.0
111.0 140.0
111.0 143.0
111.0 151.0
111.0 161.0
111.0 170.0
111.0 177.0
111.0 180.0
111.0 183.0
111.0 186.0
111.0 193.0
111.0 194.0
111.0 197.0
111.0 200.0
112.0 107.0
112.0 108.0
112.0 109.0
112.0 122.0
112.0 126.0
112.0 135.0
112.0 138.0
112.0 139.0
112.0 141.0
112.0 147.0
112.0 149.0
112.0 155.0
112.0 165.0
112.0 166.0
113.0 119.0
113.0 133.0
113.0 137.0
113.0 148.0
113.0 158.0
113.0 159.0
113.0 160.0
113.0 167.0
113.0 178.0
113.0 184.0
113.0 188.0
113.0 190.0
113.0 191.0
113.0 196.0
114.0 101.0
114.0 110.0
114.0 116.0
114.0 118.0
114.0 120.0
114.0 121.0
114.0 123.0
114.0 125.0
114.0 129.0
114.0 131.0
114.0 136.0
114.0 142.0
114.0 150.0
114.0 152.0
115.0 134.0
115.0 146.0
115.0 154.0
115.0 156.0
115.0 169.0
115.0 181.0
115.0 185.0
115.0 188.0
115.0 189.0
115.0 192.0
115.0 195.0
115.0 197.0
115.0 198.0
115.0 199.0
116.0 106.0
116.0 110.0
116.0 114.0
116.0 118.0
116.0 120.0
116.0 123.0
116.0 125.0
116.0 129.0
116.0 131.0
116.0 132.0
116.0 136.0
116.0 139.0
116.0 142.0
116.0 150.0
116.0 152.0
117.0 105.0
117.0 107.0
117.0 108.0
117.0 109.0
117.0 128.0
117.0 135.0
117.0 138.0
117.0 139.0
117.0 141.0
117.0 147.0
117.0 149.0
117.0 155.0
117.0 159.0
117.0 165.0
117.0 166.0
118.0 101.0
118.0 114.0
118.0 116.0
118.0 120.0
118.0 121.0
118.0 123.0
118.0 125.0
118.0 129.0
118.0 131.0
118.0 132.0
118.0 136.0
118.0 142.0
118.0 150.0
118.0 152.0
118.0 175.0
119.0 113.0
119.0 127.0
119.0 153.0
119.0 158.0
119.0 160.0
119.0 167.0
119.0 174.0
119.0 175.0
119.0 176.0
119.0 178.0
119.0 184.0
119.0 188.0
119.0 190.0
119.0 191.0
119.0 196.0
120.0 101.0
120.0 106.0
120.0 110.0
120.0 114.0
120.0 116.0
120.0 118.0
120.0 123.0
120.0 125.0
120.0 129.0
120.0 131.0
120.0 132.0
120.0 142.0
120.0 150.0
120.0 152.0
120.0 193.0
121.0 101.0
121.0 106.0
121.0 110.0
121.0 114.0
121.0 118.0
121.0 123.0
121.0 125.0
121.0 129.0
121.0 131.0
121.0 132.0
121.0 136.0
121.0 142.0
121.0 150.0
121.0 152.0
121.0 154.0
122.0 105.0
122.0 107.0
122.0 108.0
122.0 112.0
122.0 126.0
122.0 128.0
122.0 135.0
122.0 138.0
122.0 139.0
122.0 141.0
122.0 147.0
122.0 149.0
122.0 155.0
122.0 165.0
122.0 166.0
123.0 101.0
123.0 110.0
123.0 114.0
123.0 116.0
123.0 118.0
123.0 120.0
123.0 121.0
123.0 125.0
123.0 129.0
123.0 131.0
123.0 132.0
123.0 136.0
123.0 150.0
123.0 152.0
123.0 199.0
124.0 134.0
124.0 145.0
124.0 146.0
124.0 157.0
124.0 162.0
124.0 169.0
124.0 172.0
124.0 179.0
124.0 185.0
124.0 189.0
124.0 192.0
124.0 195.0
124.0 197.0
124.0 198.0
124.0 199.0
125.0 101.0
125.0 106.0
125.0 114.0
125.0 116.0
125.0 118.0
125.0 120.0
125.0 121.0
125.0 123.0
125.0 129.0
125.0 131.0
125.0 132.0
125.0 136.0
125.0 142.0
125.0 150.0
125.0 152.0
126.0 105.0
126.0 106.0
126.0 107.0
126.0 109.0
126.0 112.0
126.0 122.0
126.0 128.0
126.0 138.0
126.0 139.0
126.0 141.0
126.0 147.0
126.0 149.0
126.0 155.0
126.0 165.0
126.0 166.0
127.0 119.0
127.0 133.0
127.0 148.0
127.0 158.0
127.0 159.0
127.0 160.0
127.0 175.0
127.0 176.0
127.0 178.0
127.0 184.0
127.0 188.0
127.0 190.0
127.0 191.0
127.0 194.0
127.0 196.0
128.0 105.0
128.0 108.0
128.0 109.0
128.0 117.0
128.0 122.0
128.0 126.0
128.0 134.0
128.0 138.0
128.0 140.0
128.0 141.0
128.0 147.0
128.0 149.0
128.0 155.0
128.0 165.0
128.0 166.0
129.0 106.0
129.0 110.0
129.0 114.0
129.0 116.0
129.0 118.0
129.0 120.0
129.0 121.0
129.0 123.0
129.0 125.0
129.0 131.0
129.0 132.0
129.0 136.0
129.0 142.0
129.0 150.0
129.0 152.0
130.0 102.0
130.0 140.0
130.0 144.0
130.0 145.0
130.0 161.0
130.0 163.0
130.0 164.0
130.0 168.0
130.0 177.0
130.0 182.0
130.0 183.0
130.0 187.0
130.0 193.0
130.0 194.0
130.0 200.0
131.0 101.0
131.0 106.0
131.0 110.0
131.0 114.0
131.0 116.0
131.0 118.0
131.0 120.0
131.0 121.0
131.0 123.0
131.0 125.0
131.0 129.0
131.0 132.0
131.0 136.0
131.0 142.0
131.0 150.0
131.0 152.0
132.0 101.0
132.0 106.0
132.0 110.0
132.0 116.0
132.0 118.0
132.0 120.0
132.0 121.0
132.0 123.0
132.0 125.0
132.0 129.0
132.0 131.0
132.0 136.0
132.0 142.0
132.0 150.0
132.0 152.0
132.0 168.0
133.0 113.0
133.0 127.0
133.0 148.0
133.0 150.0
133.0 153.0
133.0 158.0
133.0 159.0
133.0 167.0
133.0 174.0
133.0 175.0
133.0 176.0
133.0 178.0
133.0 184.0
133.0 188.0
133.0 191.0
133.0 196.0
134.0 115.0
134.0 124.0
134.0 128.0
134.0 145.0
134.0 156.0
134.0 157.0
134.0 172.0
134.0 173.0
134.0 179.0
134.0 181.0
134.0 189.0
134.0 192.0
134.0 195.0
134.0 197.0
134.0 198.0
134.0 199.0
135.0 105.0
135.0 107.0
135.0 108.0
135.0 109.0
135.0 112.0
135.0 117.0
135.0 122.0
135.0 138.0
135.0 139.0
135.0 141.0
135.0 147.0
135.0 149.0
135.0 155.0
135.0 162.0
135.0 165.0
135.0 166.0
136.0 101.0
136.0 106.0
136.0 110.0
136.0 114.0
136.0 116.0
136.0 118.0
136.0 121.0
136.0 123.0
136.0 125.0
136.0 129.0
136.0 131.0
136.0 132.0
136.0 142.0
136.0 150.0
136.0 152.0
136.0 155.0
137.0 113.0
137.0 148.0
137.0 158.0
137.0 159.0
137.0 160.0
137.0 167.0
137.0 174.0
137.0 175.0
137.0 176.0
137.0 178.0
137.0 182.0
137.0 184.0
137.0 188.0
137.0 190.0
137.0 191.0
137.0 196.0
138.0 105.0
138.0 107.0
138.0 108.0
138.0 109.0
138.0 111.0
138.0 112.0
138.0 117.0
138.0 122.0
138.0 126.0
138.0 128.0
138.0 135.0
138.0 147.0
138.0 149.0
138.0 155.0
138.0 165.0
138.0 166.0
139.0 105.0
139.0 107.0
139.0 108.0
139.0 109.0
139.0 112.0
139.0 116.0
139.0 117.0
139.0 122.0
139.0 126.0
139.0 135.0
139.0 141.0
139.0 147.0
139.0 149.0
139.0 155.0
139.0 165.0
139.0 166.0
140.0 111.0
140.0 128.0
140.0 130.0
140.0 151.0
140.0 163.0
140.0 164.0
140.0 168.0
140.0 177.0
140.0 180.0
140.0 182.0
140.0 183.0
140.0 186.0
140.0 187.0
140.0 193.0
140.0 194.0
140.0 200.0
141.0 105.0
141.0 107.0
141.0 109.0
141.0 112.0
141.0 117.0
141.0 122.0
141.0 126.0
141.0 128.0
141.0 135.0
141.0 139.0
141.0 147.0
141.0 149.0
141.0 155.0
141.0 163.0
141.0 165.0
141.0 166.0
142.0 101.0
142.0 106.0
142.0 110.0
142.0 114.0
142.0 116.0
142.0 118.0
142.0 120.0
142.0 121.0
142.0 125.0
142.0 129.0
142.0 131.0
142.0 132.0
142.0 136.0
142.0 150.0
142.0 152.0
142.0 184.0
143.0 111.0
143.0 144.0
143.0 151.0
143.0 161.0
143.0 168.0
143.0 170.0
143.0 171.0
143.0 177.0
143.0 180.0
143.0 182.0
143.0 183.0
143.0 186.0
143.0 187.0
143.0 190.0
143.0 194.0
143.0 200.0
144.0 102.0
144.0 130.0
144.0 143.0
144.0 151.0
144.0 163.0
144.0 168.0
144.0 170.0
144.0 171.0
144.0 180.0
144.0 183.0
144.0 186.0
144.0 187.0
144.0 193.0
144.0 194.0
144.0 195.0
144.0 200.0
145.0 124.0
145.0 130.0
145.0 134.0
145.0 154.0
145.0 162.0
145.0 169.0
145.0 172.0
145.0 173.0
145.0 179.0
145.0 181.0
145.0 185.0
145.0 189.0
145.0 192.0
145.0 195.0
145.0 197.0
145.0 198.0
145.0 199.0
146.0 103.0
146.0 105.0
146.0 115.0
146.0 124.0
146.0 157.0
146.0 162.0
146.0 169.0
146.0 172.0
146.0 173.0
146.0 179.0
146.0 185.0
146.0 189.0
146.0 192.0
146.0 195.0
146.0 197.0
146.0 198.0
146.0 199.0
147.0 103.0
147.0 107.0
147.0 108.0
147.0 109.0
147.0 112.0
147.0 117.0
147.0 122.0
147.0 126.0
147.0 128.0
147.0 135.0
147.0 138.0
147.0 139.0
147.0 141.0
147.0 149.0
147.0 155.0
147.0 165.0
147.0 166.0
148.0 104.0
148.0 113.0
148.0 127.0
148.0 133.0
148.0 137.0
148.0 153.0
148.0 160.0
148.0 167.0
148.0 174.0
148.0 176.0
148.0 178.0
148.0 184.0
148.0 185.0
148.0 188.0
148.0 190.0
148.0 191.0
148.0 196.0
149.0 105.0
149.0 107.0
149.0 108.0
149.0 109.0
149.0 112.0
149.0 117.0
149.0 122.0
149.0 126.0
149.0 128.0
149.0 135.0
149.0 138.0
149.0 139.0
149.0 141.0
149.0 147.0
149.0 155.0
149.0 165.0
149.0 166.0
150.0 101.0
150.0 106.0
150.0 110.0
150.0 114.0
150.0 116.0
150.0 118.0
150.0 120.0
150.0 121.0
150.0 123.0
150.0 125.0
150.0 129.0
150.0 131.0
150.0 132.0
150.0 133.0
150.0 136.0
150.0 142.0
150.0 152.0
151.0 101.0
151.0 111.0
151.0 140.0
151.0 143.0
151.0 144.0
151.0 161.0
151.0 168.0
151.0 170.0
151.0 171.0
151.0 177.0
151.0 182.0
151.0 183.0
151.0 186.0
151.0 187.0
151.0 193.0
151.0 194.0
151.0 200.0
152.0 101.0
152.0 106.0
152.0 110.0
152.0 114.0
152.0 116.0
152.0 118.0
152.0 120.0
152.0 121.0
152.0 123.0
152.0 125.0
152.0 129.0
152.0 131.0
152.0 132.0
152.0 136.0
152.0 142.0
152.0 150.0
152.0 190.0
153.0 104.0
153.0 119.0
153.0 133.0
153.0 148.0
153.0 159.0
153.0 160.0
153.0 167.0
153.0 174.0
153.0 175.0
153.0 176.0
153.0 178.0
153.0 184.0
153.0 188.0
153.0 190.0
153.0 191.0
153.0 196.0
153.0 200.0
154.0 103.0
154.0 115.0
154.0 121.0
154.0 145.0
154.0 156.0
154.0 162.0
154.0 169.0
154.0 172.0
154.0 173.0
154.0 179.0
154.0 181.0
154.0 185.0
154.0 189.0
154.0 192.0
154.0 195.0
154.0 197.0
154.0 198.0
154.0 199.0
155.0 105.0
155.0 107.0
155.0 108.0
155.0 109.0
155.0 112.0
155.0 117.0
155.0 122.0
155.0 126.0
155.0 128.0
155.0 135.0
155.0 136.0
155.0 138.0
155.0 139.0
155.0 141.0
155.0 147.0
155.0 149.0
155.0 165.0
155.0 166.0
156.0 107.0
156.0 115.0
156.0 134.0
156.0 154.0
156.0 157.0
156.0 162.0
156.0 169.0
156.0 172.0
156.0 173.0
156.0 179.0
156.0 181.0
156.0 185.0
156.0 189.0
156.0 192.0
156.0 195.0
156.0 197.0
156.0 198.0
156.0 199.0
157.0 124.0
157.0 134.0
157.0 146.0
157.0 156.0
157.0 162.0
157.0 169.0
157.0 172.0
157.0 173.0
157.0 177.0
157.0 179.0
157.0 181.0
157.0 185.0
157.0 189.0
157.0 192.0
157.0 195.0
157.0 197.0
157.0 198.0
157.0 199.0
158.0 104.0
158.0 113.0
158.0 119.0
158.0 127.0
158.0 133.0
158.0 137.0
158.0 160.0
158.0 167.0
158.0 174.0
158.0 175.0
158.0 176.0
158.0 178.0
158.0 184.0
158.0 188.0
158.0 190.0
158.0 191.0
158.0 193.0
158.0 196.0
159.0 104.0
159.0 113.0
159.0 117.0
159.0 127.0
159.0 133.0
159.0 137.0
159.0 153.0
159.0 160.0
159.0 167.0
159.0 174.0
159.0 175.0
159.0 176.0
159.0 178.0
159.0 184.0
159.0 188.0
159.0 190.0
159.0 191.0
159.0 196.0
160.0 113.0
160.0 119.0
160.0 127.0
160.0 137.0
160.0 148.0
160.0 153.0
160.0 158.0
160.0 159.0
160.0 174.0
160.0 175.0
160.0 176.0
160.0 178.0
160.0 184.0
160.0 188.0
160.0 190.0
160.0 191.0
160.0 196.0
160.0 198.0
161.0 102.0
161.0 111.0
161.0 130.0
161.0 143.0
161.0 151.0
161.0 163.0
161.0 164.0
161.0 165.0
161.0 170.0
161.0 171.0
161.0 177.0
161.0 180.0
161.0 182.0
161.0 186.0
161.0 187.0
161.0 193.0
161.0 194.0
161.0 200.0
162.0 103.0
162.0 124.0
162.0 135.0
162.0 145.0
162.0 146.0
162.0 154.0
162.0 156.0
162.0 157.0
162.0 173.0
162.0 179.0
162.0 181.0
162.0 185.0
162.0 189.0
162.0 192.0
162.0 195.0
162.0 197.0
162.0 198.0
162.0 199.0
163.0 130.0
163.0 140.0
163.0 141.0
163.0 144.0
163.0 161.0
163.0 164.0
163.0 168.0
163.0 170.0
163.0 171.0
163.0 177.0
163.0 180.0
163.0 182.0
163.0 183.0
163.0 186.0
163.0 187.0
163.0 193.0
163.0 194.0
163.0 200.0
164.0 102.0
164.0 130.0
164.0 140.0
164.0 161.0
164.0 163.0
164.0 166.0
164.0 168.0
164.0 170.0
164.0 171.0
164.0 177.0
164.0 180.0
164.0 182.0
164.0 183.0
164.0 186.0
164.0 187.0
164.0 193.0
164.0 194.0
164.0 200.0
165.0 105.0
165.0 107.0
165.0 108.0
165.0 109.0
165.0 112.0
165.0 117.0
165.0 122.0
165.0 126.0
165.0 128.0
165.0 135.0
165.0 138.0
165.0 139.0
165.0 141.0
165.0 147.0
165.0 149.0
165.0 155.0
165.0 161.0
165.0 166.0
166.0 105.0
166.0 107.0
166.0 108.0
166.0 109.0
166.0 112.0
166.0 117.0
166.0 122.0
166.0 126.0
166.0 128.0
166.0 135.0
166.0 138.0
166.0 139.0
166.0 141.0
166.0 147.0
166.0 149.0
166.0 155.0
166.0 164.0
166.0 165.0
167.0 104.0
167.0 113.0
167.0 119.0
167.0 133.0
167.0 137.0
167.0 148.0
167.0 153.0
167.0 158.0
167.0 159.0
167.0 173.0
167.0 174.0
167.0 175.0
167.0 176.0
167.0 178.0
167.0 184.0
167.0 188.0
167.0 190.0
167.0 191.0
167.0 196.0
168.0 130.0
168.0 132.0
168.0 140.0
168.0 143.0
168.0 144.0
168.0 151.0
168.0 163.0
168.0 164.0
168.0 170.0
168.0 171.0
168.0 177.0
168.0 180.0
168.0 182.0
168.0 183.0
168.0 186.0
168.0 187.0
168.0 193.0
168.0 194.0
168.0 200.0
169.0 103.0
169.0 115.0
169.0 124.0
169.0 145.0
169.0 146.0
169.0 154.0
169.0 156.0
169.0 157.0
169.0 172.0
169.0 173.0
169.0 179.0
169.0 181.0
169.0 185.0
169.0 186.0
169.0 192.0
169.0 195.0
169.0 197.0
169.0 198.0
169.0 199.0
170.0 102.0
170.0 111.0
170.0 143.0
170.0 144.0
170.0 151.0
170.0 161.0
170.0 163.0
170.0 164.0
170.0 168.0
170.0 171.0
170.0 177.0
170.0 178.0
170.0 180.0
170.0 182.0
170.0 183.0
170.0 186.0
170.0 187.0
170.0 194.0
170.0 200.0
171.0 102.0
171.0 143.0
171.0 144.0
171.0 151.0
171.0 161.0
171.0 163.0
171.0 164.0
171.0 168.0
171.0 170.0
171.0 177.0
171.0 180.0
171.0 181.0
171.0 182.0
171.0 183.0
171.0 186.0
171.0 187.0
171.0 193.0
171.0 194.0
171.0 200.0
172.0 104.0
172.0 124.0
172.0 134.0
172.0 145.0
172.0 146.0
172.0 154.0
172.0 156.0
172.0 157.0
172.0 169.0
172.0 173.0
172.0 179.0
172.0 181.0
172.0 185.0
172.0 189.0
172.0 192.0
172.0 195.0
172.0 197.0
172.0 198.0
172.0 199.0
173.0 103.0
173.0 134.0
173.0 145.0
173.0 146.0
173.0 154.0
173.0 156.0
173.0 157.0
173.0 162.0
173.0 167.0
173.0 169.0
173.0 172.0
173.0 181.0
173.0 185.0
173.0 189.0
173.0 192.0
173.0 195.0
173.0 197.0
173.0 198.0
173.0 199.0
174.0 104.0
174.0 108.0
174.0 119.0
174.0 133.0
174.0 137.0
174.0 148.0
174.0 153.0
174.0 158.0
174.0 159.0
174.0 160.0
174.0 167.0
174.0 175.0
174.0 176.0
174.0 178.0
174.0 184.0
174.0 188.0
174.0 190.0
174.0 191.0
174.0 196.0
175.0 104.0
175.0 118.0
175.0 119.0
175.0 127.0
175.0 133.0
175.0 137.0
175.0 153.0
175.0 158.0
175.0 159.0
175.0 160.0
175.0 167.0
175.0 174.0
175.0 176.0
175.0 178.0
175.0 184.0
175.0 188.0
175.0 190.0
175.0 191.0
175.0 196.0
176.0 104.0
176.0 110.0
176.0 119.0
176.0 127.0
176.0 133.0
176.0 137.0
176.0 148.0
176.0 153.0
176.0 158.0
176.0 159.0
176.0 160.0
176.0 167.0
176.0 174.0
176.0 175.0
176.0 178.0
176.0 184.0
176.0 188.0
176.0 190.0
176.0 191.0
176.0 196.0
177.0 111.0
177.0 130.0
177.0 140.0
177.0 143.0
177.0 151.0
177.0 157.0
177.0 161.0
177.0 163.0
177.0 164.0
177.0 168.0
177.0 170.0
177.0 171.0
177.0 180.0
177.0 182.0
177.0 183.0
177.0 186.0
177.0 187.0
177.0 193.0
177.0 194.0
177.0 200.0
178.0 113.0
178.0 119.0
178.0 127.0
178.0 133.0
178.0 137.0
178.0 148.0
178.0 153.0
178.0 158.0
178.0 159.0
178.0 160.0
178.0 167.0
178.0 170.0
178.0 174.0
178.0 175.0
178.0 176.0
178.0 184.0
178.0 188.0
178.0 190.0
178.0 191.0
178.0 196.0
179.0 103.0
179.0 109.0
179.0 124.0
179.0 134.0
179.0 145.0
179.0 146.0
179.0 154.0
179.0 156.0
179.0 157.0
179.0 162.0
179.0 169.0
179.0 172.0
179.0 181.0
179.0 185.0
179.0 189.0
179.0 192.0
179.0 195.0
179.0 197.0
179.0 198.0
179.0 199.0
180.0 102.0
180.0 111.0
180.0 140.0
180.0 143.0
180.0 144.0
180.0 161.0
180.0 163.0
180.0 164.0
180.0 168.0
180.0 170.0
180.0 171.0
180.0 177.0
180.0 182.0
180.0 183.0
180.0 186.0
180.0 187.0
180.0 193.0
180.0 194.0
180.0 196.0
180.0 200.0
181.0 103.0
181.0 115.0
181.0 134.0
181.0 145.0
181.0 154.0
181.0 156.0
181.0 157.0
181.0 162.0
181.0 169.0
181.0 171.0
181.0 172.0
181.0 173.0
181.0 179.0
181.0 185.0
181.0 189.0
181.0 192.0
181.0 195.0
181.0 197.0
181.0 198.0
181.0 199.0
182.0 102.0
182.0 130.0
182.0 137.0
182.0 140.0
182.0 143.0
182.0 151.0
182.0 161.0
182.0 163.0
182.0 164.0
182.0 168.0
182.0 170.0
182.0 171.0
182.0 177.0
182.0 180.0
182.0 183.0
182.0 186.0
182.0 187.0
182.0 193.0
182.0 194.0
182.0 200.0
183.0 102.0
183.0 111.0
183.0 130.0
183.0 140.0
183.0 143.0
183.0 144.0
183.0 151.0
183.0 163.0
183.0 164.0
183.0 168.0
183.0 170.0
183.0 171.0
183.0 177.0
183.0 180.0
183.0 182.0
183.0 186.0
183.0 187.0
183.0 189.0
183.0 193.0
183.0 194.0
183.0 200.0
184.0 104.0
184.0 113.0
184.0 119.0
184.0 127.0
184.0 133.0
184.0 137.0
184.0 142.0
184.0 148.0
184.0 153.0
184.0 158.0
184.0 159.0
184.0 160.0
184.0 167.0
184.0 174.0
184.0 175.0
184.0 176.0
184.0 178.0
184.0 188.0
184.0 190.0
184.0 191.0
184.0 196.0
185.0 103.0
185.0 115.0
185.0 124.0
185.0 145.0
185.0 146.0
185.0 148.0
185.0 154.0
185.0 156.0
185.0 157.0
185.0 162.0
185.0 169.0
185.0 172.0
185.0 173.0
185.0 179.0
185.0 181.0
185.0 189.0
185.0 192.0
185.0 195.0
185.0 197.0
185.0 198.0
185.0 199.0
186.0 102.0
186.0 111.0
186.0 140.0
186.0 143.0
186.0 144.0
186.0 151.0
186.0 161.0
186.0 163.0
186.0 164.0
186.0 168.0
186.0 169.0
186.0 170.0
186.0 171.0
186.0 177.0
186.0 180.0
186.0 182.0
186.0 183.0
186.0 187.0
186.0 193.0
186.0 194.0
186.0 200.0
187.0 102.0
187.0 130.0
187.0 140.0
187.0 143.0
187.0 144.0
187.0 151.0
187.0 161.0
187.0 163.0
187.0 164.0
187.0 168.0
187.0 170.0
187.0 171.0
187.0 177.0
187.0 180.0
187.0 182.0
187.0 183.0
187.0 186.0
187.0 193.0
187.0 194.0
187.0 196.0
187.0 200.0
188.0 104.0
188.0 113.0
188.0 115.0
188.0 119.0
188.0 127.0
188.0 133.0
188.0 137.0
188.0 148.0
188.0 153.0
188.0 158.0
188.0 159.0
188.0 160.0
188.0 167.0
188.0 174.0
188.0 175.0
188.0 176.0
188.0 178.0
188.0 184.0
188.0 190.0
188.0 191.0
188.0 196.0
189.0 103.0
189.0 115.0
189.0 124.0
189.0 134.0
189.0 145.0
189.0 146.0
189.0 154.0
189.0 156.0
189.0 157.0
189.0 162.0
189.0 172.0
189.0 173.0
189.0 179.0
189.0 181.0
189.0 183.0
189.0 185.0
189.0 192.0
189.0 195.0
189.0 197.0
189.0 198.0
189.0 199.0
190.0 104.0
190.0 113.0
190.0 119.0
190.0 127.0
190.0 137.0
190.0 143.0
190.0 148.0
190.0 152.0
190.0 153.0
190.0 158.0
190.0 159.0
190.0 160.0
190.0 167.0
190.0 174.0
190.0 175.0
190.0 176.0
190.0 178.0
190.0 184.0
190.0 188.0
190.0 191.0
190.0 196.0
191.0 104.0
191.0 113.0
191.0 119.0
191.0 127.0
191.0 133.0
191.0 137.0
191.0 148.0
191.0 153.0
191.0 158.0
191.0 159.0
191.0 160.0
191.0 167.0
191.0 174.0
191.0 175.0
191.0 176.0
191.0 178.0
191.0 184.0
191.0 188.0
191.0 190.0
191.0 192.0
191.0 196.0
192.0 115.0
192.0 124.0
192.0 134.0
192.0 145.0
192.0 146.0
192.0 154.0
192.0 156.0
192.0 157.0
192.0 162.0
192.0 169.0
192.0 172.0
192.0 173.0
192.0 179.0
192.0 181.0
192.0 185.0
192.0 189.0
192.0 191.0
192.0 195.0
192.0 197.0
192.0 198.0
192.0 199.0
193.0 102.0
193.0 111.0
193.0 120.0
193.0 130.0
193.0 140.0
193.0 144.0
193.0 151.0
193.0 158.0
193.0 161.0
193.0 163.0
193.0 164.0
193.0 168.0
193.0 171.0
193.0 177.0
193.0 180.0
193.0 182.0
193.0 183.0
193.0 186.0
193.0 187.0
193.0 194.0
193.0 200.0
194.0 102.0
194.0 111.0
194.0 127.0
194.0 130.0
194.0 140.0
194.0 143.0
194.0 144.0
194.0 151.0
194.0 161.0
194.0 163.0
194.0 164.0
194.0 168.0
194.0 170.0
194.0 171.0
194.0 177.0
194.0 180.0
194.0 182.0
194.0 183.0
194.0 186.0
194.0 187.0
194.0 193.0
194.0 200.0
195.0 103.0
195.0 115.0
195.0 124.0
195.0 134.0
195.0 144.0
195.0 145.0
195.0 146.0
195.0 154.0
195.0 156.0
195.0 157.0
195.0 162.0
195.0 169.0
195.0 172.0
195.0 173.0
195.0 179.0
195.0 181.0
195.0 185.0
195.0 189.0
195.0 192.0
195.0 197.0
195.0 198.0
195.0 199.0
196.0 104.0
196.0 113.0
196.0 119.0
196.0 127.0
196.0 133.0
196.0 137.0
196.0 148.0
196.0 153.0
196.0 158.0
196.0 159.0
196.0 160.0
196.0 167.0
196.0 174.0
196.0 175.0
196.0 176.0
196.0 178.0
196.0 180.0
196.0 184.0
196.0 187.0
196.0 188.0
196.0 190.0
196.0 191.0
197.0 103.0
197.0 111.0
197.0 115.0
197.0 124.0
197.0 134.0
197.0 145.0
197.0 146.0
197.0 154.0
197.0 156.0
197.0 157.0
197.0 162.0
197.0 169.0
197.0 172.0
197.0 173.0
197.0 179.0
197.0 181.0
197.0 185.0
197.0 189.0
197.0 192.0
197.0 195.0
197.0 198.0
197.0 199.0
198.0 103.0
198.0 115.0
198.0 124.0
198.0 134.0
198.0 145.0
198.0 146.0
198.0 154.0
198.0 156.0
198.0 157.0
198.0 160.0
198.0 162.0
198.0 169.0
198.0 172.0
198.0 173.0
198.0 179.0
198.0 181.0
198.0 185.0
198.0 189.0
198.0 192.0
198.0 195.0
198.0 197.0
198.0 199.0
199.0 103.0
199.0 115.0
199.0 123.0
199.0 124.0
199.0 134.0
199.0 145.0
199.0 146.0
199.0 154.0
199.0 156.0
199.0 157.0
199.0 162.0
199.0 169.0
199.0 172.0
199.0 173.0
199.0 179.0
199.0 181.0
199.0 185.0
199.0 189.0
199.0 192.0
199.0 195.0
199.0 197.0
199.0 198.0
200.0 102.0
200.0 111.0
200.0 130.0
200.0 140.0
200.0 143.0
200.0 144.0
200.0 151.0
200.0 153.0
200.0 161.0
200.0 163.0
200.0 164.0
200.0 168.0
200.0 170.0
200.0 171.0
200.0 177.0
200.0 180.0
200.0 182.0
200.0 183.0
200.0 186.0
200.0 187.0
200.0 193.0
200.0 194.0
1
1 2
89
72 154.0
15 115.0
79 172.0
54 181.0
97 156.0
69 157.0
85 162.0
98 146.0
92 169.0
24 199.0
95 189.0
56 185.0
73 197.0
45 198.0
99 124.0
89 195.0
57 173.0
81 145.0
46 103.0
34 179.0
62 134.0
3 192.0
39 101.0
8 118.0
28 150.0
7 110.0
5 125.0
55 152.0
9 136.0
66 129.0
65 106.0
35 132.0
49 116.0
12 120.0
41 131.0
17 114.0
26 121.0
38 123.0
47 142.0
22 114.0
80 155.0
94 165.0
63 105.0
87 108.0
40 149.0
71 112.0
61 107.0
2 138.0
83 147.0
11 139.0
44 126.0
30 128.0
100 109.0
51 122.0
43 117.0
70 141.0
64 135.0
77 166.0
86 109.0
93 147.0
68 135.0
82 141.0
97 149.0
45 108.0
92 108.0
68 118.0
93 172.0
82 172.0
39 199.0
30 136.0
5 122.0
94 136.0
80 197.0
47 126.0
49 122.0
41 108.0
62 120.0
79 107.0
86 106.0
73 112.0
43 198.0
82 106.0
70 154.0
9 141.0
28 126.0
64 118.0
57 139.0
83 116.0
5 162.0
7
3 15 24 34 45 46 54 56 57 62 69 72 73 79 81 85 89 92 95 97 98 99 103.0 115.0 124.0 134.0 145.0 146.0 154.0 156.0 157.0 162.0 169.0 172.0 173.0 179.0 181.0 185.0 189.0 192.0 195.0 197.0 198.0 199.0 
5 7 8 9 12 17 22 26 28 35 38 39 41 47 49 55 65 66 101.0 106.0 110.0 114.0 116.0 118.0 120.0 121.0 123.0 125.0 129.0 131.0 132.0 136.0 142.0 150.0 152.0 
2 11 30 40 43 44 51 61 63 64 68 70 71 77 80 82 83 86 87 93 94 100 105.0 107.0 108.0 109.0 112.0 117.0 122.0 126.0 128.0 135.0 138.0 139.0 141.0 147.0 149.0 155.0 165.0 166.0 
4 13 19 27 33 37 48 53 58 59 60 67 74 75 76 78 84 88 90 91 96
1 6 10 14 16 18 20 21 23 25 29 31 32 36 42 50 52
104.0 113.0 119.0 127.0 133.0 137.0 148.0 153.0 158.0 159.0 160.0 167.0 174.0 175.0 176.0 178.0 184.0 188.0 190.0 191.0 196.0
102.0 111.0 130.0 140.0 143.0 144.0 151.0 161.0 163.0 164.0 168.0 170.0 171.0 177.0 180.0 182.0 183.0 186.0 187.0 193.0 194.0 200.0
