2
1 2 3 4 5 6 7 8 9 10 11 12 13 14 15 16 17 18 19 20 21 22 23 24 25 26 27 28 29 30 31 32 33 34 35 36 37 38 39 40 41 42 43 44 45 46 47 48 49 50 51 52 53 54 55 56 57 58 59 60 61 62 63 64 65 66 67 68 69 70 71 72 73 74 75 76 77 78 79 80 81 82 83 84 85 86 87 88 89 90 91 92 93 94 95 96 97 98 99 100
2094
1 21
1 36
1 37
1 48
1 59
1 66
1 68
1 70
1 71
1 77
1 80
1 81
1 92
1 94
1 95
1 96
1 98
2 12
2 17
2 24
2 28
2 34
2 46
2 54
2 72
2 74
2 75
2 78
2 82
2 84
2 85
2 87
2 88
2 93
3 4
3 8
3 9
3 38
3 64
3 68
3 69
3 70
3 73
3 77
3 80
3 92
3 94
3 96
3 97
3 98
3 100
4 3
4 8
4 13
4 38
4 59
4 62
4 64
4 66
4 68
4 69
4 70
4 81
4 94
4 96
4 97
4 98
4 100
5 23
5 27
5 29
5 30
5 31
5 32
5 36
5 39
5 41
5 42
5 44
5 50
5 51
5 52
5 55
5 58
5 63
6 19
6 40
6 44
6 47
6 53
6 56
6 62
6 65
6 67
6 73
6 76
6 79
6 83
6 86
6 89
6 91
6 99
7 14
7 40
7 46
7 49
7 60
7 62
7 63
7 65
7 67
7 68
7 73
7 76
7 79
7 83
7 86
7 89
7 99
8 3
8 4
8 18
8 21
8 37
8 48
8 66
8 68
8 71
8 80
8 81
8 93
8 95
8 96
8 97
8 98
8 100
9 3
9 18
9 22
9 64
9 66
9 68
9 69
9 70
9 77
9 80
9 81
9 92
9 94
9 95
9 96
9 97
9 100
10 25
10 26
10 29
10 34
10 45
10 57
10 61
10 72
10 75
10 78
10 82
10 84
10 85
10 87
10 88
10 90
10 93
11 17
11 25
11 26
11 28
11 45
11 61
11 69
11 72
11 74
11 75
11 78
11 82
11 84
11 85
11 87
11 90
11 93
12 2
12 23
12 24
12 25
12 26
12 28
12 54
12 57
12 72
12 74
12 75
12 78
12 84
12 85
12 87
12 88
12 90
13 4
13 21
13 32
13 37
13 38
13 48
13 59
13 64
13 66
13 68
13 71
13 80
13 92
13 95
13 96
13 97
13 98
13 100
14 7
14 19
14 33
14 40
14 43
14 49
14 53
14 56
14 60
14 62
14 67
14 73
14 79
14 83
14 86
14 89
14 91
14 99
15 16
15 23
15 27
15 29
15 30
15 31
15 32
15 35
15 36
15 39
15 41
15 42
15 44
15 50
15 51
15 52
15 55
15 58
16 15
16 22
16 23
16 29
16 30
16 31
16 32
16 35
16 36
16 41
16 42
16 44
16 50
16 51
16 52
16 55
16 58
16 75
17 2
17 11
17 24
17 26
17 45
17 54
17 61
17 72
17 74
17 78
17 82
17 84
17 85
17 87
17 88
17 90
17 92
17 93
18 8
18 9
18 21
18 27
18 48
18 59
18 66
18 69
18 71
18 77
18 80
18 92
18 94
18 95
18 96
18 97
18 98
18 100
19 6
19 14
19 30
19 33
19 40
19 43
19 56
19 62
19 63
19 65
19 67
19 73
19 79
19 83
19 86
19 89
19 91
19 99
20 33
20 46
20 47
20 53
20 56
20 60
20 62
20 63
20 65
20 67
20 73
20 76
20 79
20 86
20 89
20 91
20 97
20 99
21 1
21 8
21 13
21 18
21 34
21 37
21 68
21 70
21 71
21 80
21 81
21 92
21 94
21 95
21 96
21 97
21 98
21 100
22 9
22 16
22 23
22 27
22 29
22 30
22 32
22 35
22 36
22 39
22 41
22 42
22 44
22 50
22 51
22 52
22 55
22 58
23 5
23 12
23 15
23 16
23 22
23 27
23 29
23 31
23 32
23 35
23 36
23 42
23 44
23 50
23 51
23 52
23 55
23 58
24 2
24 12
24 17
24 26
24 28
24 34
24 57
24 72
24 74
24 75
24 78
24 82
24 84
24 85
24 87
24 88
24 90
24 93
25 10
25 11
25 12
25 28
25 45
25 54
25 57
25 61
25 72
25 74
25 78
25 82
25 84
25 85
25 87
25 88
25 90
25 93
26 10
26 11
26 12
26 17
26 24
26 34
26 37
26 57
26 61
26 74
26 75
26 82
26 84
26 85
26 87
26 88
26 90
26 93
27 5
27 15
27 18
27 22
27 23
27 30
27 31
27 32
27 35
27 39
27 41
27 42
27 44
27 50
27 51
27 52
27 55
27 58
28 2
28 11
28 12
28 24
28 25
28 45
28 51
28 54
28 57
28 72
28 75
28 82
28 84
28 85
28 87
28 88
28 90
28 93
29 5
29 10
29 15
29 16
29 22
29 23
29 30
29 32
29 35
29 36
29 39
29 41
29 42
29 44
29 50
29 51
29 52
29 55
29 58
30 5
30 15
30 16
30 19
30 22
30 27
30 29
30 31
30 35
30 36
30 39
30 41
30 42
30 44
30 50
30 51
30 52
30 55
30 58
31 5
31 15
31 16
31 23
31 27
31 30
31 32
31 35
31 36
31 38
31 39
31 41
31 42
31 44
31 50
31 51
31 52
31 55
31 58
32 5
32 13
32 15
32 16
32 22
32 23
32 27
32 29
32 31
32 35
32 36
32 39
32 41
32 42
32 50
32 51
32 52
32 55
32 58
33 14
33 19
33 20
33 46
33 47
33 49
33 56
33 63
33 65
33 67
33 73
33 76
33 79
33 82
33 83
33 86
33 89
33 91
33 99
34 2
34 10
34 21
34 24
34 26
34 54
34 57
34 61
34 72
34 74
34 75
34 78
34 82
34 84
34 85
34 87
34 88
34 90
34 93
35 15
35 16
35 22
35 23
35 27
35 29
35 30
35 31
35 32
35 36
35 39
35 41
35 42
35 44
35 50
35 51
35 52
35 55
35 93
36 1
36 5
36 15
36 16
36 22
36 23
36 29
36 30
36 31
36 32
36 35
36 39
36 41
36 44
36 50
36 51
36 52
36 55
36 58
37 1
37 8
37 13
37 21
37 26
37 38
37 59
37 64
37 69
37 70
37 77
37 81
37 92
37 94
37 95
37 96
37 97
37 98
37 100
38 3
38 4
38 13
38 31
38 37
38 48
38 64
38 66
38 69
38 70
38 71
38 77
38 80
38 81
38 92
38 96
38 97
38 98
38 100
39 5
39 15
39 22
39 27
39 29
39 30
39 31
39 32
39 35
39 36
39 41
39 42
39 44
39 50
39 51
39 52
39 55
39 58
39 94
40 6
40 7
40 14
40 19
40 43
40 46
40 49
40 53
40 60
40 63
40 65
40 66
40 73
40 76
40 79
40 83
40 86
40 89
40 91
40 99
41 5
41 15
41 16
41 22
41 27
41 29
41 30
41 31
41 32
41 35
41 36
41 39
41 42
41 44
41 50
41 51
41 52
41 55
41 58
41 60
42 5
42 15
42 16
42 22
42 23
42 27
42 29
42 30
42 31
42 32
42 35
42 39
42 41
42 44
42 50
42 51
42 52
42 55
42 58
42 74
43 14
43 19
43 40
43 46
43 47
43 49
43 53
43 56
43 60
43 62
43 63
43 65
43 67
43 76
43 79
43 83
43 89
43 91
43 95
43 99
44 5
44 6
44 15
44 16
44 22
44 23
44 27
44 29
44 30
44 31
44 35
44 36
44 39
44 41
44 42
44 50
44 51
44 52
44 55
44 58
45 10
45 11
45 17
45 25
45 28
45 54
45 57
45 61
45 72
45 74
45 75
45 78
45 82
45 83
45 84
45 85
45 87
45 88
45 90
45 93
46 2
46 7
46 20
46 33
46 40
46 43
46 47
46 49
46 53
46 56
46 62
46 63
46 65
46 73
46 76
46 79
46 83
46 86
46 89
46 91
47 6
47 20
47 33
47 43
47 46
47 49
47 53
47 57
47 60
47 62
47 63
47 65
47 67
47 73
47 79
47 83
47 86
47 89
47 91
47 99
48 1
48 8
48 13
48 18
48 38
48 59
48 64
48 65
48 68
48 69
48 70
48 71
48 77
48 80
48 81
48 92
48 94
48 95
48 97
48 98
48 100
49 7
49 14
49 33
49 40
49 43
49 46
49 47
49 53
49 56
49 60
49 62
49 63
49 65
49 73
49 76
49 79
49 86
49 89
49 90
49 91
49 99
50 5
50 15
50 16
50 22
50 23
50 27
50 29
50 30
50 31
50 32
50 35
50 36
50 39
50 41
50 42
50 44
50 51
50 52
50 55
50 58
50 71
51 5
51 15
51 16
51 22
51 23
51 27
51 28
51 29
51 30
51 31
51 32
51 35
51 36
51 39
51 41
51 42
51 44
51 50
51 52
51 55
51 58
52 5
52 15
52 16
52 22
52 23
52 27
52 29
52 30
52 31
52 32
52 35
52 36
52 39
52 41
52 42
52 44
52 50
52 51
52 55
52 58
52 84
53 6
53 14
53 20
53 40
53 43
53 46
53 47
53 49
53 54
53 60
53 62
53 63
53 65
53 73
53 76
53 79
53 83
53 86
53 89
53 91
53 99
54 2
54 12
54 17
54 25
54 28
54 34
54 45
54 53
54 57
54 61
54 72
54 74
54 75
54 78
54 82
54 84
54 85
54 87
54 88
54 90
54 93
55 5
55 15
55 16
55 22
55 23
55 27
55 29
55 30
55 31
55 32
55 35
55 36
55 39
55 41
55 42
55 44
55 50
55 51
55 52
55 58
55 96
56 6
56 14
56 19
56 20
56 33
56 43
56 46
56 49
56 60
56 62
56 63
56 67
56 73
56 76
56 79
56 83
56 86
56 88
56 89
56 91
56 99
57 10
57 12
57 24
57 25
57 26
57 28
57 34
57 45
57 47
57 54
57 61
57 74
57 75
57 78
57 82
57 84
57 85
57 87
57 88
57 90
57 93
58 5
58 15
58 16
58 22
58 23
58 27
58 29
58 30
58 31
58 32
58 36
58 39
58 41
58 42
58 44
58 50
58 51
58 52
58 55
58 59
58 72
59 1
59 4
59 13
59 18
59 37
59 48
59 58
59 64
59 66
59 68
59 69
59 70
59 71
59 77
59 80
59 81
59 92
59 95
59 96
59 97
59 98
59 100
60 7
60 14
60 20
60 40
60 41
60 43
60 47
60 49
60 53
60 56
60 62
60 63
60 65
60 67
60 73
60 76
60 79
60 83
60 86
60 89
60 91
60 99
61 10
61 11
61 17
61 25
61 26
61 34
61 45
61 54
61 57
61 72
61 74
61 75
61 78
61 79
61 82
61 84
61 85
61 87
61 88
61 90
61 93
61 94
62 4
62 6
62 7
62 14
62 19
62 20
62 43
62 46
62 47
62 49
62 53
62 56
62 60
62 65
62 67
62 73
62 76
62 83
62 86
62 89
62 91
62 99
63 5
63 7
63 19
63 20
63 33
63 40
63 43
63 46
63 47
63 49
63 53
63 56
63 60
63 67
63 73
63 76
63 79
63 83
63 86
63 89
63 91
63 99
64 3
64 4
64 9
64 13
64 37
64 38
64 48
64 59
64 66
64 68
64 69
64 77
64 80
64 81
64 87
64 92
64 94
64 95
64 96
64 97
64 98
64 100
65 6
65 7
65 19
65 20
65 33
65 40
65 43
65 46
65 47
65 48
65 49
65 53
65 60
65 62
65 67
65 76
65 79
65 83
65 86
65 89
65 91
65 99
66 1
66 4
66 8
66 9
66 13
66 18
66 38
66 40
66 59
66 64
66 68
66 69
66 70
66 71
66 77
66 80
66 81
66 94
66 95
66 96
66 98
66 100
67 6
67 7
67 14
67 19
67 20
67 33
67 43
67 47
67 56
67 60
67 62
67 63
67 65
67 73
67 76
67 77
67 79
67 83
67 86
67 89
67 91
67 99
68 1
68 3
68 4
68 7
68 8
68 9
68 13
68 21
68 48
68 59
68 64
68 66
68 69
68 70
68 71
68 80
68 92
68 94
68 95
68 96
68 97
68 98
68 100
69 3
69 4
69 9
69 11
69 18
69 37
69 38
69 48
69 59
69 64
69 66
69 68
69 71
69 77
69 80
69 81
69 92
69 94
69 95
69 96
69 97
69 98
69 100
70 1
70 3
70 4
70 9
70 21
70 37
70 38
70 48
70 59
70 66
70 68
70 71
70 77
70 80
70 81
70 85
70 92
70 94
70 95
70 96
70 97
70 98
70 100
71 1
71 8
71 13
71 18
71 21
71 38
71 48
71 50
71 59
71 66
71 68
71 69
71 70
71 77
71 80
71 81
71 92
71 94
71 95
71 96
71 97
71 98
71 100
72 2
72 10
72 11
72 12
72 17
72 24
72 25
72 28
72 34
72 45
72 54
72 58
72 61
72 74
72 75
72 78
72 82
72 84
72 85
72 87
72 88
72 90
72 93
73 3
73 6
73 7
73 14
73 19
73 20
73 33
73 40
73 46
73 47
73 49
73 53
73 56
73 60
73 62
73 63
73 67
73 76
73 83
73 86
73 89
73 91
73 99
74 2
74 11
74 12
74 17
74 24
74 25
74 26
74 34
74 42
74 45
74 54
74 57
74 61
74 72
74 75
74 78
74 82
74 84
74 85
74 87
74 88
74 90
74 93
75 2
75 10
75 11
75 12
75 16
75 24
75 26
75 28
75 34
75 45
75 54
75 57
75 61
75 72
75 74
75 78
75 82
75 84
75 85
75 87
75 88
75 90
75 93
76 6
76 7
76 20
76 33
76 40
76 43
76 46
76 49
76 53
76 56
76 60
76 62
76 63
76 65
76 67
76 73
76 78
76 79
76 83
76 86
76 89
76 91
76 99
77 1
77 3
77 9
77 18
77 37
77 38
77 48
77 59
77 64
77 66
77 67
77 69
77 70
77 71
77 80
77 81
77 92
77 94
77 95
77 96
77 97
77 98
77 100
78 2
78 10
78 11
78 12
78 17
78 24
78 25
78 34
78 45
78 54
78 57
78 61
78 72
78 74
78 75
78 76
78 82
78 84
78 85
78 86
78 87
78 88
78 90
78 93
79 6
79 7
79 14
79 19
79 20
79 33
79 40
79 43
79 46
79 47
79 49
79 53
79 56
79 60
79 61
79 63
79 65
79 67
79 76
79 83
79 86
79 89
79 91
79 99
80 1
80 3
80 8
80 9
80 13
80 18
80 21
80 38
80 48
80 59
80 64
80 66
80 68
80 69
80 70
80 71
80 77
80 81
80 90
80 92
80 94
80 95
80 97
80 100
81 1
81 4
81 8
81 9
81 21
81 37
81 38
81 48
81 59
81 64
81 66
81 69
81 70
81 71
81 77
81 80
81 91
81 92
81 94
81 95
81 96
81 97
81 98
81 100
82 2
82 10
82 11
82 17
82 24
82 25
82 26
82 28
82 33
82 34
82 45
82 54
82 57
82 61
82 72
82 74
82 75
82 78
82 84
82 85
82 87
82 88
82 90
82 93
83 6
83 7
83 14
83 19
83 33
83 40
83 43
83 45
83 46
83 47
83 53
83 56
83 60
83 62
83 63
83 65
83 67
83 73
83 76
83 79
83 86
83 89
83 91
83 99
84 2
84 10
84 11
84 12
84 17
84 24
84 25
84 26
84 28
84 34
84 45
84 52
84 54
84 57
84 61
84 72
84 74
84 75
84 78
84 82
84 85
84 87
84 88
84 90
84 93
85 2
85 10
85 11
85 12
85 17
85 24
85 25
85 26
85 28
85 34
85 45
85 54
85 57
85 61
85 70
85 72
85 74
85 75
85 78
85 82
85 84
85 87
85 88
85 90
85 93
86 6
86 7
86 14
86 19
86 20
86 33
86 40
86 46
86 47
86 49
86 53
86 56
86 60
86 62
86 63
86 65
86 67
86 73
86 76
86 78
86 79
86 83
86 89
86 91
86 99
87 2
87 10
87 11
87 12
87 17
87 24
87 25
87 26
87 28
87 34
87 45
87 54
87 57
87 61
87 64
87 72
87 74
87 75
87 78
87 82
87 84
87 85
87 88
87 90
87 93
88 2
88 10
88 12
88 17
88 24
88 25
88 26
88 28
88 34
88 45
88 54
88 56
88 57
88 61
88 72
88 74
88 75
88 78
88 82
88 84
88 85
88 87
88 90
88 93
88 100
89 6
89 7
89 14
89 19
89 20
89 33
89 40
89 43
89 46
89 47
89 49
89 53
89 56
89 60
89 62
89 63
89 65
89 67
89 73
89 76
89 79
89 83
89 86
89 91
89 99
90 10
90 11
90 12
90 17
90 24
90 25
90 26
90 28
90 34
90 45
90 49
90 54
90 57
90 61
90 72
90 74
90 75
90 78
90 80
90 82
90 84
90 85
90 87
90 88
90 93
91 6
91 14
91 19
91 20
91 33
91 40
91 43
91 46
91 47
91 49
91 53
91 56
91 60
91 62
91 63
91 65
91 67
91 73
91 76
91 79
91 81
91 83
91 86
91 89
91 99
92 1
92 3
92 9
92 13
92 17
92 18
92 21
92 37
92 38
92 48
92 59
92 64
92 68
92 69
92 70
92 71
92 77
92 80
92 81
92 94
92 95
92 96
92 97
92 98
92 100
93 2
93 8
93 10
93 11
93 17
93 24
93 25
93 26
93 28
93 34
93 35
93 45
93 54
93 57
93 61
93 72
93 74
93 75
93 78
93 82
93 84
93 85
93 87
93 88
93 90
94 1
94 3
94 4
94 9
94 18
94 21
94 37
94 39
94 48
94 61
94 64
94 66
94 68
94 69
94 70
94 71
94 77
94 80
94 81
94 92
94 95
94 96
94 97
94 98
94 100
95 1
95 8
95 9
95 13
95 18
95 21
95 37
95 43
95 48
95 59
95 64
95 66
95 68
95 69
95 70
95 71
95 77
95 80
95 81
95 92
95 94
95 96
95 97
95 98
95 100
96 1
96 3
96 4
96 8
96 9
96 13
96 18
96 21
96 37
96 38
96 55
96 59
96 64
96 66
96 68
96 69
96 70
96 71
96 77
96 81
96 92
96 94
96 95
96 97
96 98
96 99
97 3
97 4
97 8
97 9
97 13
97 18
97 20
97 21
97 37
97 38
97 48
97 59
97 64
97 68
97 69
97 70
97 71
97 77
97 80
97 81
97 92
97 94
97 95
97 96
97 98
97 100
98 1
98 3
98 4
98 8
98 13
98 18
98 21
98 37
98 38
98 48
98 59
98 64
98 66
98 68
98 69
98 70
98 71
98 77
98 81
98 92
98 94
98 95
98 96
98 97
98 99
98 100
99 6
99 7
99 14
99 19
99 20
99 33
99 40
99 43
99 47
99 49
99 53
99 56
99 60
99 62
99 63
99 65
99 67
99 73
99 76
99 79
99 83
99 86
99 89
99 91
99 96
99 98
100 3
100 4
100 8
100 9
100 13
100 18
100 21
100 37
100 38
100 48
100 59
100 64
100 66
100 68
100 69
100 70
100 71
100 77
100 80
100 81
100 88
100 92
100 94
100 95
100 97
100 98
101.0 102.0 103.0 104.0 105.0 106.0 107.0 108.0 109.0 110.0 111.0 112.0 113.0 114.0 115.0 116.0 117.0 118.0 119.0 120.0 121.0 122.0 123.0 124.0 125.0 126.0 127.0 128.0 129.0 130.0 131.0 132.0 133.0 134.0 135.0 136.0 137.0 138.0 139.0 140.0 141.0 142.0 143.0 144.0 145.0 146.0 147.0 148.0 149.0 150.0 151.0 152.0 153.0 154.0 155.0 156.0 157.0 158.0 159.0 160.0 161.0 162.0 163.0 164.0 165.0 166.0 167.0 168.0 169.0 170.0 171.0 172.0 173.0 174.0 175.0 176.0 177.0 178.0 179.0 180.0 181.0 182.0 183.0 184.0 185.0 186.0 187.0 188.0 189.0 190.0 191.0 192.0 193.0 194.0 195.0 196.0 197.0 198.0 199.0 200.0
2094
101.0 121.0
101.0 136.0
101.0 137.0
101.0 148.0
101.0 159.0
101.0 166.0
101.0 168.0
101.0 170.0
101.0 171.0
101.0 177.0
101.0 180.0
101.0 181.0
101.0 192.0
101.0 194.0
101.0 195.0
101.0 196.0
101.0 198.0
102.0 112.0
102.0 117.0
102.0 124.0
102.0 128.0
102.0 134.0
102.0 146.0
102.0 154.0
102.0 172.0
102.0 174.0
102.0 175.0
102.0 178.0
102.0 182.0
102.0 184.0
102.0 185.0
102.0 187.0
102.0 188.0
102.0 193.0
103.0 104.0
103.0 108.0
103.0 109.0
103.0 138.0
103.0 164.0
103.0 168.0
103.0 169.0
103.0 170.0
103.0 173.0
103.0 177.0
103.0 180.0
103.0 192.0
103.0 194.0
103.0 196.0
103.0 197.0
103.0 198.0
103.0 200.0
104.0 103.0
104.0 108.0
104.0 113.0
104.0 138.0
104.0 159.0
104.0 162.0
104.0 164.0
104.0 166.0
104.0 168.0
104.0 169.0
104.0 170.0
104.0 181.0
104.0 194.0
104.0 196.0
104.0 197.0
104.0 198.0
104.0 200.0
105.0 123.0
105.0 127.0
105.0 129.0
105.0 130.0
105.0 131.0
105.0 132.0
105.0 136.0
105.0 139.0
105.0 141.0
105.0 142.0
105.0 144.0
105.0 150.0
105.0 151.0
105.0 152.0
105.0 155.0
105.0 158.0
105.0 163.0
106.0 119.0
106.0 140.0
106.0 144.0
106.0 147.0
106.0 153.0
106.0 156.0
106.0 162.0
106.0 165.0
106.0 167.0
106.0 173.0
106.0 176.0
106.0 179.0
106.0 183.0
106.0 186.0
106.0 189.0
106.0 191.0
106.0 199.0
107.0 114.0
107.0 140.0
107.0 146.0
107.0 149.0
107.0 160.0
107.0 162.0
107.0 163.0
107.0 165.0
107.0 167.0
107.0 168.0
107.0 173.0
107.0 176.0
107.0 179.0
107.0 183.0
107.0 186.0
107.0 189.0
107.0 199.0
108.0 103.0
108.0 104.0
108.0 118.0
108.0 121.0
108.0 137.0
108.0 148.0
108.0 166.0
108.0 168.0
108.0 171.0
108.0 180.0
108.0 181.0
108.0 193.0
108.0 195.0
108.0 196.0
108.0 197.0
108.0 198.0
108.0 200.0
109.0 103.0
109.0 118.0
109.0 122.0
109.0 164.0
109.0 166.0
109.0 168.0
109.0 169.0
109.0 170.0
109.0 177.0
109.0 180.0
109.0 181.0
109.0 192.0
109.0 194.0
109.0 195.0
109.0 196.0
109.0 197.0
109.0 200.0
110.0 125.0
110.0 126.0
110.0 129.0
110.0 134.0
110.0 145.0
110.0 157.0
110.0 161.0
110.0 172.0
110.0 175.0
110.0 178.0
110.0 182.0
110.0 184.0
110.0 185.0
110.0 187.0
110.0 188.0
110.0 190.0
110.0 193.0
111.0 117.0
111.0 125.0
111.0 126.0
111.0 128.0
111.0 145.0
111.0 161.0
111.0 169.0
111.0 172.0
111.0 174.0
111.0 175.0
111.0 178.0
111.0 182.0
111.0 184.0
111.0 185.0
111.0 187.0
111.0 190.0
111.0 193.0
112.0 102.0
112.0 123.0
112.0 124.0
112.0 125.0
112.0 126.0
112.0 128.0
112.0 154.0
112.0 157.0
112.0 172.0
112.0 174.0
112.0 175.0
112.0 178.0
112.0 184.0
112.0 185.0
112.0 187.0
112.0 188.0
112.0 190.0
113.0 104.0
113.0 121.0
113.0 132.0
113.0 137.0
113.0 138.0
113.0 148.0
113.0 159.0
113.0 164.0
113.0 166.0
113.0 168.0
113.0 171.0
113.0 180.0
113.0 192.0
113.0 195.0
113.0 196.0
113.0 197.0
113.0 198.0
113.0 200.0
114.0 107.0
114.0 119.0
114.0 133.0
114.0 140.0
114.0 143.0
114.0 149.0
114.0 153.0
114.0 156.0
114.0 160.0
114.0 162.0
114.0 167.0
114.0 173.0
114.0 179.0
114.0 183.0
114.0 186.0
114.0 189.0
114.0 191.0
114.0 199.0
115.0 116.0
115.0 123.0
115.0 127.0
115.0 129.0
115.0 130.0
115.0 131.0
115.0 132.0
115.0 135.0
115.0 136.0
115.0 139.0
115.0 141.0
115.0 142.0
115.0 144.0
115.0 150.0
115.0 151.0
115.0 152.0
115.0 155.0
115.0 158.0
116.0 115.0
116.0 122.0
116.0 123.0
116.0 129.0
116.0 130.0
116.0 131.0
116.0 132.0
116.0 135.0
116.0 136.0
116.0 141.0
116.0 142.0
116.0 144.0
116.0 150.0
116.0 151.0
116.0 152.0
116.0 155.0
116.0 158.0
116.0 175.0
117.0 102.0
117.0 111.0
117.0 124.0
117.0 126.0
117.0 145.0
117.0 154.0
117.0 161.0
117.0 172.0
117.0 174.0
117.0 178.0
117.0 182.0
117.0 184.0
117.0 185.0
117.0 187.0
117.0 188.0
117.0 190.0
117.0 192.0
117.0 193.0
118.0 108.0
118.0 109.0
118.0 121.0
118.0 127.0
118.0 148.0
118.0 159.0
118.0 166.0
118.0 169.0
118.0 171.0
118.0 177.0
118.0 180.0
118.0 192.0
118.0 194.0
118.0 195.0
118.0 196.0
118.0 197.0
118.0 198.0
118.0 200.0
119.0 106.0
119.0 114.0
119.0 130.0
119.0 133.0
119.0 140.0
119.0 143.0
119.0 156.0
119.0 162.0
119.0 163.0
119.0 165.0
119.0 167.0
119.0 173.0
119.0 179.0
119.0 183.0
119.0 186.0
119.0 189.0
119.0 191.0
119.0 199.0
120.0 133.0
120.0 146.0
120.0 147.0
120.0 153.0
120.0 156.0
120.0 160.0
120.0 162.0
120.0 163.0
120.0 165.0
120.0 167.0
120.0 173.0
120.0 176.0
120.0 179.0
120.0 186.0
120.0 189.0
120.0 191.0
120.0 197.0
120.0 199.0
121.0 101.0
121.0 108.0
121.0 113.0
121.0 118.0
121.0 134.0
121.0 137.0
121.0 168.0
121.0 170.0
121.0 171.0
121.0 180.0
121.0 181.0
121.0 192.0
121.0 194.0
121.0 195.0
121.0 196.0
121.0 197.0
121.0 198.0
121.0 200.0
122.0 109.0
122.0 116.0
122.0 123.0
122.0 127.0
122.0 129.0
122.0 130.0
122.0 132.0
122.0 135.0
122.0 136.0
122.0 139.0
122.0 141.0
122.0 142.0
122.0 144.0
122.0 150.0
122.0 151.0
122.0 152.0
122.0 155.0
122.0 158.0
123.0 105.0
123.0 112.0
123.0 115.0
123.0 116.0
123.0 122.0
123.0 127.0
123.0 129.0
123.0 131.0
123.0 132.0
123.0 135.0
123.0 136.0
123.0 142.0
123.0 144.0
123.0 150.0
123.0 151.0
123.0 152.0
123.0 155.0
123.0 158.0
124.0 102.0
124.0 112.0
124.0 117.0
124.0 126.0
124.0 128.0
124.0 134.0
124.0 157.0
124.0 172.0
124.0 174.0
124.0 175.0
124.0 178.0
124.0 182.0
124.0 184.0
124.0 185.0
124.0 187.0
124.0 188.0
124.0 190.0
124.0 193.0
125.0 110.0
125.0 111.0
125.0 112.0
125.0 128.0
125.0 145.0
125.0 154.0
125.0 157.0
125.0 161.0
125.0 172.0
125.0 174.0
125.0 178.0
125.0 182.0
125.0 184.0
125.0 185.0
125.0 187.0
125.0 188.0
125.0 190.0
125.0 193.0
126.0 110.0
126.0 111.0
126.0 112.0
126.0 117.0
126.0 124.0
126.0 134.0
126.0 137.0
126.0 157.0
126.0 161.0
126.0 174.0
126.0 175.0
126.0 182.0
126.0 184.0
126.0 185.0
126.0 187.0
126.0 188.0
126.0 190.0
126.0 193.0
127.0 105.0
127.0 115.0
127.0 118.0
127.0 122.0
127.0 123.0
127.0 130.0
127.0 131.0
127.0 132.0
127.0 135.0
127.0 139.0
127.0 141.0
127.0 142.0
127.0 144.0
127.0 150.0
127.0 151.0
127.0 152.0
127.0 155.0
127.0 158.0
128.0 102.0
128.0 111.0
128.0 112.0
128.0 124.0
128.0 125.0
128.0 145.0
128.0 151.0
128.0 154.0
128.0 157.0
128.0 172.0
128.0 175.0
128.0 182.0
128.0 184.0
128.0 185.0
128.0 187.0
128.0 188.0
128.0 190.0
128.0 193.0
129.0 105.0
129.0 110.0
129.0 115.0
129.0 116.0
129.0 122.0
129.0 123.0
129.0 130.0
129.0 132.0
129.0 135.0
129.0 136.0
129.0 139.0
129.0 141.0
129.0 142.0
129.0 144.0
129.0 150.0
129.0 151.0
129.0 152.0
129.0 155.0
129.0 158.0
130.0 105.0
130.0 115.0
130.0 116.0
130.0 119.0
130.0 122.0
130.0 127.0
130.0 129.0
130.0 131.0
130.0 135.0
130.0 136.0
130.0 139.0
130.0 141.0
130.0 142.0
130.0 144.0
130.0 150.0
130.0 151.0
130.0 152.0
130.0 155.0
130.0 158.0
131.0 105.0
131.0 115.0
131.0 116.0
131.0 123.0
131.0 127.0
131.0 130.0
131.0 132.0
131.0 135.0
131.0 136.0
131.0 138.0
131.0 139.0
131.0 141.0
131.0 142.0
131.0 144.0
131.0 150.0
131.0 151.0
131.0 152.0
131.0 155.0
131.0 158.0
132.0 105.0
132.0 113.0
132.0 115.0
132.0 116.0
132.0 122.0
132.0 123.0
132.0 127.0
132.0 129.0
132.0 131.0
132.0 135.0
132.0 136.0
132.0 139.0
132.0 141.0
132.0 142.0
132.0 150.0
132.0 151.0
132.0 152.0
132.0 155.0
132.0 158.0
133.0 114.0
133.0 119.0
133.0 120.0
133.0 146.0
133.0 147.0
133.0 149.0
133.0 156.0
133.0 163.0
133.0 165.0
133.0 167.0
133.0 173.0
133.0 176.0
133.0 179.0
133.0 182.0
133.0 183.0
133.0 186.0
133.0 189.0
133.0 191.0
133.0 199.0
134.0 102.0
134.0 110.0
134.0 121.0
134.0 124.0
134.0 126.0
134.0 154.0
134.0 157.0
134.0 161.0
134.0 172.0
134.0 174.0
134.0 175.0
134.0 178.0
134.0 182.0
134.0 184.0
134.0 185.0
134.0 187.0
134.0 188.0
134.0 190.0
134.0 193.0
135.0 115.0
135.0 116.0
135.0 122.0
135.0 123.0
135.0 127.0
135.0 129.0
135.0 130.0
135.0 131.0
135.0 132.0
135.0 136.0
135.0 139.0
135.0 141.0
135.0 142.0
135.0 144.0
135.0 150.0
135.0 151.0
135.0 152.0
135.0 155.0
135.0 193.0
136.0 101.0
136.0 105.0
136.0 115.0
136.0 116.0
136.0 122.0
136.0 123.0
136.0 129.0
136.0 130.0
136.0 131.0
136.0 132.0
136.0 135.0
136.0 139.0
136.0 141.0
136.0 144.0
136.0 150.0
136.0 151.0
136.0 152.0
136.0 155.0
136.0 158.0
137.0 101.0
137.0 108.0
137.0 113.0
137.0 121.0
137.0 126.0
137.0 138.0
137.0 159.0
137.0 164.0
137.0 169.0
137.0 170.0
137.0 177.0
137.0 181.0
137.0 192.0
137.0 194.0
137.0 195.0
137.0 196.0
137.0 197.0
137.0 198.0
137.0 200.0
138.0 103.0
138.0 104.0
138.0 113.0
138.0 131.0
138.0 137.0
138.0 148.0
138.0 164.0
138.0 166.0
138.0 169.0
138.0 170.0
138.0 171.0
138.0 177.0
138.0 180.0
138.0 181.0
138.0 192.0
138.0 196.0
138.0 197.0
138.0 198.0
138.0 200.0
139.0 105.0
139.0 115.0
139.0 122.0
139.0 127.0
139.0 129.0
139.0 130.0
139.0 131.0
139.0 132.0
139.0 135.0
139.0 136.0
139.0 141.0
139.0 142.0
139.0 144.0
139.0 150.0
139.0 151.0
139.0 152.0
139.0 155.0
139.0 158.0
139.0 194.0
140.0 106.0
140.0 107.0
140.0 114.0
140.0 119.0
140.0 143.0
140.0 146.0
140.0 149.0
140.0 153.0
140.0 160.0
140.0 163.0
140.0 165.0
140.0 166.0
140.0 173.0
140.0 176.0
140.0 179.0
140.0 183.0
140.0 186.0
140.0 189.0
140.0 191.0
140.0 199.0
141.0 105.0
141.0 115.0
141.0 116.0
141.0 122.0
141.0 127.0
141.0 129.0
141.0 130.0
141.0 131.0
141.0 132.0
141.0 135.0
141.0 136.0
141.0 139.0
141.0 142.0
141.0 144.0
141.0 150.0
141.0 151.0
141.0 152.0
141.0 155.0
141.0 158.0
141.0 160.0
142.0 105.0
142.0 115.0
142.0 116.0
142.0 122.0
142.0 123.0
142.0 127.0
142.0 129.0
142.0 130.0
142.0 131.0
142.0 132.0
142.0 135.0
142.0 139.0
142.0 141.0
142.0 144.0
142.0 150.0
142.0 151.0
142.0 152.0
142.0 155.0
142.0 158.0
142.0 174.0
143.0 114.0
143.0 119.0
143.0 140.0
143.0 146.0
143.0 147.0
143.0 149.0
143.0 153.0
143.0 156.0
143.0 160.0
143.0 162.0
143.0 163.0
143.0 165.0
143.0 167.0
143.0 176.0
143.0 179.0
143.0 183.0
143.0 189.0
143.0 191.0
143.0 195.0
143.0 199.0
144.0 105.0
144.0 106.0
144.0 115.0
144.0 116.0
144.0 122.0
144.0 123.0
144.0 127.0
144.0 129.0
144.0 130.0
144.0 131.0
144.0 135.0
144.0 136.0
144.0 139.0
144.0 141.0
144.0 142.0
144.0 150.0
144.0 151.0
144.0 152.0
144.0 155.0
144.0 158.0
145.0 110.0
145.0 111.0
145.0 117.0
145.0 125.0
145.0 128.0
145.0 154.0
145.0 157.0
145.0 161.0
145.0 172.0
145.0 174.0
145.0 175.0
145.0 178.0
145.0 182.0
145.0 183.0
145.0 184.0
145.0 185.0
145.0 187.0
145.0 188.0
145.0 190.0
145.0 193.0
146.0 102.0
146.0 107.0
146.0 120.0
146.0 133.0
146.0 140.0
146.0 143.0
146.0 147.0
146.0 149.0
146.0 153.0
146.0 156.0
146.0 162.0
146.0 163.0
146.0 165.0
146.0 173.0
146.0 176.0
146.0 179.0
146.0 183.0
146.0 186.0
146.0 189.0
146.0 191.0
147.0 106.0
147.0 120.0
147.0 133.0
147.0 143.0
147.0 146.0
147.0 149.0
147.0 153.0
147.0 157.0
147.0 160.0
147.0 162.0
147.0 163.0
147.0 165.0
147.0 167.0
147.0 173.0
147.0 179.0
147.0 183.0
147.0 186.0
147.0 189.0
147.0 191.0
147.0 199.0
148.0 101.0
148.0 108.0
148.0 113.0
148.0 118.0
148.0 138.0
148.0 159.0
148.0 164.0
148.0 165.0
148.0 168.0
148.0 169.0
148.0 170.0
148.0 171.0
148.0 177.0
148.0 180.0
148.0 181.0
148.0 192.0
148.0 194.0
148.0 195.0
148.0 197.0
148.0 198.0
148.0 200.0
149.0 107.0
149.0 114.0
149.0 133.0
149.0 140.0
149.0 143.0
149.0 146.0
149.0 147.0
149.0 153.0
149.0 156.0
149.0 160.0
149.0 162.0
149.0 163.0
149.0 165.0
149.0 173.0
149.0 176.0
149.0 179.0
149.0 186.0
149.0 189.0
149.0 190.0
149.0 191.0
149.0 199.0
150.0 105.0
150.0 115.0
150.0 116.0
150.0 122.0
150.0 123.0
150.0 127.0
150.0 129.0
150.0 130.0
150.0 131.0
150.0 132.0
150.0 135.0
150.0 136.0
150.0 139.0
150.0 141.0
150.0 142.0
150.0 144.0
150.0 151.0
150.0 152.0
150.0 155.0
150.0 158.0
150.0 171.0
151.0 105.0
151.0 115.0
151.0 116.0
151.0 122.0
151.0 123.0
151.0 127.0
151.0 128.0
151.0 129.0
151.0 130.0
151.0 131.0
151.0 132.0
151.0 135.0
151.0 136.0
151.0 139.0
151.0 141.0
151.0 142.0
151.0 144.0
151.0 150.0
151.0 152.0
151.0 155.0
151.0 158.0
152.0 105.0
152.0 115.0
152.0 116.0
152.0 122.0
152.0 123.0
152.0 127.0
152.0 129.0
152.0 130.0
152.0 131.0
152.0 132.0
152.0 135.0
152.0 136.0
152.0 139.0
152.0 141.0
152.0 142.0
152.0 144.0
152.0 150.0
152.0 151.0
152.0 155.0
152.0 158.0
152.0 184.0
153.0 106.0
153.0 114.0
153.0 120.0
153.0 140.0
153.0 143.0
153.0 146.0
153.0 147.0
153.0 149.0
153.0 154.0
153.0 160.0
153.0 162.0
153.0 163.0
153.0 165.0
153.0 173.0
153.0 176.0
153.0 179.0
153.0 183.0
153.0 186.0
153.0 189.0
153.0 191.0
153.0 199.0
154.0 102.0
154.0 112.0
154.0 117.0
154.0 125.0
154.0 128.0
154.0 134.0
154.0 145.0
154.0 153.0
154.0 157.0
154.0 161.0
154.0 172.0
154.0 174.0
154.0 175.0
154.0 178.0
154.0 182.0
154.0 184.0
154.0 185.0
154.0 187.0
154.0 188.0
154.0 190.0
154.0 193.0
155.0 105.0
155.0 115.0
155.0 116.0
155.0 122.0
155.0 123.0
155.0 127.0
155.0 129.0
155.0 130.0
155.0 131.0
155.0 132.0
155.0 135.0
155.0 136.0
155.0 139.0
155.0 141.0
155.0 142.0
155.0 144.0
155.0 150.0
155.0 151.0
155.0 152.0
155.0 158.0
155.0 196.0
156.0 106.0
156.0 114.0
156.0 119.0
156.0 120.0
156.0 133.0
156.0 143.0
156.0 146.0
156.0 149.0
156.0 160.0
156.0 162.0
156.0 163.0
156.0 167.0
156.0 173.0
156.0 176.0
156.0 179.0
156.0 183.0
156.0 186.0
156.0 188.0
156.0 189.0
156.0 191.0
156.0 199.0
157.0 110.0
157.0 112.0
157.0 124.0
157.0 125.0
157.0 126.0
157.0 128.0
157.0 134.0
157.0 145.0
157.0 147.0
157.0 154.0
157.0 161.0
157.0 174.0
157.0 175.0
157.0 178.0
157.0 182.0
157.0 184.0
157.0 185.0
157.0 187.0
157.0 188.0
157.0 190.0
157.0 193.0
158.0 105.0
158.0 115.0
158.0 116.0
158.0 122.0
158.0 123.0
158.0 127.0
158.0 129.0
158.0 130.0
158.0 131.0
158.0 132.0
158.0 136.0
158.0 139.0
158.0 141.0
158.0 142.0
158.0 144.0
158.0 150.0
158.0 151.0
158.0 152.0
158.0 155.0
158.0 159.0
158.0 172.0
159.0 101.0
159.0 104.0
159.0 113.0
159.0 118.0
159.0 137.0
159.0 148.0
159.0 158.0
159.0 164.0
159.0 166.0
159.0 168.0
159.0 169.0
159.0 170.0
159.0 171.0
159.0 177.0
159.0 180.0
159.0 181.0
159.0 192.0
159.0 195.0
159.0 196.0
159.0 197.0
159.0 198.0
159.0 200.0
160.0 107.0
160.0 114.0
160.0 120.0
160.0 140.0
160.0 141.0
160.0 143.0
160.0 147.0
160.0 149.0
160.0 153.0
160.0 156.0
160.0 162.0
160.0 163.0
160.0 165.0
160.0 167.0
160.0 173.0
160.0 176.0
160.0 179.0
160.0 183.0
160.0 186.0
160.0 189.0
160.0 191.0
160.0 199.0
161.0 110.0
161.0 111.0
161.0 117.0
161.0 125.0
161.0 126.0
161.0 134.0
161.0 145.0
161.0 154.0
161.0 157.0
161.0 172.0
161.0 174.0
161.0 175.0
161.0 178.0
161.0 179.0
161.0 182.0
161.0 184.0
161.0 185.0
161.0 187.0
161.0 188.0
161.0 190.0
161.0 193.0
161.0 194.0
162.0 104.0
162.0 106.0
162.0 107.0
162.0 114.0
162.0 119.0
162.0 120.0
162.0 143.0
162.0 146.0
162.0 147.0
162.0 149.0
162.0 153.0
162.0 156.0
162.0 160.0
162.0 165.0
162.0 167.0
162.0 173.0
162.0 176.0
162.0 183.0
162.0 186.0
162.0 189.0
162.0 191.0
162.0 199.0
163.0 105.0
163.0 107.0
163.0 119.0
163.0 120.0
163.0 133.0
163.0 140.0
163.0 143.0
163.0 146.0
163.0 147.0
163.0 149.0
163.0 153.0
163.0 156.0
163.0 160.0
163.0 167.0
163.0 173.0
163.0 176.0
163.0 179.0
163.0 183.0
163.0 186.0
163.0 189.0
163.0 191.0
163.0 199.0
164.0 103.0
164.0 104.0
164.0 109.0
164.0 113.0
164.0 137.0
164.0 138.0
164.0 148.0
164.0 159.0
164.0 166.0
164.0 168.0
164.0 169.0
164.0 177.0
164.0 180.0
164.0 181.0
164.0 187.0
164.0 192.0
164.0 194.0
164.0 195.0
164.0 196.0
164.0 197.0
164.0 198.0
164.0 200.0
165.0 106.0
165.0 107.0
165.0 119.0
165.0 120.0
165.0 133.0
165.0 140.0
165.0 143.0
165.0 146.0
165.0 147.0
165.0 148.0
165.0 149.0
165.0 153.0
165.0 160.0
165.0 162.0
165.0 167.0
165.0 176.0
165.0 179.0
165.0 183.0
165.0 186.0
165.0 189.0
165.0 191.0
165.0 199.0
166.0 101.0
166.0 104.0
166.0 108.0
166.0 109.0
166.0 113.0
166.0 118.0
166.0 138.0
166.0 140.0
166.0 159.0
166.0 164.0
166.0 168.0
166.0 169.0
166.0 170.0
166.0 171.0
166.0 177.0
166.0 180.0
166.0 181.0
166.0 194.0
166.0 195.0
166.0 196.0
166.0 198.0
166.0 200.0
167.0 106.0
167.0 107.0
167.0 114.0
167.0 119.0
167.0 120.0
167.0 133.0
167.0 143.0
167.0 147.0
167.0 156.0
167.0 160.0
167.0 162.0
167.0 163.0
167.0 165.0
167.0 173.0
167.0 176.0
167.0 177.0
167.0 179.0
167.0 183.0
167.0 186.0
167.0 189.0
167.0 191.0
167.0 199.0
168.0 101.0
168.0 103.0
168.0 104.0
168.0 107.0
168.0 108.0
168.0 109.0
168.0 113.0
168.0 121.0
168.0 148.0
168.0 159.0
168.0 164.0
168.0 166.0
168.0 169.0
168.0 170.0
168.0 171.0
168.0 180.0
168.0 192.0
168.0 194.0
168.0 195.0
168.0 196.0
168.0 197.0
168.0 198.0
168.0 200.0
169.0 103.0
169.0 104.0
169.0 109.0
169.0 111.0
169.0 118.0
169.0 137.0
169.0 138.0
169.0 148.0
169.0 159.0
169.0 164.0
169.0 166.0
169.0 168.0
169.0 171.0
169.0 177.0
169.0 180.0
169.0 181.0
169.0 192.0
169.0 194.0
169.0 195.0
169.0 196.0
169.0 197.0
169.0 198.0
169.0 200.0
170.0 101.0
170.0 103.0
170.0 104.0
170.0 109.0
170.0 121.0
170.0 137.0
170.0 138.0
170.0 148.0
170.0 159.0
170.0 166.0
170.0 168.0
170.0 171.0
170.0 177.0
170.0 180.0
170.0 181.0
170.0 185.0
170.0 192.0
170.0 194.0
170.0 195.0
170.0 196.0
170.0 197.0
170.0 198.0
170.0 200.0
171.0 101.0
171.0 108.0
171.0 113.0
171.0 118.0
171.0 121.0
171.0 138.0
171.0 148.0
171.0 150.0
171.0 159.0
171.0 166.0
171.0 168.0
171.0 169.0
171.0 170.0
171.0 177.0
171.0 180.0
171.0 181.0
171.0 192.0
171.0 194.0
171.0 195.0
171.0 196.0
171.0 197.0
171.0 198.0
171.0 200.0
172.0 102.0
172.0 110.0
172.0 111.0
172.0 112.0
172.0 117.0
172.0 124.0
172.0 125.0
172.0 128.0
172.0 134.0
172.0 145.0
172.0 154.0
172.0 158.0
172.0 161.0
172.0 174.0
172.0 175.0
172.0 178.0
172.0 182.0
172.0 184.0
172.0 185.0
172.0 187.0
172.0 188.0
172.0 190.0
172.0 193.0
173.0 103.0
173.0 106.0
173.0 107.0
173.0 114.0
173.0 119.0
173.0 120.0
173.0 133.0
173.0 140.0
173.0 146.0
173.0 147.0
173.0 149.0
173.0 153.0
173.0 156.0
173.0 160.0
173.0 162.0
173.0 163.0
173.0 167.0
173.0 176.0
173.0 183.0
173.0 186.0
173.0 189.0
173.0 191.0
173.0 199.0
174.0 102.0
174.0 111.0
174.0 112.0
174.0 117.0
174.0 124.0
174.0 125.0
174.0 126.0
174.0 134.0
174.0 142.0
174.0 145.0
174.0 154.0
174.0 157.0
174.0 161.0
174.0 172.0
174.0 175.0
174.0 178.0
174.0 182.0
174.0 184.0
174.0 185.0
174.0 187.0
174.0 188.0
174.0 190.0
174.0 193.0
175.0 102.0
175.0 110.0
175.0 111.0
175.0 112.0
175.0 116.0
175.0 124.0
175.0 126.0
175.0 128.0
175.0 134.0
175.0 145.0
175.0 154.0
175.0 157.0
175.0 161.0
175.0 172.0
175.0 174.0
175.0 178.0
175.0 182.0
175.0 184.0
175.0 185.0
175.0 187.0
175.0 188.0
175.0 190.0
175.0 193.0
176.0 106.0
176.0 107.0
176.0 120.0
176.0 133.0
176.0 140.0
176.0 143.0
176.0 146.0
176.0 149.0
176.0 153.0
176.0 156.0
176.0 160.0
176.0 162.0
176.0 163.0
176.0 165.0
176.0 167.0
176.0 173.0
176.0 178.0
176.0 179.0
176.0 183.0
176.0 186.0
176.0 189.0
176.0 191.0
176.0 199.0
177.0 101.0
177.0 103.0
177.0 109.0
177.0 118.0
177.0 137.0
177.0 138.0
177.0 148.0
177.0 159.0
177.0 164.0
177.0 166.0
177.0 167.0
177.0 169.0
177.0 170.0
177.0 171.0
177.0 180.0
177.0 181.0
177.0 192.0
177.0 194.0
177.0 195.0
177.0 196.0
177.0 197.0
177.0 198.0
177.0 200.0
178.0 102.0
178.0 110.0
178.0 111.0
178.0 112.0
178.0 117.0
178.0 124.0
178.0 125.0
178.0 134.0
178.0 145.0
178.0 154.0
178.0 157.0
178.0 161.0
178.0 172.0
178.0 174.0
178.0 175.0
178.0 176.0
178.0 182.0
178.0 184.0
178.0 185.0
178.0 186.0
178.0 187.0
178.0 188.0
178.0 190.0
178.0 193.0
179.0 106.0
179.0 107.0
179.0 114.0
179.0 119.0
179.0 120.0
179.0 133.0
179.0 140.0
179.0 143.0
179.0 146.0
179.0 147.0
179.0 149.0
179.0 153.0
179.0 156.0
179.0 160.0
179.0 161.0
179.0 163.0
179.0 165.0
179.0 167.0
179.0 176.0
179.0 183.0
179.0 186.0
179.0 189.0
179.0 191.0
179.0 199.0
180.0 101.0
180.0 103.0
180.0 108.0
180.0 109.0
180.0 113.0
180.0 118.0
180.0 121.0
180.0 138.0
180.0 148.0
180.0 159.0
180.0 164.0
180.0 166.0
180.0 168.0
180.0 169.0
180.0 170.0
180.0 171.0
180.0 177.0
180.0 181.0
180.0 190.0
180.0 192.0
180.0 194.0
180.0 195.0
180.0 197.0
180.0 200.0
181.0 101.0
181.0 104.0
181.0 108.0
181.0 109.0
181.0 121.0
181.0 137.0
181.0 138.0
181.0 148.0
181.0 159.0
181.0 164.0
181.0 166.0
181.0 169.0
181.0 170.0
181.0 171.0
181.0 177.0
181.0 180.0
181.0 191.0
181.0 192.0
181.0 194.0
181.0 195.0
181.0 196.0
181.0 197.0
181.0 198.0
181.0 200.0
182.0 102.0
182.0 110.0
182.0 111.0
182.0 117.0
182.0 124.0
182.0 125.0
182.0 126.0
182.0 128.0
182.0 133.0
182.0 134.0
182.0 145.0
182.0 154.0
182.0 157.0
182.0 161.0
182.0 172.0
182.0 174.0
182.0 175.0
182.0 178.0
182.0 184.0
182.0 185.0
182.0 187.0
182.0 188.0
182.0 190.0
182.0 193.0
183.0 106.0
183.0 107.0
183.0 114.0
183.0 119.0
183.0 133.0
183.0 140.0
183.0 143.0
183.0 145.0
183.0 146.0
183.0 147.0
183.0 153.0
183.0 156.0
183.0 160.0
183.0 162.0
183.0 163.0
183.0 165.0
183.0 167.0
183.0 173.0
183.0 176.0
183.0 179.0
183.0 186.0
183.0 189.0
183.0 191.0
183.0 199.0
184.0 102.0
184.0 110.0
184.0 111.0
184.0 112.0
184.0 117.0
184.0 124.0
184.0 125.0
184.0 126.0
184.0 128.0
184.0 134.0
184.0 145.0
184.0 152.0
184.0 154.0
184.0 157.0
184.0 161.0
184.0 172.0
184.0 174.0
184.0 175.0
184.0 178.0
184.0 182.0
184.0 185.0
184.0 187.0
184.0 188.0
184.0 190.0
184.0 193.0
185.0 102.0
185.0 110.0
185.0 111.0
185.0 112.0
185.0 117.0
185.0 124.0
185.0 125.0
185.0 126.0
185.0 128.0
185.0 134.0
185.0 145.0
185.0 154.0
185.0 157.0
185.0 161.0
185.0 170.0
185.0 172.0
185.0 174.0
185.0 175.0
185.0 178.0
185.0 182.0
185.0 184.0
185.0 187.0
185.0 188.0
185.0 190.0
185.0 193.0
186.0 106.0
186.0 107.0
186.0 114.0
186.0 119.0
186.0 120.0
186.0 133.0
186.0 140.0
186.0 146.0
186.0 147.0
186.0 149.0
186.0 153.0
186.0 156.0
186.0 160.0
186.0 162.0
186.0 163.0
186.0 165.0
186.0 167.0
186.0 173.0
186.0 176.0
186.0 178.0
186.0 179.0
186.0 183.0
186.0 189.0
186.0 191.0
186.0 199.0
187.0 102.0
187.0 110.0
187.0 111.0
187.0 112.0
187.0 117.0
187.0 124.0
187.0 125.0
187.0 126.0
187.0 128.0
187.0 134.0
187.0 145.0
187.0 154.0
187.0 157.0
187.0 161.0
187.0 164.0
187.0 172.0
187.0 174.0
187.0 175.0
187.0 178.0
187.0 182.0
187.0 184.0
187.0 185.0
187.0 188.0
187.0 190.0
187.0 193.0
188.0 102.0
188.0 110.0
188.0 112.0
188.0 117.0
188.0 124.0
188.0 125.0
188.0 126.0
188.0 128.0
188.0 134.0
188.0 145.0
188.0 154.0
188.0 156.0
188.0 157.0
188.0 161.0
188.0 172.0
188.0 174.0
188.0 175.0
188.0 178.0
188.0 182.0
188.0 184.0
188.0 185.0
188.0 187.0
188.0 190.0
188.0 193.0
188.0 200.0
189.0 106.0
189.0 107.0
189.0 114.0
189.0 119.0
189.0 120.0
189.0 133.0
189.0 140.0
189.0 143.0
189.0 146.0
189.0 147.0
189.0 149.0
189.0 153.0
189.0 156.0
189.0 160.0
189.0 162.0
189.0 163.0
189.0 165.0
189.0 167.0
189.0 173.0
189.0 176.0
189.0 179.0
189.0 183.0
189.0 186.0
189.0 191.0
189.0 199.0
190.0 110.0
190.0 111.0
190.0 112.0
190.0 117.0
190.0 124.0
190.0 125.0
190.0 126.0
190.0 128.0
190.0 134.0
190.0 145.0
190.0 149.0
190.0 154.0
190.0 157.0
190.0 161.0
190.0 172.0
190.0 174.0
190.0 175.0
190.0 178.0
190.0 180.0
190.0 182.0
190.0 184.0
190.0 185.0
190.0 187.0
190.0 188.0
190.0 193.0
191.0 106.0
191.0 114.0
191.0 119.0
191.0 120.0
191.0 133.0
191.0 140.0
191.0 143.0
191.0 146.0
191.0 147.0
191.0 149.0
191.0 153.0
191.0 156.0
191.0 160.0
191.0 162.0
191.0 163.0
191.0 165.0
191.0 167.0
191.0 173.0
191.0 176.0
191.0 179.0
191.0 181.0
191.0 183.0
191.0 186.0
191.0 189.0
191.0 199.0
192.0 101.0
192.0 103.0
192.0 109.0
192.0 113.0
192.0 117.0
192.0 118.0
192.0 121.0
192.0 137.0
192.0 138.0
192.0 148.0
192.0 159.0
192.0 164.0
192.0 168.0
192.0 169.0
192.0 170.0
192.0 171.0
192.0 177.0
192.0 180.0
192.0 181.0
192.0 194.0
192.0 195.0
192.0 196.0
192.0 197.0
192.0 198.0
192.0 200.0
193.0 102.0
193.0 108.0
193.0 110.0
193.0 111.0
193.0 117.0
193.0 124.0
193.0 125.0
193.0 126.0
193.0 128.0
193.0 134.0
193.0 135.0
193.0 145.0
193.0 154.0
193.0 157.0
193.0 161.0
193.0 172.0
193.0 174.0
193.0 175.0
193.0 178.0
193.0 182.0
193.0 184.0
193.0 185.0
193.0 187.0
193.0 188.0
193.0 190.0
194.0 101.0
194.0 103.0
194.0 104.0
194.0 109.0
194.0 118.0
194.0 121.0
194.0 137.0
194.0 139.0
194.0 148.0
194.0 161.0
194.0 164.0
194.0 166.0
194.0 168.0
194.0 169.0
194.0 170.0
194.0 171.0
194.0 177.0
194.0 180.0
194.0 181.0
194.0 192.0
194.0 195.0
194.0 196.0
194.0 197.0
194.0 198.0
194.0 200.0
195.0 101.0
195.0 108.0
195.0 109.0
195.0 113.0
195.0 118.0
195.0 121.0
195.0 137.0
195.0 143.0
195.0 148.0
195.0 159.0
195.0 164.0
195.0 166.0
195.0 168.0
195.0 169.0
195.0 170.0
195.0 171.0
195.0 177.0
195.0 180.0
195.0 181.0
195.0 192.0
195.0 194.0
195.0 196.0
195.0 197.0
195.0 198.0
195.0 200.0
196.0 101.0
196.0 103.0
196.0 104.0
196.0 108.0
196.0 109.0
196.0 113.0
196.0 118.0
196.0 121.0
196.0 137.0
196.0 138.0
196.0 155.0
196.0 159.0
196.0 164.0
196.0 166.0
196.0 168.0
196.0 169.0
196.0 170.0
196.0 171.0
196.0 177.0
196.0 181.0
196.0 192.0
196.0 194.0
196.0 195.0
196.0 197.0
196.0 198.0
196.0 199.0
197.0 103.0
197.0 104.0
197.0 108.0
197.0 109.0
197.0 113.0
197.0 118.0
197.0 120.0
197.0 121.0
197.0 137.0
197.0 138.0
197.0 148.0
197.0 159.0
197.0 164.0
197.0 168.0
197.0 169.0
197.0 170.0
197.0 171.0
197.0 177.0
197.0 180.0
197.0 181.0
197.0 192.0
197.0 194.0
197.0 195.0
197.0 196.0
197.0 198.0
197.0 200.0
198.0 101.0
198.0 103.0
198.0 104.0
198.0 108.0
198.0 113.0
198.0 118.0
198.0 121.0
198.0 137.0
198.0 138.0
198.0 148.0
198.0 159.0
198.0 164.0
198.0 166.0
198.0 168.0
198.0 169.0
198.0 170.0
198.0 171.0
198.0 177.0
198.0 181.0
198.0 192.0
198.0 194.0
198.0 195.0
198.0 196.0
198.0 197.0
198.0 199.0
198.0 200.0
199.0 106.0
199.0 107.0
199.0 114.0
199.0 119.0
199.0 120.0
199.0 133.0
199.0 140.0
199.0 143.0
199.0 147.0
199.0 149.0
199.0 153.0
199.0 156.0
199.0 160.0
199.0 162.0
199.0 163.0
199.0 165.0
199.0 167.0
199.0 173.0
199.0 176.0
199.0 179.0
199.0 183.0
199.0 186.0
199.0 189.0
199.0 191.0
199.0 196.0
199.0 198.0
200.0 103.0
200.0 104.0
200.0 108.0
200.0 109.0
200.0 113.0
200.0 118.0
200.0 121.0
200.0 137.0
200.0 138.0
200.0 148.0
200.0 159.0
200.0 164.0
200.0 166.0
200.0 168.0
200.0 169.0
200.0 170.0
200.0 171.0
200.0 177.0
200.0 180.0
200.0 181.0
200.0 188.0
200.0 192.0
200.0 194.0
200.0 195.0
200.0 197.0
200.0 198.0
1
1 2
35
79 106.0
60 114.0
19 156.0
40 146.0
86 176.0
53 140.0
47 160.0
99 119.0
57 193.0
26 134.0
72 145.0
28 117.0
54 184.0
61 178.0
93 128.0
78 110.0
48 170.0
68 198.0
92 200.0
69 118.0
8 194.0
37 180.0
94 108.0
95 169.0
37 178.0
94 145.0
53 108.0
28 108.0
19 169.0
57 156.0
60 134.0
54 146.0
26 119.0
78 180.0
28 176.0
5
6 7 14 19 20 33 40 43 46 47 49 53 56 60 62 63 65 67 73 76 79 83 86 89 91 99 106.0 107.0 114.0 119.0 120.0 133.0 140.0 143.0 146.0 147.0 149.0 153.0 156.0 160.0 162.0 163.0 165.0 167.0 173.0 176.0 179.0 183.0 186.0 189.0 191.0 199.0 
2 10 11 12 17 24 25 26 28 34 45 54 57 61 72 74 75 78 82 84 85 87 88 90 93 102.0 110.0 111.0 112.0 117.0 124.0 125.0 126.0 128.0 134.0 145.0 154.0 157.0 161.0 172.0 174.0 175.0 178.0 182.0 184.0 185.0 187.0 188.0 190.0 193.0 
1 3 4 8 9 13 18 21 37 38 48 59 64 66 68 69 70 71 77 80 81 92 94 95 96 97 98 100 101.0 103.0 104.0 108.0 109.0 113.0 118.0 121.0 137.0 138.0 148.0 159.0 164.0 166.0 168.0 169.0 170.0 171.0 177.0 180.0 181.0 192.0 194.0 195.0 196.0 197.0 198.0 200.0 
5 15 16 22 23 27 29 30 31 32 35 36 39 41 42 44 50 51 52 55 58
105.0 115.0 116.0 122.0 123.0 127.0 129.0 130.0 131.0 132.0 135.0 136.0 139.0 141.0 142.0 144.0 150.0 151.0 152.0 155.0 158.0
