2
1 2 3 4 5 6 7 8 9 10 11 12 13 14 15 16 17 18 19 20 21 22 23 24 25 26 27 28 29 30 31 32 33 34 35 36 37 38 39 40 41 42 43 44 45 46 47 48 49 50 51 52 53 54 55 56 57 58 59 60 61 62 63 64 65 66 67 68 69 70 71 72 73 74 75 76 77 78 79 80 81 82 83 84 85 86 87 88 89 90 91 92 93 94 95 96 97 98 99 100
1530
1 3
1 4
1 12
1 14
1 15
1 26
1 36
1 42
1 44
1 47
1 52
1 56
2 17
2 20
2 31
2 34
2 45
2 46
2 49
2 51
2 54
2 58
2 61
2 65
3 1
3 12
3 22
3 26
3 28
3 36
3 42
3 44
3 47
3 52
3 56
3 98
4 1
4 14
4 15
4 22
4 26
4 28
4 36
4 42
4 44
4 47
4 52
4 56
5 6
5 13
5 21
5 24
5 25
5 29
5 30
5 35
5 37
5 38
5 43
5 70
6 5
6 21
6 23
6 24
6 25
6 27
6 29
6 35
6 37
6 38
6 43
6 78
7 32
7 33
7 40
7 41
7 50
7 53
7 55
7 59
7 62
7 63
7 64
7 79
8 9
8 17
8 34
8 45
8 46
8 49
8 51
8 54
8 58
8 61
8 65
8 73
9 8
9 19
9 20
9 31
9 45
9 46
9 49
9 51
9 54
9 58
9 61
9 65
10 18
10 33
10 39
10 40
10 50
10 53
10 55
10 59
10 62
10 63
10 64
10 89
11 66
11 72
11 80
11 86
11 88
11 94
11 95
11 96
11 97
11 98
11 99
11 100
12 1
12 3
12 14
12 15
12 22
12 28
12 36
12 42
12 44
12 47
12 52
12 56
13 5
13 21
13 23
13 24
13 25
13 27
13 29
13 30
13 35
13 37
13 38
13 43
14 1
14 4
14 12
14 22
14 26
14 28
14 36
14 42
14 44
14 47
14 52
14 56
15 1
15 4
15 12
15 22
15 26
15 28
15 36
15 42
15 44
15 47
15 52
15 56
16 30
16 32
16 33
16 39
16 40
16 50
16 53
16 55
16 59
16 62
16 63
16 64
17 2
17 8
17 19
17 20
17 31
17 34
17 46
17 49
17 51
17 54
17 58
17 61
17 65
18 10
18 20
18 32
18 39
18 40
18 41
18 50
18 53
18 55
18 59
18 62
18 63
18 64
19 9
19 17
19 20
19 31
19 34
19 45
19 46
19 49
19 51
19 54
19 58
19 61
19 65
20 2
20 9
20 17
20 18
20 19
20 31
20 34
20 46
20 49
20 54
20 58
20 61
20 65
21 5
21 6
21 13
21 23
21 24
21 25
21 27
21 29
21 30
21 35
21 37
21 38
21 43
22 3
22 4
22 12
22 14
22 15
22 26
22 28
22 36
22 42
22 44
22 47
22 52
22 56
23 6
23 13
23 21
23 24
23 25
23 27
23 29
23 30
23 35
23 37
23 38
23 43
23 75
24 5
24 6
24 13
24 21
24 23
24 25
24 27
24 29
24 30
24 35
24 37
24 38
24 43
25 5
25 6
25 13
25 21
25 23
25 24
25 27
25 29
25 30
25 35
25 37
25 38
25 43
26 1
26 3
26 4
26 14
26 15
26 22
26 32
26 36
26 42
26 44
26 47
26 52
26 56
27 6
27 13
27 21
27 23
27 24
27 25
27 29
27 30
27 35
27 37
27 38
27 43
27 100
28 3
28 4
28 12
28 14
28 15
28 22
28 36
28 42
28 44
28 47
28 52
28 56
28 86
29 5
29 6
29 13
29 21
29 23
29 24
29 25
29 27
29 30
29 35
29 37
29 38
29 43
30 5
30 13
30 16
30 21
30 23
30 24
30 25
30 27
30 29
30 35
30 37
30 38
30 43
31 2
31 9
31 17
31 19
31 20
31 45
31 46
31 49
31 51
31 54
31 58
31 61
31 65
32 7
32 16
32 18
32 26
32 39
32 41
32 50
32 53
32 55
32 59
32 62
32 63
32 64
33 7
33 10
33 16
33 39
33 41
33 50
33 53
33 55
33 59
33 62
33 63
33 64
33 97
34 2
34 8
34 17
34 19
34 20
34 45
34 46
34 49
34 51
34 54
34 58
34 61
34 65
34 67
35 5
35 6
35 13
35 21
35 23
35 24
35 25
35 27
35 29
35 30
35 37
35 38
35 43
35 88
36 1
36 3
36 4
36 12
36 14
36 15
36 22
36 26
36 28
36 42
36 44
36 47
36 52
36 56
37 5
37 6
37 13
37 21
37 23
37 24
37 25
37 27
37 29
37 30
37 35
37 38
37 43
37 68
38 5
38 6
38 13
38 21
38 23
38 24
38 25
38 27
38 29
38 30
38 35
38 37
38 43
38 92
39 10
39 16
39 18
39 32
39 33
39 40
39 41
39 52
39 53
39 55
39 59
39 62
39 63
39 64
40 7
40 10
40 16
40 18
40 39
40 41
40 50
40 53
40 55
40 59
40 62
40 63
40 64
40 66
41 7
41 18
41 32
41 33
41 39
41 40
41 50
41 53
41 55
41 59
41 62
41 63
41 64
41 90
42 1
42 3
42 4
42 12
42 14
42 15
42 22
42 26
42 28
42 36
42 44
42 47
42 52
42 56
43 5
43 6
43 13
43 21
43 23
43 24
43 25
43 27
43 29
43 30
43 35
43 37
43 38
43 81
44 1
44 3
44 4
44 12
44 14
44 15
44 22
44 26
44 28
44 36
44 42
44 47
44 52
44 56
45 2
45 8
45 9
45 19
45 31
45 34
45 46
45 49
45 51
45 54
45 58
45 61
45 65
45 78
46 2
46 8
46 9
46 17
46 19
46 20
46 31
46 34
46 45
46 49
46 51
46 54
46 58
46 61
46 65
47 1
47 3
47 4
47 12
47 14
47 15
47 22
47 26
47 28
47 36
47 42
47 44
47 52
47 56
47 85
48 67
48 68
48 69
48 71
48 76
48 79
48 82
48 83
48 84
48 85
48 87
48 90
48 91
48 92
48 93
49 2
49 8
49 9
49 17
49 19
49 20
49 31
49 34
49 45
49 46
49 51
49 54
49 58
49 61
49 65
50 7
50 10
50 16
50 18
50 32
50 33
50 40
50 41
50 53
50 55
50 56
50 59
50 62
50 63
50 64
51 2
51 8
51 9
51 17
51 19
51 31
51 34
51 45
51 46
51 49
51 54
51 58
51 61
51 65
51 96
52 1
52 3
52 4
52 12
52 14
52 15
52 22
52 26
52 28
52 36
52 39
52 42
52 44
52 47
52 56
53 7
53 10
53 16
53 18
53 32
53 33
53 39
53 40
53 41
53 50
53 59
53 61
53 62
53 63
53 64
54 2
54 8
54 9
54 17
54 19
54 20
54 31
54 34
54 45
54 46
54 49
54 51
54 58
54 61
54 65
55 7
55 10
55 16
55 18
55 32
55 33
55 39
55 40
55 41
55 50
55 59
55 62
55 63
55 64
55 82
56 1
56 3
56 4
56 12
56 14
56 15
56 22
56 26
56 28
56 36
56 42
56 44
56 47
56 50
56 52
57 67
57 69
57 70
57 76
57 78
57 79
57 82
57 83
57 84
57 85
57 87
57 90
57 91
57 92
57 93
58 2
58 8
58 9
58 17
58 19
58 20
58 31
58 34
58 45
58 46
58 49
58 51
58 54
58 61
58 65
58 72
59 7
59 10
59 16
59 18
59 32
59 33
59 39
59 40
59 41
59 50
59 53
59 55
59 62
59 63
59 64
59 87
60 66
60 72
60 74
60 75
60 77
60 80
60 81
60 86
60 88
60 89
60 95
60 96
60 97
60 98
60 99
60 100
61 2
61 8
61 9
61 17
61 19
61 20
61 31
61 34
61 45
61 46
61 49
61 51
61 53
61 54
61 58
61 65
62 7
62 10
62 16
62 18
62 32
62 33
62 39
62 40
62 41
62 50
62 53
62 55
62 59
62 63
62 64
62 77
63 7
63 10
63 16
63 18
63 32
63 33
63 39
63 40
63 41
63 50
63 53
63 55
63 59
63 62
63 64
63 84
64 7
64 10
64 16
64 18
64 32
64 33
64 39
64 40
64 41
64 50
64 53
64 55
64 59
64 62
64 63
64 94
65 2
65 8
65 9
65 17
65 19
65 20
65 31
65 34
65 45
65 46
65 49
65 51
65 54
65 58
65 61
65 76
66 11
66 40
66 60
66 73
66 74
66 77
66 80
66 81
66 89
66 94
66 95
66 96
66 97
66 98
66 99
66 100
67 34
67 48
67 57
67 68
67 70
67 71
67 76
67 78
67 79
67 83
67 84
67 85
67 87
67 90
67 91
67 92
67 93
68 37
68 48
68 67
68 70
68 71
68 76
68 78
68 79
68 82
68 83
68 84
68 85
68 87
68 90
68 91
68 92
68 93
69 48
69 57
69 70
69 71
69 76
69 78
69 79
69 82
69 83
69 84
69 85
69 87
69 90
69 91
69 92
69 93
69 94
70 5
70 57
70 67
70 68
70 69
70 71
70 78
70 79
70 82
70 83
70 84
70 85
70 87
70 90
70 91
70 92
70 93
71 48
71 67
71 68
71 69
71 70
71 74
71 76
71 79
71 82
71 83
71 84
71 85
71 87
71 90
71 91
71 92
71 93
72 11
72 58
72 60
72 75
72 77
72 80
72 81
72 86
72 88
72 89
72 94
72 95
72 96
72 97
72 98
72 99
72 100
73 8
73 66
73 74
73 75
73 77
73 80
73 81
73 86
73 88
73 89
73 94
73 95
73 96
73 97
73 98
73 99
73 100
74 60
74 66
74 71
74 73
74 75
74 77
74 80
74 81
74 86
74 88
74 89
74 95
74 96
74 97
74 98
74 99
74 100
75 23
75 60
75 72
75 73
75 74
75 80
75 81
75 86
75 88
75 89
75 94
75 95
75 96
75 97
75 98
75 99
75 100
76 48
76 57
76 65
76 67
76 68
76 69
76 71
76 78
76 82
76 83
76 84
76 85
76 87
76 90
76 91
76 92
76 93
77 60
77 62
77 66
77 72
77 73
77 74
77 80
77 81
77 86
77 88
77 89
77 94
77 95
77 96
77 97
77 98
77 99
77 100
78 6
78 45
78 57
78 67
78 68
78 69
78 70
78 76
78 79
78 82
78 83
78 84
78 85
78 87
78 90
78 91
78 92
78 93
79 7
79 48
79 57
79 67
79 68
79 69
79 70
79 71
79 78
79 82
79 83
79 84
79 85
79 87
79 90
79 91
79 92
79 93
80 11
80 60
80 66
80 72
80 73
80 74
80 75
80 77
80 86
80 88
80 89
80 94
80 95
80 96
80 97
80 98
80 99
80 100
81 43
81 60
81 66
81 72
81 73
81 74
81 75
81 77
81 86
81 88
81 89
81 94
81 95
81 96
81 97
81 98
81 99
81 100
82 48
82 55
82 57
82 68
82 69
82 70
82 71
82 76
82 78
82 79
82 83
82 84
82 85
82 87
82 90
82 91
82 92
82 93
83 48
83 57
83 67
83 68
83 69
83 70
83 71
83 76
83 78
83 79
83 82
83 84
83 85
83 87
83 90
83 91
83 92
83 93
84 48
84 57
84 63
84 67
84 68
84 69
84 70
84 71
84 76
84 78
84 79
84 82
84 83
84 85
84 87
84 90
84 91
84 92
84 93
85 47
85 48
85 57
85 67
85 68
85 69
85 70
85 71
85 76
85 78
85 79
85 82
85 83
85 84
85 87
85 90
85 91
85 92
85 93
86 11
86 28
86 60
86 72
86 73
86 74
86 75
86 77
86 80
86 81
86 88
86 89
86 94
86 95
86 96
86 97
86 98
86 99
86 100
87 48
87 57
87 59
87 67
87 68
87 69
87 70
87 71
87 76
87 78
87 79
87 82
87 83
87 84
87 85
87 90
87 91
87 92
87 93
88 11
88 35
88 60
88 72
88 73
88 74
88 75
88 77
88 80
88 81
88 86
88 89
88 94
88 95
88 96
88 97
88 98
88 99
88 100
89 10
89 60
89 66
89 72
89 73
89 74
89 75
89 77
89 80
89 81
89 86
89 88
89 94
89 95
89 96
89 97
89 98
89 99
89 100
90 41
90 48
90 57
90 67
90 68
90 69
90 70
90 71
90 76
90 78
90 79
90 82
90 83
90 84
90 85
90 87
90 91
90 92
90 93
91 48
91 57
91 67
91 68
91 69
91 70
91 71
91 76
91 78
91 79
91 82
91 83
91 84
91 85
91 87
91 90
91 92
91 93
91 99
92 38
92 48
92 57
92 67
92 68
92 69
92 70
92 71
92 76
92 78
92 79
92 82
92 83
92 84
92 85
92 87
92 90
92 91
92 93
93 48
93 57
93 67
93 68
93 69
93 70
93 71
93 76
93 78
93 79
93 82
93 83
93 84
93 85
93 87
93 90
93 91
93 92
93 95
94 11
94 64
94 66
94 69
94 72
94 73
94 75
94 77
94 80
94 81
94 86
94 88
94 89
94 95
94 96
94 97
94 98
94 99
94 100
95 11
95 60
95 66
95 72
95 73
95 74
95 75
95 77
95 80
95 81
95 86
95 88
95 89
95 93
95 94
95 96
95 97
95 98
95 99
95 100
96 11
96 51
96 60
96 66
96 72
96 73
96 74
96 75
96 77
96 80
96 81
96 86
96 88
96 89
96 94
96 95
96 97
96 98
96 99
96 100
97 11
97 33
97 60
97 66
97 72
97 73
97 74
97 75
97 77
97 80
97 81
97 86
97 88
97 89
97 94
97 95
97 96
97 98
97 99
97 100
98 3
98 11
98 60
98 66
98 72
98 73
98 74
98 75
98 77
98 80
98 81
98 86
98 88
98 89
98 94
98 95
98 96
98 97
98 99
98 100
99 11
99 60
99 66
99 72
99 73
99 74
99 75
99 77
99 80
99 81
99 86
99 88
99 89
99 91
99 94
99 95
99 96
99 97
99 98
99 100
100 11
100 27
100 60
100 66
100 72
100 73
100 74
100 75
100 77
100 80
100 81
100 86
100 88
100 89
100 94
100 95
100 96
100 97
100 98
100 99
101.0 102.0 103.0 104.0 105.0 106.0 107.0 108.0 109.0 110.0 111.0 112.0 113.0 114.0 115.0 116.0 117.0 118.0 119.0 120.0 121.0 122.0 123.0 124.0 125.0 126.0 127.0 128.0 129.0 130.0 131.0 132.0 133.0 134.0 135.0 136.0 137.0 138.0 139.0 140.0 141.0 142.0 143.0 144.0 145.0 146.0 147.0 148.0 149.0 150.0 151.0 152.0 153.0 154.0 155.0 156.0 157.0 158.0 159.0 160.0 161.0 162.0 163.0 164.0 165.0 166.0 167.0 168.0 169.0 170.0 171.0 172.0 173.0 174.0 175.0 176.0 177.0 178.0 179.0 180.0 181.0 182.0 183.0 184.0 185.0 186.0 187.0 188.0 189.0 190.0 191.0 192.0 193.0 194.0 195.0 196.0 197.0 198.0 199.0 200.0
1530
101.0 103.0
101.0 104.0
101.0 112.0
101.0 114.0
101.0 115.0
101.0 126.0
101.0 136.0
101.0 142.0
101.0 144.0
101.0 147.0
101.0 152.0
101.0 156.0
102.0 117.0
102.0 120.0
102.0 131.0
102.0 134.0
102.0 145.0
102.0 146.0
102.0 149.0
102.0 151.0
102.0 154.0
102.0 158.0
102.0 161.0
102.0 165.0
103.0 101.0
103.0 112.0
103.0 122.0
103.0 126.0
103.0 128.0
103.0 136.0
103.0 142.0
103.0 144.0
103.0 147.0
103.0 152.0
103.0 156.0
103.0 198.0
104.0 101.0
104.0 114.0
104.0 115.0
104.0 122.0
104.0 126.0
104.0 128.0
104.0 136.0
104.0 142.0
104.0 144.0
104.0 147.0
104.0 152.0
104.0 156.0
105.0 106.0
105.0 113.0
105.0 121.0
105.0 124.0
105.0 125.0
105.0 129.0
105.0 130.0
105.0 135.0
105.0 137.0
105.0 138.0
105.0 143.0
105.0 170.0
106.0 105.0
106.0 121.0
106.0 123.0
106.0 124.0
106.0 125.0
106.0 127.0
106.0 129.0
106.0 135.0
106.0 137.0
106.0 138.0
106.0 143.0
106.0 178.0
107.0 132.0
107.0 133.0
107.0 140.0
107.0 141.0
107.0 150.0
107.0 153.0
107.0 155.0
107.0 159.0
107.0 162.0
107.0 163.0
107.0 164.0
107.0 179.0
108.0 109.0
108.0 117.0
108.0 134.0
108.0 145.0
108.0 146.0
108.0 149.0
108.0 151.0
108.0 154.0
108.0 158.0
108.0 161.0
108.0 165.0
108.0 173.0
109.0 108.0
109.0 119.0
109.0 120.0
109.0 131.0
109.0 145.0
109.0 146.0
109.0 149.0
109.0 151.0
109.0 154.0
109.0 158.0
109.0 161.0
109.0 165.0
110.0 118.0
110.0 133.0
110.0 139.0
110.0 140.0
110.0 150.0
110.0 153.0
110.0 155.0
110.0 159.0
110.0 162.0
110.0 163.0
110.0 164.0
110.0 189.0
111.0 166.0
111.0 172.0
111.0 180.0
111.0 186.0
111.0 188.0
111.0 194.0
111.0 195.0
111.0 196.0
111.0 197.0
111.0 198.0
111.0 199.0
111.0 200.0
112.0 101.0
112.0 103.0
112.0 114.0
112.0 115.0
112.0 122.0
112.0 128.0
112.0 136.0
112.0 142.0
112.0 144.0
112.0 147.0
112.0 152.0
112.0 156.0
113.0 105.0
113.0 121.0
113.0 123.0
113.0 124.0
113.0 125.0
113.0 127.0
113.0 129.0
113.0 130.0
113.0 135.0
113.0 137.0
113.0 138.0
113.0 143.0
114.0 101.0
114.0 104.0
114.0 112.0
114.0 122.0
114.0 126.0
114.0 128.0
114.0 136.0
114.0 142.0
114.0 144.0
114.0 147.0
114.0 152.0
114.0 156.0
115.0 101.0
115.0 104.0
115.0 112.0
115.0 122.0
115.0 126.0
115.0 128.0
115.0 136.0
115.0 142.0
115.0 144.0
115.0 147.0
115.0 152.0
115.0 156.0
116.0 130.0
116.0 132.0
116.0 133.0
116.0 139.0
116.0 140.0
116.0 150.0
116.0 153.0
116.0 155.0
116.0 159.0
116.0 162.0
116.0 163.0
116.0 164.0
117.0 102.0
117.0 108.0
117.0 119.0
117.0 120.0
117.0 131.0
117.0 134.0
117.0 146.0
117.0 149.0
117.0 151.0
117.0 154.0
117.0 158.0
117.0 161.0
117.0 165.0
118.0 110.0
118.0 120.0
118.0 132.0
118.0 139.0
118.0 140.0
118.0 141.0
118.0 150.0
118.0 153.0
118.0 155.0
118.0 159.0
118.0 162.0
118.0 163.0
118.0 164.0
119.0 109.0
119.0 117.0
119.0 120.0
119.0 131.0
119.0 134.0
119.0 145.0
119.0 146.0
119.0 149.0
119.0 151.0
119.0 154.0
119.0 158.0
119.0 161.0
119.0 165.0
120.0 102.0
120.0 109.0
120.0 117.0
120.0 118.0
120.0 119.0
120.0 131.0
120.0 134.0
120.0 146.0
120.0 149.0
120.0 154.0
120.0 158.0
120.0 161.0
120.0 165.0
121.0 105.0
121.0 106.0
121.0 113.0
121.0 123.0
121.0 124.0
121.0 125.0
121.0 127.0
121.0 129.0
121.0 130.0
121.0 135.0
121.0 137.0
121.0 138.0
121.0 143.0
122.0 103.0
122.0 104.0
122.0 112.0
122.0 114.0
122.0 115.0
122.0 126.0
122.0 128.0
122.0 136.0
122.0 142.0
122.0 144.0
122.0 147.0
122.0 152.0
122.0 156.0
123.0 106.0
123.0 113.0
123.0 121.0
123.0 124.0
123.0 125.0
123.0 127.0
123.0 129.0
123.0 130.0
123.0 135.0
123.0 137.0
123.0 138.0
123.0 143.0
123.0 175.0
124.0 105.0
124.0 106.0
124.0 113.0
124.0 121.0
124.0 123.0
124.0 125.0
124.0 127.0
124.0 129.0
124.0 130.0
124.0 135.0
124.0 137.0
124.0 138.0
124.0 143.0
125.0 105.0
125.0 106.0
125.0 113.0
125.0 121.0
125.0 123.0
125.0 124.0
125.0 127.0
125.0 129.0
125.0 130.0
125.0 135.0
125.0 137.0
125.0 138.0
125.0 143.0
126.0 101.0
126.0 103.0
126.0 104.0
126.0 114.0
126.0 115.0
126.0 122.0
126.0 132.0
126.0 136.0
126.0 142.0
126.0 144.0
126.0 147.0
126.0 152.0
126.0 156.0
127.0 106.0
127.0 113.0
127.0 121.0
127.0 123.0
127.0 124.0
127.0 125.0
127.0 129.0
127.0 130.0
127.0 135.0
127.0 137.0
127.0 138.0
127.0 143.0
127.0 200.0
128.0 103.0
128.0 104.0
128.0 112.0
128.0 114.0
128.0 115.0
128.0 122.0
128.0 136.0
128.0 142.0
128.0 144.0
128.0 147.0
128.0 152.0
128.0 156.0
128.0 186.0
129.0 105.0
129.0 106.0
129.0 113.0
129.0 121.0
129.0 123.0
129.0 124.0
129.0 125.0
129.0 127.0
129.0 130.0
129.0 135.0
129.0 137.0
129.0 138.0
129.0 143.0
130.0 105.0
130.0 113.0
130.0 116.0
130.0 121.0
130.0 123.0
130.0 124.0
130.0 125.0
130.0 127.0
130.0 129.0
130.0 135.0
130.0 137.0
130.0 138.0
130.0 143.0
131.0 102.0
131.0 109.0
131.0 117.0
131.0 119.0
131.0 120.0
131.0 145.0
131.0 146.0
131.0 149.0
131.0 151.0
131.0 154.0
131.0 158.0
131.0 161.0
131.0 165.0
132.0 107.0
132.0 116.0
132.0 118.0
132.0 126.0
132.0 139.0
132.0 141.0
132.0 150.0
132.0 153.0
132.0 155.0
132.0 159.0
132.0 162.0
132.0 163.0
132.0 164.0
133.0 107.0
133.0 110.0
133.0 116.0
133.0 139.0
133.0 141.0
133.0 150.0
133.0 153.0
133.0 155.0
133.0 159.0
133.0 162.0
133.0 163.0
133.0 164.0
133.0 197.0
134.0 102.0
134.0 108.0
134.0 117.0
134.0 119.0
134.0 120.0
134.0 145.0
134.0 146.0
134.0 149.0
134.0 151.0
134.0 154.0
134.0 158.0
134.0 161.0
134.0 165.0
134.0 167.0
135.0 105.0
135.0 106.0
135.0 113.0
135.0 121.0
135.0 123.0
135.0 124.0
135.0 125.0
135.0 127.0
135.0 129.0
135.0 130.0
135.0 137.0
135.0 138.0
135.0 143.0
135.0 188.0
136.0 101.0
136.0 103.0
136.0 104.0
136.0 112.0
136.0 114.0
136.0 115.0
136.0 122.0
136.0 126.0
136.0 128.0
136.0 142.0
136.0 144.0
136.0 147.0
136.0 152.0
136.0 156.0
137.0 105.0
137.0 106.0
137.0 113.0
137.0 121.0
137.0 123.0
137.0 124.0
137.0 125.0
137.0 127.0
137.0 129.0
137.0 130.0
137.0 135.0
137.0 138.0
137.0 143.0
137.0 168.0
138.0 105.0
138.0 106.0
138.0 113.0
138.0 121.0
138.0 123.0
138.0 124.0
138.0 125.0
138.0 127.0
138.0 129.0
138.0 130.0
138.0 135.0
138.0 137.0
138.0 143.0
138.0 192.0
139.0 110.0
139.0 116.0
139.0 118.0
139.0 132.0
139.0 133.0
139.0 140.0
139.0 141.0
139.0 152.0
139.0 153.0
139.0 155.0
139.0 159.0
139.0 162.0
139.0 163.0
139.0 164.0
140.0 107.0
140.0 110.0
140.0 116.0
140.0 118.0
140.0 139.0
140.0 141.0
140.0 150.0
140.0 153.0
140.0 155.0
140.0 159.0
140.0 162.0
140.0 163.0
140.0 164.0
140.0 166.0
141.0 107.0
141.0 118.0
141.0 132.0
141.0 133.0
141.0 139.0
141.0 140.0
141.0 150.0
141.0 153.0
141.0 155.0
141.0 159.0
141.0 162.0
141.0 163.0
141.0 164.0
141.0 190.0
142.0 101.0
142.0 103.0
142.0 104.0
142.0 112.0
142.0 114.0
142.0 115.0
142.0 122.0
142.0 126.0
142.0 128.0
142.0 136.0
142.0 144.0
142.0 147.0
142.0 152.0
142.0 156.0
143.0 105.0
143.0 106.0
143.0 113.0
143.0 121.0
143.0 123.0
143.0 124.0
143.0 125.0
143.0 127.0
143.0 129.0
143.0 130.0
143.0 135.0
143.0 137.0
143.0 138.0
143.0 181.0
144.0 101.0
144.0 103.0
144.0 104.0
144.0 112.0
144.0 114.0
144.0 115.0
144.0 122.0
144.0 126.0
144.0 128.0
144.0 136.0
144.0 142.0
144.0 147.0
144.0 152.0
144.0 156.0
145.0 102.0
145.0 108.0
145.0 109.0
145.0 119.0
145.0 131.0
145.0 134.0
145.0 146.0
145.0 149.0
145.0 151.0
145.0 154.0
145.0 158.0
145.0 161.0
145.0 165.0
145.0 178.0
146.0 102.0
146.0 108.0
146.0 109.0
146.0 117.0
146.0 119.0
146.0 120.0
146.0 131.0
146.0 134.0
146.0 145.0
146.0 149.0
146.0 151.0
146.0 154.0
146.0 158.0
146.0 161.0
146.0 165.0
147.0 101.0
147.0 103.0
147.0 104.0
147.0 112.0
147.0 114.0
147.0 115.0
147.0 122.0
147.0 126.0
147.0 128.0
147.0 136.0
147.0 142.0
147.0 144.0
147.0 152.0
147.0 156.0
147.0 185.0
148.0 167.0
148.0 168.0
148.0 169.0
148.0 171.0
148.0 176.0
148.0 179.0
148.0 182.0
148.0 183.0
148.0 184.0
148.0 185.0
148.0 187.0
148.0 190.0
148.0 191.0
148.0 192.0
148.0 193.0
149.0 102.0
149.0 108.0
149.0 109.0
149.0 117.0
149.0 119.0
149.0 120.0
149.0 131.0
149.0 134.0
149.0 145.0
149.0 146.0
149.0 151.0
149.0 154.0
149.0 158.0
149.0 161.0
149.0 165.0
150.0 107.0
150.0 110.0
150.0 116.0
150.0 118.0
150.0 132.0
150.0 133.0
150.0 140.0
150.0 141.0
150.0 153.0
150.0 155.0
150.0 156.0
150.0 159.0
150.0 162.0
150.0 163.0
150.0 164.0
151.0 102.0
151.0 108.0
151.0 109.0
151.0 117.0
151.0 119.0
151.0 131.0
151.0 134.0
151.0 145.0
151.0 146.0
151.0 149.0
151.0 154.0
151.0 158.0
151.0 161.0
151.0 165.0
151.0 196.0
152.0 101.0
152.0 103.0
152.0 104.0
152.0 112.0
152.0 114.0
152.0 115.0
152.0 122.0
152.0 126.0
152.0 128.0
152.0 136.0
152.0 139.0
152.0 142.0
152.0 144.0
152.0 147.0
152.0 156.0
153.0 107.0
153.0 110.0
153.0 116.0
153.0 118.0
153.0 132.0
153.0 133.0
153.0 139.0
153.0 140.0
153.0 141.0
153.0 150.0
153.0 159.0
153.0 161.0
153.0 162.0
153.0 163.0
153.0 164.0
154.0 102.0
154.0 108.0
154.0 109.0
154.0 117.0
154.0 119.0
154.0 120.0
154.0 131.0
154.0 134.0
154.0 145.0
154.0 146.0
154.0 149.0
154.0 151.0
154.0 158.0
154.0 161.0
154.0 165.0
155.0 107.0
155.0 110.0
155.0 116.0
155.0 118.0
155.0 132.0
155.0 133.0
155.0 139.0
155.0 140.0
155.0 141.0
155.0 150.0
155.0 159.0
155.0 162.0
155.0 163.0
155.0 164.0
155.0 182.0
156.0 101.0
156.0 103.0
156.0 104.0
156.0 112.0
156.0 114.0
156.0 115.0
156.0 122.0
156.0 126.0
156.0 128.0
156.0 136.0
156.0 142.0
156.0 144.0
156.0 147.0
156.0 150.0
156.0 152.0
157.0 167.0
157.0 169.0
157.0 170.0
157.0 176.0
157.0 178.0
157.0 179.0
157.0 182.0
157.0 183.0
157.0 184.0
157.0 185.0
157.0 187.0
157.0 190.0
157.0 191.0
157.0 192.0
157.0 193.0
158.0 102.0
158.0 108.0
158.0 109.0
158.0 117.0
158.0 119.0
158.0 120.0
158.0 131.0
158.0 134.0
158.0 145.0
158.0 146.0
158.0 149.0
158.0 151.0
158.0 154.0
158.0 161.0
158.0 165.0
158.0 172.0
159.0 107.0
159.0 110.0
159.0 116.0
159.0 118.0
159.0 132.0
159.0 133.0
159.0 139.0
159.0 140.0
159.0 141.0
159.0 150.0
159.0 153.0
159.0 155.0
159.0 162.0
159.0 163.0
159.0 164.0
159.0 187.0
160.0 166.0
160.0 172.0
160.0 174.0
160.0 175.0
160.0 177.0
160.0 180.0
160.0 181.0
160.0 186.0
160.0 188.0
160.0 189.0
160.0 195.0
160.0 196.0
160.0 197.0
160.0 198.0
160.0 199.0
160.0 200.0
161.0 102.0
161.0 108.0
161.0 109.0
161.0 117.0
161.0 119.0
161.0 120.0
161.0 131.0
161.0 134.0
161.0 145.0
161.0 146.0
161.0 149.0
161.0 151.0
161.0 153.0
161.0 154.0
161.0 158.0
161.0 165.0
162.0 107.0
162.0 110.0
162.0 116.0
162.0 118.0
162.0 132.0
162.0 133.0
162.0 139.0
162.0 140.0
162.0 141.0
162.0 150.0
162.0 153.0
162.0 155.0
162.0 159.0
162.0 163.0
162.0 164.0
162.0 177.0
163.0 107.0
163.0 110.0
163.0 116.0
163.0 118.0
163.0 132.0
163.0 133.0
163.0 139.0
163.0 140.0
163.0 141.0
163.0 150.0
163.0 153.0
163.0 155.0
163.0 159.0
163.0 162.0
163.0 164.0
163.0 184.0
164.0 107.0
164.0 110.0
164.0 116.0
164.0 118.0
164.0 132.0
164.0 133.0
164.0 139.0
164.0 140.0
164.0 141.0
164.0 150.0
164.0 153.0
164.0 155.0
164.0 159.0
164.0 162.0
164.0 163.0
164.0 194.0
165.0 102.0
165.0 108.0
165.0 109.0
165.0 117.0
165.0 119.0
165.0 120.0
165.0 131.0
165.0 134.0
165.0 145.0
165.0 146.0
165.0 149.0
165.0 151.0
165.0 154.0
165.0 158.0
165.0 161.0
165.0 176.0
166.0 111.0
166.0 140.0
166.0 160.0
166.0 173.0
166.0 174.0
166.0 177.0
166.0 180.0
166.0 181.0
166.0 189.0
166.0 194.0
166.0 195.0
166.0 196.0
166.0 197.0
166.0 198.0
166.0 199.0
166.0 200.0
167.0 134.0
167.0 148.0
167.0 157.0
167.0 168.0
167.0 170.0
167.0 171.0
167.0 176.0
167.0 178.0
167.0 179.0
167.0 183.0
167.0 184.0
167.0 185.0
167.0 187.0
167.0 190.0
167.0 191.0
167.0 192.0
167.0 193.0
168.0 137.0
168.0 148.0
168.0 167.0
168.0 170.0
168.0 171.0
168.0 176.0
168.0 178.0
168.0 179.0
168.0 182.0
168.0 183.0
168.0 184.0
168.0 185.0
168.0 187.0
168.0 190.0
168.0 191.0
168.0 192.0
168.0 193.0
169.0 148.0
169.0 157.0
169.0 170.0
169.0 171.0
169.0 176.0
169.0 178.0
169.0 179.0
169.0 182.0
169.0 183.0
169.0 184.0
169.0 185.0
169.0 187.0
169.0 190.0
169.0 191.0
169.0 192.0
169.0 193.0
169.0 194.0
170.0 105.0
170.0 157.0
170.0 167.0
170.0 168.0
170.0 169.0
170.0 171.0
170.0 178.0
170.0 179.0
170.0 182.0
170.0 183.0
170.0 184.0
170.0 185.0
170.0 187.0
170.0 190.0
170.0 191.0
170.0 192.0
170.0 193.0
171.0 148.0
171.0 167.0
171.0 168.0
171.0 169.0
171.0 170.0
171.0 174.0
171.0 176.0
171.0 179.0
171.0 182.0
171.0 183.0
171.0 184.0
171.0 185.0
171.0 187.0
171.0 190.0
171.0 191.0
171.0 192.0
171.0 193.0
172.0 111.0
172.0 158.0
172.0 160.0
172.0 175.0
172.0 177.0
172.0 180.0
172.0 181.0
172.0 186.0
172.0 188.0
172.0 189.0
172.0 194.0
172.0 195.0
172.0 196.0
172.0 197.0
172.0 198.0
172.0 199.0
172.0 200.0
173.0 108.0
173.0 166.0
173.0 174.0
173.0 175.0
173.0 177.0
173.0 180.0
173.0 181.0
173.0 186.0
173.0 188.0
173.0 189.0
173.0 194.0
173.0 195.0
173.0 196.0
173.0 197.0
173.0 198.0
173.0 199.0
173.0 200.0
174.0 160.0
174.0 166.0
174.0 171.0
174.0 173.0
174.0 175.0
174.0 177.0
174.0 180.0
174.0 181.0
174.0 186.0
174.0 188.0
174.0 189.0
174.0 195.0
174.0 196.0
174.0 197.0
174.0 198.0
174.0 199.0
174.0 200.0
175.0 123.0
175.0 160.0
175.0 172.0
175.0 173.0
175.0 174.0
175.0 180.0
175.0 181.0
175.0 186.0
175.0 188.0
175.0 189.0
175.0 194.0
175.0 195.0
175.0 196.0
175.0 197.0
175.0 198.0
175.0 199.0
175.0 200.0
176.0 148.0
176.0 157.0
176.0 165.0
176.0 167.0
176.0 168.0
176.0 169.0
176.0 171.0
176.0 178.0
176.0 182.0
176.0 183.0
176.0 184.0
176.0 185.0
176.0 187.0
176.0 190.0
176.0 191.0
176.0 192.0
176.0 193.0
177.0 160.0
177.0 162.0
177.0 166.0
177.0 172.0
177.0 173.0
177.0 174.0
177.0 180.0
177.0 181.0
177.0 186.0
177.0 188.0
177.0 189.0
177.0 194.0
177.0 195.0
177.0 196.0
177.0 197.0
177.0 198.0
177.0 199.0
177.0 200.0
178.0 106.0
178.0 145.0
178.0 157.0
178.0 167.0
178.0 168.0
178.0 169.0
178.0 170.0
178.0 176.0
178.0 179.0
178.0 182.0
178.0 183.0
178.0 184.0
178.0 185.0
178.0 187.0
178.0 190.0
178.0 191.0
178.0 192.0
178.0 193.0
179.0 107.0
179.0 148.0
179.0 157.0
179.0 167.0
179.0 168.0
179.0 169.0
179.0 170.0
179.0 171.0
179.0 178.0
179.0 182.0
179.0 183.0
179.0 184.0
179.0 185.0
179.0 187.0
179.0 190.0
179.0 191.0
179.0 192.0
179.0 193.0
180.0 111.0
180.0 160.0
180.0 166.0
180.0 172.0
180.0 173.0
180.0 174.0
180.0 175.0
180.0 177.0
180.0 186.0
180.0 188.0
180.0 189.0
180.0 194.0
180.0 195.0
180.0 196.0
180.0 197.0
180.0 198.0
180.0 199.0
180.0 200.0
181.0 143.0
181.0 160.0
181.0 166.0
181.0 172.0
181.0 173.0
181.0 174.0
181.0 175.0
181.0 177.0
181.0 186.0
181.0 188.0
181.0 189.0
181.0 194.0
181.0 195.0
181.0 196.0
181.0 197.0
181.0 198.0
181.0 199.0
181.0 200.0
182.0 148.0
182.0 155.0
182.0 157.0
182.0 168.0
182.0 169.0
182.0 170.0
182.0 171.0
182.0 176.0
182.0 178.0
182.0 179.0
182.0 183.0
182.0 184.0
182.0 185.0
182.0 187.0
182.0 190.0
182.0 191.0
182.0 192.0
182.0 193.0
183.0 148.0
183.0 157.0
183.0 167.0
183.0 168.0
183.0 169.0
183.0 170.0
183.0 171.0
183.0 176.0
183.0 178.0
183.0 179.0
183.0 182.0
183.0 184.0
183.0 185.0
183.0 187.0
183.0 190.0
183.0 191.0
183.0 192.0
183.0 193.0
184.0 148.0
184.0 157.0
184.0 163.0
184.0 167.0
184.0 168.0
184.0 169.0
184.0 170.0
184.0 171.0
184.0 176.0
184.0 178.0
184.0 179.0
184.0 182.0
184.0 183.0
184.0 185.0
184.0 187.0
184.0 190.0
184.0 191.0
184.0 192.0
184.0 193.0
185.0 147.0
185.0 148.0
185.0 157.0
185.0 167.0
185.0 168.0
185.0 169.0
185.0 170.0
185.0 171.0
185.0 176.0
185.0 178.0
185.0 179.0
185.0 182.0
185.0 183.0
185.0 184.0
185.0 187.0
185.0 190.0
185.0 191.0
185.0 192.0
185.0 193.0
186.0 111.0
186.0 128.0
186.0 160.0
186.0 172.0
186.0 173.0
186.0 174.0
186.0 175.0
186.0 177.0
186.0 180.0
186.0 181.0
186.0 188.0
186.0 189.0
186.0 194.0
186.0 195.0
186.0 196.0
186.0 197.0
186.0 198.0
186.0 199.0
186.0 200.0
187.0 148.0
187.0 157.0
187.0 159.0
187.0 167.0
187.0 168.0
187.0 169.0
187.0 170.0
187.0 171.0
187.0 176.0
187.0 178.0
187.0 179.0
187.0 182.0
187.0 183.0
187.0 184.0
187.0 185.0
187.0 190.0
187.0 191.0
187.0 192.0
187.0 193.0
188.0 111.0
188.0 135.0
188.0 160.0
188.0 172.0
188.0 173.0
188.0 174.0
188.0 175.0
188.0 177.0
188.0 180.0
188.0 181.0
188.0 186.0
188.0 189.0
188.0 194.0
188.0 195.0
188.0 196.0
188.0 197.0
188.0 198.0
188.0 199.0
188.0 200.0
189.0 110.0
189.0 160.0
189.0 166.0
189.0 172.0
189.0 173.0
189.0 174.0
189.0 175.0
189.0 177.0
189.0 180.0
189.0 181.0
189.0 186.0
189.0 188.0
189.0 194.0
189.0 195.0
189.0 196.0
189.0 197.0
189.0 198.0
189.0 199.0
189.0 200.0
190.0 141.0
190.0 148.0
190.0 157.0
190.0 167.0
190.0 168.0
190.0 169.0
190.0 170.0
190.0 171.0
190.0 176.0
190.0 178.0
190.0 179.0
190.0 182.0
190.0 183.0
190.0 184.0
190.0 185.0
190.0 187.0
190.0 191.0
190.0 192.0
190.0 193.0
191.0 148.0
191.0 157.0
191.0 167.0
191.0 168.0
191.0 169.0
191.0 170.0
191.0 171.0
191.0 176.0
191.0 178.0
191.0 179.0
191.0 182.0
191.0 183.0
191.0 184.0
191.0 185.0
191.0 187.0
191.0 190.0
191.0 192.0
191.0 193.0
191.0 199.0
192.0 138.0
192.0 148.0
192.0 157.0
192.0 167.0
192.0 168.0
192.0 169.0
192.0 170.0
192.0 171.0
192.0 176.0
192.0 178.0
192.0 179.0
192.0 182.0
192.0 183.0
192.0 184.0
192.0 185.0
192.0 187.0
192.0 190.0
192.0 191.0
192.0 193.0
193.0 148.0
193.0 157.0
193.0 167.0
193.0 168.0
193.0 169.0
193.0 170.0
193.0 171.0
193.0 176.0
193.0 178.0
193.0 179.0
193.0 182.0
193.0 183.0
193.0 184.0
193.0 185.0
193.0 187.0
193.0 190.0
193.0 191.0
193.0 192.0
193.0 195.0
194.0 111.0
194.0 164.0
194.0 166.0
194.0 169.0
194.0 172.0
194.0 173.0
194.0 175.0
194.0 177.0
194.0 180.0
194.0 181.0
194.0 186.0
194.0 188.0
194.0 189.0
194.0 195.0
194.0 196.0
194.0 197.0
194.0 198.0
194.0 199.0
194.0 200.0
195.0 111.0
195.0 160.0
195.0 166.0
195.0 172.0
195.0 173.0
195.0 174.0
195.0 175.0
195.0 177.0
195.0 180.0
195.0 181.0
195.0 186.0
195.0 188.0
195.0 189.0
195.0 193.0
195.0 194.0
195.0 196.0
195.0 197.0
195.0 198.0
195.0 199.0
195.0 200.0
196.0 111.0
196.0 151.0
196.0 160.0
196.0 166.0
196.0 172.0
196.0 173.0
196.0 174.0
196.0 175.0
196.0 177.0
196.0 180.0
196.0 181.0
196.0 186.0
196.0 188.0
196.0 189.0
196.0 194.0
196.0 195.0
196.0 197.0
196.0 198.0
196.0 199.0
196.0 200.0
197.0 111.0
197.0 133.0
197.0 160.0
197.0 166.0
197.0 172.0
197.0 173.0
197.0 174.0
197.0 175.0
197.0 177.0
197.0 180.0
197.0 181.0
197.0 186.0
197.0 188.0
197.0 189.0
197.0 194.0
197.0 195.0
197.0 196.0
197.0 198.0
197.0 199.0
197.0 200.0
198.0 103.0
198.0 111.0
198.0 160.0
198.0 166.0
198.0 172.0
198.0 173.0
198.0 174.0
198.0 175.0
198.0 177.0
198.0 180.0
198.0 181.0
198.0 186.0
198.0 188.0
198.0 189.0
198.0 194.0
198.0 195.0
198.0 196.0
198.0 197.0
198.0 199.0
198.0 200.0
199.0 111.0
199.0 160.0
199.0 166.0
199.0 172.0
199.0 173.0
199.0 174.0
199.0 175.0
199.0 177.0
199.0 180.0
199.0 181.0
199.0 186.0
199.0 188.0
199.0 189.0
199.0 191.0
199.0 194.0
199.0 195.0
199.0 196.0
199.0 197.0
199.0 198.0
199.0 200.0
200.0 111.0
200.0 127.0
200.0 160.0
200.0 166.0
200.0 172.0
200.0 173.0
200.0 174.0
200.0 175.0
200.0 177.0
200.0 180.0
200.0 181.0
200.0 186.0
200.0 188.0
200.0 189.0
200.0 194.0
200.0 195.0
200.0 196.0
200.0 197.0
200.0 198.0
200.0 199.0
1
1 2
40
72 152.0
88 147.0
89 103.0
95 101.0
100 128.0
11 128.0
92 179.0
68 178.0
48 148.0
76 192.0
85 170.0
71 182.0
32 117.0
10 145.0
41 102.0
55 109.0
63 161.0
34 172.0
51 199.0
19 173.0
8 200.0
46 189.0
51 111.0
1 162.0
22 118.0
44 141.0
14 132.0
3 140.0
14 182.0
41 132.0
89 189.0
85 101.0
44 148.0
22 128.0
14 179.0
41 101.0
71 109.0
11 145.0
68 145.0
32 111.0
7
11 60 66 72 73 74 75 77 80 81 86 88 89 94 95 96 97 98 99 100 101.0 103.0 104.0 112.0 114.0 115.0 122.0 126.0 128.0 136.0 142.0 144.0 147.0 152.0 156.0 
48 57 67 68 69 70 71 76 78 79 82 83 84 85 87 90 91 92 93 148.0 157.0 167.0 168.0 169.0 170.0 171.0 176.0 178.0 179.0 182.0 183.0 184.0 185.0 187.0 190.0 191.0 192.0 193.0 
7 10 16 18 32 33 39 40 41 50 53 55 59 62 63 64 102.0 108.0 109.0 117.0 119.0 120.0 131.0 134.0 145.0 146.0 149.0 151.0 154.0 158.0 161.0 165.0 
2 8 9 17 19 20 31 34 45 46 49 51 54 58 61 65 111.0 160.0 166.0 172.0 173.0 174.0 175.0 177.0 180.0 181.0 186.0 188.0 189.0 194.0 195.0 196.0 197.0 198.0 199.0 200.0 
1 3 4 12 14 15 22 26 28 36 42 44 47 52 56 107.0 110.0 116.0 118.0 132.0 133.0 139.0 140.0 141.0 150.0 153.0 155.0 159.0 162.0 163.0 164.0 
5 6 13 21 23 24 25 27 29 30 35 37 38 43
105.0 106.0 113.0 121.0 123.0 124.0 125.0 127.0 129.0 130.0 135.0 137.0 138.0 143.0
