42 166.0
29 134.0
44 115.0
44 106.0
30 124.0
28 120.0
4 141.0
13 107.0
47 195.0
22 167.0
49 153.0
22 136.0
49 119.0
23 121.0
8 184.0
45 154.0
40 112.0
40 173.0
84 163.0
12 159.0
11 156.0
54 192.0
73 188.0
33 113.0
20 146.0
65 104.0
31 128.0
66 200.0
15 162.0
88 157.0
72 190.0
92 113.0
25 175.0
53 180.0
62 183.0
98 136.0
97 103.0
100 108.0
48 122.0
80 114.0
17 182.0
50 187.0
96 193.0
60 187.0
83 148.0
51 173.0
79 197.0
40 101.0
13 142.0
78 147.0
56 149.0
57 190.0
30 127.0
58 155.0
25 123.0
79 108.0
84 117.0
12 135.0
32 189.0
98 160.0
73 169.0
13 175.0
66 182.0
32 179.0
99 177.0
40 154.0
28 141.0
4 124.0
22 195.0
42 115.0
54 159.0
11 163.0
23 112.0
22 153.0
45 184.0
8 112.0
44 166.0
