41 165
28 133
43 114
43 105
29 123
27 119
3 140
12 106
46 194
21 166
48 152
21 135
48 118
22 120
7 183
44 153
39 111
39 172
83 162
11 158
10 155
53 191
72 187
32 112
19 145
64 103
30 127
65 199
14 161
87 156
71 189
91 112
24 174
52 179
61 182
97 135
96 102
99 107
47 121
79 113
16 181
49 186
95 192
59 186
82 147
50 172
78 196
39 100
12 141
77 146
55 148
56 189
29 126
57 154
24 122
78 107
83 116
11 134
31 188
97 159
72 168
12 174
65 181
31 178
98 176
39 153
27 140
3 123
21 194
41 114
53 158
10 162
22 111
21 152
44 183
7 111
43 165
