98 109
49 109
17 135
60 119
20 164
13 179
70 171
43 132
26 170
26 194
52 159
52 154
38 158
38 128
71 139
87 139
2 133
64 125
55 163
11 119
45 147
21 168
37 171
93 181
46 119
28 119
31 175
94 189
43 185
18 178
87 134
52 177
12 141
26 139
43 125
64 139
98 164
52 133
2 119
38 119
43 164
70 135
60 154
49 158
20 133
64 133
2 132
52 132
64 135
87 128
70 164
2 170
2 154
38 125
17 109
87 125
52 119
2 164
43 109
17 133
60 135
52 171
70 132
52 170
87 135
2 194
71 194
71 154
71 125
87 132
38 179
43 179
60 170
98 133
38 133
2 135
43 119
38 109
60 179
49 164
13 164
87 133
17 128
26 133
64 132
17 158
60 133
38 164
26 132
43 171
