91 111.0
82 114.0
43 103.0
99 103.0
89 114.0
45 111.0
39 149.0
58 170.0
42 155.0
75 130.0
68 170.0
56 120.0
37 108.0
16 127.0
25 108.0
88 152.0
73 114.0
93 153.0
44 157.0
50 174.0
11 198.0
3 173.0
20 199.0
22 107.0
66 105.0
78 185.0
57 174.0
32 119.0
10 106.0
23 153.0
6 141.0
34 130.0
36 122.0
48 181.0
77 162.0
84 194.0
18 111.0
96 119.0
65 191.0
69 180.0
13 160.0
62 117.0
76 164.0
4 124.0
69 146.0
9 144.0
6 154.0
94 137.0
23 179.0
67 171.0
24 186.0
67 112.0
32 121.0
77 131.0
18 106.0
78 135.0
90 133.0
12 189.0
40 197.0
82 199.0
37 101.0
30 140.0
27 172.0
98 153.0
64 185.0
61 183.0
58 180.0
37 162.0
16 108.0
42 170.0
16 120.0
68 155.0
42 130.0
89 103.0
37 127.0
25 127.0
91 103.0
82 111.0
75 149.0
42 149.0
91 114.0
39 170.0
45 103.0
58 149.0
56 127.0
75 155.0
89 111.0
45 114.0
99 111.0
39 130.0
68 130.0
99 114.0
56 108.0
43 111.0
