90 110
81 113
42 102
98 102
88 113
44 110
38 148
57 169
41 154
74 129
67 169
55 119
36 107
15 126
24 107
87 151
72 113
92 152
43 156
49 173
10 197
2 172
19 198
21 106
65 104
77 184
56 173
31 118
9 105
22 152
5 140
33 129
35 121
47 180
76 161
83 193
17 110
95 118
64 190
68 179
12 159
61 116
75 163
3 123
68 145
8 143
5 153
93 136
22 178
66 170
23 185
66 111
31 120
76 130
17 105
77 134
89 132
11 188
39 196
81 198
36 100
29 139
26 171
97 152
63 184
60 182
57 179
36 161
15 107
41 169
15 119
67 154
41 129
88 102
36 126
24 126
90 102
81 110
74 148
41 148
90 113
38 169
44 102
57 148
55 126
74 154
88 110
44 113
98 110
38 129
67 129
98 113
55 107
42 110
