14 141
25 128
57 100
33 143
65 143
17 153
28 172
41 170
0 111
28 120
0 115
2 167
46 180
8 163
48 147
48 186
8 188
46 134
90 185
92 150
55 137
91 176
58 177
71 181
42 104
73 132
94 106
35 140
52 119
18 164
66 123
61 164
99 102
97 146
96 148
54 121
60 148
98 102
89 121
93 146
26 102
22 109
1 199
44 198
39 156
7 193
39 154
44 189
1 196
7 197
79 125
86 105
16 165
80 114
63 157
88 165
47 125
11 142
15 155
83 158
72 191
10 187
70 162
83 192
4 151
82 184
77 174
37 149
81 175
85 195
50 159
37 138
23 101
64 107
19 144
30 139
32 131
6 131
12 185
75 129
30 136
4 135
82 114
2 139
82 111
1 143
63 199
0 165
61 192
77 104
90 186
25 101
64 115
41 105
17 105
91 163
35 191
79 149
79 115
73 188
72 195
46 144
30 188
7 100
50 120
54 154
52 184
52 125
14 132
48 120
70 132
57 192
22 163
6 199
33 111
35 175
66 149
2 177
61 186
99 181
10 146
97 132
11 100
17 131
55 111
22 106
97 143
60 193
0 164
44 128
