82 177
96 116
49 161
97 152
54 152
57 157
37 166
56 121
21 156
12 159
9 174
20 167
9 198
12 196
86 138
50 119
13 153
68 140
90 138
41 110
44 129
77 110
16 129
6 128
38 192
63 176
40 124
40 158
6 100
30 130
88 169
87 151
95 171
71 195
91 125
58 143
46 123
24 125
93 143
92 123
83 126
14 104
72 101
80 101
36 127
11 129
55 122
17 159
48 178
78 193
47 156
25 128
8 164
4 180
26 128
29 148
8 136
12 131
71 199
32 135
67 107
89 147
19 160
49 122
92 112
96 194
29 165
71 150
20 164
53 172
30 174
37 110
16 125
57 130
