44 101.0
29 142.0
13 125.0
37 136.0
37 167.0
13 195.0
88 170.0
91 185.0
92 169.0
56 175.0
90 138.0
55 183.0
61 186.0
94 151.0
32 124.0
8 131.0
8 133.0
73 158.0
21 106.0
54 158.0
44 151.0
73 185.0
54 131.0
8 106.0
44 136.0
21 175.0
90 131.0
44 170.0
88 186.0
21 142.0
55 106.0
94 167.0
90 170.0
37 158.0
61 101.0
91 136.0
92 101.0
44 169.0
56 167.0
44 124.0
44 133.0
61 106.0
29 185.0
92 131.0
8 151.0
32 138.0
32 142.0
13 169.0
29 133.0
32 101.0
61 158.0
8 186.0
90 167.0
94 142.0
92 125.0
32 175.0
90 158.0
73 133.0
21 124.0
21 138.0
56 124.0
55 169.0
56 131.0
91 186.0
44 158.0
73 186.0
54 136.0
55 175.0
21 131.0
54 133.0
88 167.0
73 101.0
13 175.0
37 142.0
21 133.0
13 183.0
8 136.0
56 136.0
13 106.0
37 151.0
92 195.0
37 175.0
91 138.0
8 158.0
92 106.0
94 124.0
55 142.0
44 186.0
54 175.0
32 170.0
8 183.0
37 169.0
54 183.0
37 131.0
73 136.0
90 101.0
61 136.0
73 195.0
94 136.0
54 195.0
