28 120.0
52 116.0
55 124.0
96 153.0
58 153.0
90 116.0
35 180.0
74 174.0
89 135.0
98 156.0
80 189.0
85 185.0
56 130.0
47 143.0
48 114.0
6 110.0
63 110.0
59 141.0
44 132.0
5 111.0
4 133.0
88 138.0
13 181.0
91 170.0
50 109.0
19 157.0
36 157.0
94 138.0
1 158.0
33 155.0
11 196.0
32 190.0
1 128.0
32 162.0
49 159.0
24 117.0
53 104.0
16 105.0
67 122.0
79 193.0
23 161.0
2 142.0
29 173.0
79 145.0
60 188.0
26 113.0
87 194.0
78 136.0
77 119.0
8 191.0
87 151.0
92 172.0
34 134.0
27 200.0
95 195.0
83 192.0
39 183.0
68 123.0
99 179.0
97 167.0
75 102.0
69 129.0
76 179.0
15 102.0
25 123.0
10 118.0
43 137.0
14 182.0
14 131.0
43 107.0
37 155.0
81 103.0
93 132.0
32 154.0
55 177.0
62 199.0
8 117.0
4 181.0
67 105.0
10 113.0
48 119.0
10 158.0
68 141.0
6 104.0
11 116.0
10 132.0
83 155.0
24 133.0
59 114.0
10 123.0
36 174.0
5 174.0
24 102.0
4 122.0
44 158.0
87 155.0
88 117.0
56 117.0
24 162.0
85 114.0
60 167.0
75 130.0
4 158.0
34 137.0
90 179.0
98 167.0
47 113.0
6 138.0
43 161.0
13 114.0
24 118.0
47 162.0
19 131.0
69 153.0
28 188.0
47 151.0
2 179.0
