29 155
97 129
34 197
85 134
53 121
5 144
5 160
80 130
8 117
16 123
58 119
35 158
93 104
49 104
90 158
0 178
10 101
15 154
23 127
23 195
59 147
7 105
77 147
9 133
20 182
20 126
27 102
70 199
1 198
71 117
14 174
44 141
7 156
90 135
11 110
60 164
54 139
9 117
0 123
80 155
10 104
20 119
15 104
20 195
34 101
15 134
97 101
49 129
85 105
15 119
10 121
85 182
9 127
58 197
15 178
15 123
58 117
80 123
58 101
77 160
0 158
90 129
8 133
8 158
93 117
90 119
80 154
53 117
77 144
77 127
8 104
0 121
5 123
5 154
10 134
20 154
58 127
34 158
80 147
97 123
15 105
58 130
35 126
5 147
58 105
59 134
20 105
58 154
23 134
9 155
7 133
53 101
10 117
77 126
7 123
16 117
10 105
7 134
8 119
58 126
16 121
49 117
97 147
97 144
5 182
16 130
8 147
10 126
16 197
20 123
77 119
23 121
23 133
49 155
5 119
10 144
29 119
97 130
9 101
85 117
53 155
9 158
29 144
80 133
97 119
5 134
93 178
80 127
49 105
90 182
