22 163.0
67 105.0
7 139.0
39 141.0
33 119.0
11 126.0
12 103.0
32 140.0
76 145.0
83 117.0
99 198.0
60 162.0
18 139.0
8 106.0
43 172.0
61 178.0
6 200.0
10 126.0
51 190.0
85 112.0
87 117.0
9 161.0
26 173.0
2 110.0
34 151.0
45 132.0
17 151.0
88 104.0
96 128.0
28 142.0
77 115.0
25 185.0
73 199.0
84 105.0
100 137.0
91 146.0
26 200.0
27 175.0
40 150.0
30 183.0
58 122.0
88 158.0
97 136.0
47 118.0
39 135.0
97 148.0
27 110.0
30 106.0
89 166.0
40 151.0
52 114.0
13 162.0
8 142.0
4 188.0
48 172.0
17 125.0
25 177.0
91 147.0
38 111.0
15 184.0
7 181.0
22 105.0
39 139.0
11 119.0
33 126.0
67 163.0
7 141.0
