85 147.0
30 106.0
80 147.0
56 106.0
7 185.0
71 189.0
7 135.0
71 180.0
17 158.0
5 128.0
5 155.0
13 133.0
88 141.0
19 141.0
51 133.0
1 114.0
11 143.0
79 137.0
67 131.0
69 179.0
99 112.0
75 179.0
15 112.0
14 117.0
43 105.0
22 136.0
61 188.0
45 164.0
22 151.0
55 162.0
62 105.0
48 163.0
6 189.0
57 155.0
9 175.0
53 131.0
24 183.0
65 162.0
78 126.0
83 176.0
27 192.0
85 170.0
77 109.0
60 124.0
97 120.0
67 165.0
27 126.0
95 192.0
22 172.0
87 176.0
76 169.0
34 115.0
61 161.0
26 184.0
85 106.0
80 106.0
30 147.0
51 141.0
