49 167
82 174
74 198
97 154
98 149
54 159
96 196
57 155
66 145
39 199
21 175
56 131
39 136
57 189
48 132
17 102
7 129
35 129
42 194
47 190
34 113
78 184
60 170
47 168
78 186
22 144
12 152
5 161
9 177
12 141
68 166
13 157
50 156
70 121
90 139
65 166
84 157
8 127
43 192
23 158
18 176
8 100
18 124
43 146
23 191
1 148
33 135
62 107
26 103
16 160
52 147
77 134
41 115
61 178
51 138
71 163
95 153
79 119
88 140
30 119
0 162
24 126
27 104
76 133
91 133
92 104
58 126
46 162
72 188
64 130
80 195
73 151
83 179
81 187
36 189
63 102
28 122
67 123
44 164
70 167
21 191
79 103
79 139
60 156
65 144
71 130
92 140
22 148
8 199
60 135
54 133
79 107
78 126
60 145
81 144
72 129
95 189
70 190
43 161
26 191
46 131
95 198
52 157
42 140
7 157
72 145
49 177
79 127
18 121
82 194
82 124
66 178
91 177
35 113
57 191
43 145
42 127
13 104
42 135
1 102
12 162
60 161
35 184
34 159
21 160
82 104
60 141
33 153
9 138
92 167
35 121
22 126
47 104
82 132
8 132
5 159
42 124
76 175
88 155
77 103
22 124
57 132
47 188
92 135
17 179
39 156
41 107
60 175
60 139
47 133
30 166
34 156
21 195
81 198
82 129
64 157
60 189
18 140
57 115
56 196
5 121
60 187
70 107
41 170
58 156
51 176
51 130
83 129
26 159
9 168
78 148
43 129
13 145
41 132
80 127
18 104
70 186
57 170
5 192
22 155
72 138
82 156
95 129
33 178
90 188
62 188
50 184
46 196
17 190
70 145
80 161
56 179
52 107
73 129
48 152
68 102
1 178
76 186
97 177
77 145
62 115
18 133
0 159
80 167
46 156
18 144
35 141
83 135
98 131
81 102
46 154
54 152
18 113
35 177
56 144
30 188
30 184
62 156
79 196
81 145
43 132
90 107
7 160
26 198
35 157
76 121
43 189
79 162
56 187
49 132
70 129
16 145
22 157
70 141
77 139
30 132
41 135
17 104
88 126
95 161
52 159
9 194
82 168
72 131
74 103
39 140
62 177
30 160
23 104
41 104
74 168
9 139
16 136
12 189
83 132
97 136
43 115
54 199
35 163
62 141
5 115
12 196
73 186
43 139
23 144
83 121
71 113
39 129
72 155
82 195
97 115
71 170
39 115
81 134
26 140
34 107
12 131
35 135
84 149
77 174
96 151
57 157
62 191
49 131
16 119
8 163
79 135
33 132
96 134
81 146
79 159
61 124
62 104
21 154
22 134
47 119
18 196
92 154
33 129
91 170
56 103
82 148
82 140
33 152
18 131
62 194
80 136
27 148
81 176
84 187
52 161
22 115
35 115
73 192
23 156
30 157
81 149
61 133
72 127
26 163
71 191
33 102
54 163
5 174
41 162
5 151
1 136
17 148
90 113
46 190
33 156
65 138
54 119
73 196
7 147
52 163
98 134
17 138
33 161
12 138
50 162
9 102
39 148
48 131
78 166
9 145
12 192
96 107
35 127
77 194
71 168
60 107
91 138
8 126
23 151
83 190
84 189
22 138
0 160
33 177
83 139
97 135
90 132
39 100
60 196
88 156
47 141
30 176
65 167
5 157
