55 145.0
50 178.0
60 153.0
83 142.0
97 153.0
58 148.0
67 116.0
40 143.0
22 135.0
36 158.0
8 140.0
49 167.0
36 122.0
35 144.0
61 109.0
43 119.0
16 144.0
14 152.0
51 189.0
91 188.0
87 180.0
66 131.0
72 173.0
96 181.0
31 165.0
88 184.0
52 165.0
77 113.0
93 110.0
28 123.0
25 110.0
1 123.0
29 113.0
30 111.0
11 133.0
84 185.0
82 169.0
65 166.0
15 151.0
82 187.0
90 122.0
37 116.0
100 175.0
13 149.0
6 111.0
26 115.0
9 126.0
63 107.0
2 149.0
62 139.0
42 177.0
39 198.0
54 186.0
48 190.0
90 146.0
13 186.0
19 175.0
60 168.0
79 150.0
71 149.0
18 104.0
80 105.0
20 127.0
49 141.0
99 107.0
53 194.0
25 147.0
17 193.0
83 165.0
52 178.0
60 122.0
15 148.0
82 116.0
66 165.0
35 133.0
51 123.0
15 153.0
29 143.0
61 133.0
60 188.0
25 166.0
96 111.0
30 167.0
14 144.0
60 148.0
93 135.0
96 148.0
52 140.0
91 109.0
16 122.0
82 110.0
72 189.0
43 181.0
60 189.0
49 119.0
55 123.0
91 111.0
88 145.0
30 131.0
11 188.0
