76 157.0
90 140.0
12 138.0
86 122.0
37 167.0
56 138.0
32 122.0
97 135.0
83 116.0
68 161.0
75 143.0
50 148.0
98 143.0
55 116.0
67 164.0
57 120.0
40 139.0
38 154.0
58 141.0
21 199.0
6 183.0
23 160.0
10 155.0
10 197.0
21 150.0
23 198.0
14 192.0
85 128.0
87 159.0
71 177.0
51 193.0
69 147.0
95 129.0
95 194.0
26 171.0
9 195.0
19 166.0
44 114.0
44 151.0
9 187.0
26 191.0
34 156.0
27 176.0
63 200.0
2 146.0
2 137.0
63 132.0
27 186.0
62 102.0
42 105.0
45 127.0
78 163.0
17 127.0
64 109.0
7 124.0
41 126.0
39 144.0
54 126.0
77 118.0
92 108.0
25 136.0
28 104.0
94 108.0
47 104.0
29 118.0
59 136.0
33 162.0
11 142.0
30 145.0
33 178.0
11 117.0
15 182.0
65 165.0
84 181.0
74 115.0
81 173.0
82 174.0
51 109.0
17 195.0
58 200.0
32 178.0
67 146.0
62 145.0
81 109.0
37 132.0
98 200.0
54 132.0
95 200.0
27 124.0
17 162.0
39 193.0
57 124.0
34 127.0
39 114.0
90 165.0
28 142.0
27 144.0
9 193.0
40 137.0
78 187.0
27 109.0
74 183.0
74 197.0
6 136.0
21 177.0
51 143.0
83 165.0
65 159.0
25 109.0
54 165.0
6 173.0
19 161.0
94 140.0
21 140.0
27 165.0
12 144.0
37 105.0
37 198.0
30 195.0
63 135.0
23 187.0
65 136.0
68 163.0
90 127.0
90 104.0
30 120.0
10 163.0
64 178.0
37 108.0
45 122.0
2 173.0
30 150.0
40 117.0
83 122.0
51 142.0
42 141.0
45 154.0
9 127.0
34 151.0
27 147.0
63 129.0
2 199.0
27 163.0
59 141.0
7 117.0
33 141.0
87 162.0
41 115.0
98 105.0
94 139.0
68 141.0
28 157.0
98 178.0
27 171.0
62 178.0
59 160.0
39 138.0
19 138.0
2 195.0
26 117.0
17 108.0
14 114.0
30 164.0
11 104.0
30 167.0
90 102.0
15 183.0
71 102.0
6 195.0
74 156.0
63 154.0
85 118.0
7 177.0
68 191.0
26 109.0
47 165.0
98 114.0
57 151.0
27 120.0
84 183.0
81 142.0
83 136.0
19 127.0
23 141.0
78 138.0
78 159.0
54 164.0
45 181.0
75 176.0
51 155.0
26 177.0
57 145.0
82 198.0
26 116.0
11 114.0
86 183.0
86 126.0
64 132.0
57 195.0
42 177.0
10 138.0
58 102.0
38 182.0
75 108.0
82 191.0
6 126.0
30 174.0
63 124.0
11 183.0
56 160.0
7 138.0
26 154.0
98 157.0
55 105.0
41 140.0
14 122.0
92 156.0
9 177.0
27 192.0
34 140.0
14 162.0
42 109.0
47 105.0
6 117.0
29 124.0
40 124.0
41 117.0
78 140.0
15 128.0
9 173.0
34 139.0
11 160.0
23 122.0
9 139.0
33 165.0
9 198.0
25 155.0
98 195.0
39 104.0
84 198.0
47 182.0
33 194.0
37 150.0
56 166.0
11 141.0
76 141.0
11 155.0
30 132.0
10 194.0
84 166.0
75 171.0
65 146.0
76 198.0
33 140.0
68 198.0
45 120.0
23 143.0
30 128.0
55 126.0
63 109.0
44 122.0
42 104.0
33 156.0
11 157.0
78 154.0
97 155.0
65 138.0
83 163.0
11 109.0
37 155.0
75 198.0
21 142.0
45 117.0
2 147.0
15 132.0
82 155.0
85 140.0
86 117.0
38 163.0
47 122.0
57 150.0
78 155.0
26 178.0
77 155.0
65 140.0
9 104.0
41 150.0
21 139.0
40 191.0
21 173.0
58 162.0
67 116.0
21 127.0
64 171.0
17 135.0
64 163.0
38 156.0
15 166.0
45 129.0
45 199.0
19 141.0
62 139.0
12 181.0
44 150.0
41 104.0
81 127.0
62 115.0
17 141.0
38 157.0
2 117.0
10 148.0
9 161.0
84 128.0
11 173.0
98 187.0
30 138.0
30 182.0
83 187.0
39 150.0
95 108.0
83 142.0
6 118.0
82 145.0
26 147.0
6 177.0
23 162.0
92 115.0
41 178.0
67 167.0
95 163.0
19 164.0
56 109.0
33 148.0
50 124.0
82 122.0
2 126.0
92 186.0
38 128.0
56 174.0
50 108.0
68 138.0
71 145.0
6 181.0
90 160.0
21 144.0
29 157.0
85 148.0
41 114.0
83 102.0
62 136.0
97 105.0
86 102.0
81 126.0
7 143.0
65 193.0
50 183.0
64 194.0
34 108.0
21 120.0
17 178.0
10 186.0
27 181.0
62 114.0
92 120.0
2 136.0
42 200.0
9 150.0
2 108.0
28 182.0
2 162.0
19 197.0
44 141.0
11 198.0
76 135.0
83 141.0
23 156.0
41 197.0
30 124.0
26 104.0
59 183.0
6 109.0
15 160.0
12 148.0
30 115.0
58 137.0
