0 127
43 129
28 103
41 145
28 112
73 192
13 162
24 190
52 155
94 191
61 142
66 171
79 186
80 134
63 163
47 179
34 188
88 116
16 180
20 152
11 124
83 166
72 173
15 113
53 194
72 118
95 140
49 123
84 130
75 132
69 119
68 106
51 132
38 106
78 197
4 189
85 193
82 156
37 154
77 198
76 160
4 199
78 109
65 114
3 126
2 101
42 169
87 154
26 162
97 185
31 179
32 166
60 114
53 128
85 146
92 144
99 115
72 111
82 175
13 184
95 104
42 150
43 166
43 140
43 116
77 162
24 113
43 124
0 156
43 134
75 191
15 191
37 145
75 190
15 197
72 156
20 163
66 140
28 152
79 130
51 113
15 192
0 173
4 130
51 173
37 103
63 190
85 173
49 152
28 199
16 192
11 129
20 119
52 106
84 163
0 106
49 173
20 155
95 152
13 156
37 194
51 199
28 140
52 112
24 140
61 119
73 103
53 193
