57 120
61 113
45 113
95 120
89 113
3 137
4 169
16 156
3 180
50 106
49 136
18 130
12 181
63 130
78 164
28 159
66 177
1 125
82 149
38 163
91 135
99 190
26 118
41 126
92 133
21 194
72 191
92 182
66 120
38 125
4 190
4 163
26 191
99 120
12 135
38 169
45 169
12 120
72 149
38 177
61 126
57 164
26 180
49 156
57 182
41 118
99 177
18 169
72 106
91 113
12 163
16 194
12 126
45 177
50 191
18 164
78 190
72 118
18 120
99 130
41 113
12 180
49 126
91 181
49 194
3 159
72 113
92 113
91 137
12 133
72 120
99 181
63 169
63 120
18 133
49 118
82 169
66 163
92 106
3 125
16 120
4 126
4 120
41 180
16 163
38 113
16 135
16 125
63 180
41 169
50 169
28 191
49 149
92 149
21 120
91 126
41 177
49 169
50 177
50 113
45 149
45 133
91 120
1 156
66 181
28 113
78 156
16 136
1 136
57 180
1 190
91 180
16 133
63 113
3 113
3 182
72 169
1 194
78 106
72 125
66 169
28 137
1 113
91 169
1 133
41 156
89 169
63 137
21 113
21 135
89 133
1 149
16 118
89 163
26 169
26 159
82 130
57 169
66 156
61 159
