33 164
5 119
25 132
14 140
45 153
36 170
12 183
27 115
12 172
2 139
48 144
46 131
2 122
26 173
99 152
54 166
97 135
60 194
98 194
89 173
39 182
7 137
31 104
44 177
39 150
67 175
63 174
47 195
34 151
88 149
34 138
68 134
74 179
84 163
59 188
51 167
95 188
64 155
23 171
32 158
19 187
23 192
23 137
47 188
64 179
7 188
63 139
2 115
88 134
46 175
74 137
67 173
34 139
63 171
47 171
32 115
31 135
31 155
26 131
47 152
14 170
48 132
23 135
33 172
97 182
98 164
47 139
95 138
48 182
84 170
14 166
14 122
67 144
99 119
36 187
48 152
12 155
74 104
12 144
99 140
32 138
44 195
39 164
44 134
39 131
39 194
46 153
36 182
19 134
51 119
12 131
45 139
7 166
63 158
39 132
7 170
63 172
7 140
7 194
5 122
34 152
19 131
46 179
47 134
44 188
97 155
67 167
68 183
59 139
59 175
51 174
14 139
51 183
99 155
74 115
5 192
26 104
19 149
46 192
2 187
98 151
46 171
67 188
98 182
98 144
48 155
98 187
5 167
99 177
36 177
47 163
2 175
89 155
19 173
19 179
19 152
64 119
31 183
25 163
2 174
84 183
36 134
89 144
48 166
36 195
84 182
34 153
59 119
59 177
23 194
64 153
2 150
36 151
25 170
34 122
64 104
44 152
46 174
27 175
19 151
95 164
46 172
63 134
68 170
25 151
45 173
7 149
34 104
89 131
2 164
2 153
32 175
34 177
59 122
97 167
64 174
26 134
5 179
98 149
39 158
59 153
46 150
45 122
48 149
14 138
67 166
2 173
68 135
63 137
32 134
12 132
99 144
89 183
48 163
60 177
88 164
88 135
95 149
25 149
46 177
32 140
97 164
26 182
36 122
25 166
27 182
68 155
88 194
97 115
23 173
