43 132
45 133
2 100
10 157
2 166
51 142
53 104
53 188
51 190
78 156
93 185
70 186
77 177
32 148
33 160
33 169
67 176
74 152
38 171
38 199
89 105
71 122
52 105
47 122
18 136
91 151
94 151
82 136
68 140
69 101
48 101
87 132
72 186
26 117
9 186
5 129
44 121
81 175
22 159
52 123
45 150
96 126
78 109
34 195
98 118
53 132
67 105
33 132
43 156
48 105
33 152
33 133
43 199
91 152
94 104
48 151
78 176
43 151
77 160
45 186
2 177
51 122
53 101
67 186
38 136
43 101
78 132
32 151
45 188
71 186
2 122
53 156
47 152
68 156
68 122
10 160
82 199
47 133
