51 140
95 110
57 110
88 181
73 130
29 181
97 130
70 160
17 144
17 121
46 129
62 173
62 188
46 197
16 150
3 187
16 190
3 112
87 162
49 147
50 147
18 162
1 142
28 109
86 151
25 127
64 145
33 119
82 115
99 115
68 104
24 103
67 103
96 104
9 125
13 159
13 176
60 198
41 168
83 167
60 175
56 152
80 110
40 177
31 130
23 139
52 177
30 180
9 137
93 111
46 122
90 191
83 171
28 176
88 190
13 140
68 144
49 140
95 104
87 125
51 129
3 167
46 110
99 104
62 110
16 159
57 176
17 181
16 197
17 119
82 181
83 190
49 103
24 181
46 112
46 104
17 129
97 119
41 188
73 112
60 176
96 181
62 119
88 110
25 119
13 119
64 176
62 121
97 151
1 144
83 160
62 162
87 103
87 110
33 140
25 104
64 198
50 110
70 145
83 119
24 112
17 176
1 115
