66 137.0
26 128.0
6 113.0
15 104.0
34 146.0
42 145.0
44 132.0
1 140.0
29 123.0
42 102.0
9 167.0
49 195.0
22 136.0
3 174.0
3 153.0
49 114.0
9 119.0
40 101.0
23 144.0
2 118.0
45 142.0
8 118.0
87 109.0
64 147.0
68 103.0
17 122.0
89 109.0
81 147.0
35 103.0
76 121.0
39 171.0
75 112.0
69 154.0
60 173.0
96 111.0
50 111.0
52 112.0
78 186.0
83 105.0
5 183.0
38 178.0
51 182.0
79 179.0
86 177.0
33 106.0
24 158.0
65 166.0
41 115.0
31 134.0
20 134.0
28 173.0
43 107.0
19 195.0
61 134.0
16 184.0
26 188.0
98 197.0
25 164.0
55 152.0
13 124.0
45 171.0
5 119.0
33 132.0
78 114.0
1 111.0
81 101.0
3 183.0
89 171.0
29 128.0
45 166.0
1 167.0
17 119.0
35 128.0
87 132.0
65 145.0
42 183.0
44 134.0
41 105.0
83 134.0
76 178.0
20 103.0
35 177.0
42 186.0
51 195.0
69 103.0
68 154.0
40 154.0
87 134.0
50 118.0
23 158.0
78 137.0
68 166.0
2 158.0
5 134.0
49 134.0
42 179.0
23 122.0
66 119.0
3 115.0
24 118.0
75 167.0
34 144.0
96 153.0
79 146.0
42 113.0
8 122.0
64 183.0
78 173.0
24 177.0
24 121.0
65 147.0
78 145.0
45 147.0
64 145.0
31 128.0
40 109.0
29 174.0
8 119.0
17 145.0
64 112.0
3 166.0
49 101.0
31 121.0
22 146.0
81 158.0
