65 136
25 127
5 112
14 103
33 145
41 144
43 131
0 139
28 122
41 101
8 166
48 194
21 135
2 173
2 152
48 113
8 118
39 100
22 143
1 117
44 141
7 117
86 108
63 146
67 102
16 121
88 108
80 146
34 102
75 120
38 170
74 111
68 153
59 172
95 110
49 110
51 111
77 185
82 104
4 182
37 177
50 181
78 178
85 176
32 105
23 157
64 165
40 114
30 133
19 133
27 172
42 106
18 194
60 133
15 183
25 187
97 196
24 163
54 151
12 123
44 170
4 118
32 131
77 113
0 110
80 100
2 182
88 170
28 127
44 165
0 166
16 118
34 127
86 131
64 144
41 182
43 133
40 104
82 133
75 177
19 102
34 176
41 185
50 194
68 102
67 153
39 153
86 133
49 117
22 157
77 136
67 165
1 157
4 133
48 133
41 178
22 121
65 118
2 114
23 117
74 166
33 143
95 152
78 145
41 112
7 121
63 182
77 172
23 176
23 120
64 146
77 144
44 146
63 144
30 127
39 108
28 173
7 118
16 144
63 111
2 165
48 100
30 120
21 145
80 157
