66 103.0
6 149.0
34 122.0
15 147.0
58 103.0
42 165.0
29 141.0
1 107.0
18 133.0
1 124.0
18 131.0
49 195.0
22 125.0
47 119.0
3 114.0
3 153.0
22 174.0
47 167.0
53 106.0
62 126.0
95 166.0
74 158.0
36 134.0
14 106.0
19 134.0
57 193.0
98 156.0
97 143.0
61 192.0
100 159.0
94 191.0
10 188.0
55 192.0
90 143.0
32 108.0
40 132.0
8 145.0
2 123.0
45 140.0
68 187.0
35 189.0
89 181.0
80 164.0
17 117.0
81 148.0
48 168.0
20 177.0
65 183.0
7 138.0
24 151.0
41 178.0
33 179.0
24 186.0
13 113.0
92 133.0
56 124.0
84 147.0
12 146.0
75 170.0
76 156.0
79 110.0
83 133.0
23 142.0
68 130.0
45 194.0
5 190.0
66 154.0
97 121.0
66 169.0
83 185.0
100 131.0
3 107.0
32 195.0
48 103.0
66 151.0
34 188.0
17 134.0
40 192.0
6 125.0
66 191.0
45 183.0
36 195.0
62 187.0
45 164.0
33 145.0
57 122.0
36 189.0
15 107.0
74 179.0
32 159.0
41 132.0
19 147.0
100 186.0
42 177.0
1 145.0
57 167.0
40 119.0
47 179.0
33 164.0
33 147.0
24 147.0
40 141.0
10 186.0
65 187.0
89 167.0
48 174.0
14 181.0
3 191.0
17 141.0
24 189.0
95 189.0
40 153.0
17 103.0
24 119.0
8 134.0
58 119.0
8 193.0
29 122.0
22 192.0
48 124.0
100 123.0
36 148.0
55 165.0
74 133.0
19 192.0
42 126.0
32 186.0
45 187.0
18 143.0
40 179.0
62 143.0
7 106.0
15 133.0
74 156.0
14 131.0
36 165.0
40 124.0
8 103.0
34 166.0
97 167.0
22 168.0
40 167.0
32 147.0
18 179.0
90 178.0
68 133.0
3 189.0
6 145.0
81 134.0
10 119.0
1 195.0
33 125.0
29 119.0
49 108.0
66 123.0
2 122.0
22 166.0
40 159.0
24 140.0
53 145.0
48 177.0
58 124.0
45 151.0
45 125.0
74 138.0
34 140.0
19 143.0
41 188.0
17 108.0
98 178.0
100 126.0
62 114.0
45 165.0
35 193.0
47 188.0
89 145.0
18 159.0
68 140.0
47 134.0
41 145.0
15 167.0
47 132.0
24 153.0
18 108.0
29 186.0
36 145.0
45 156.0
95 191.0
8 107.0
2 147.0
81 165.0
35 132.0
6 106.0
33 159.0
3 131.0
22 158.0
81 158.0
97 134.0
29 177.0
95 174.0
3 132.0
49 103.0
58 138.0
8 149.0
40 188.0
49 193.0
89 156.0
6 131.0
40 166.0
74 164.0
47 145.0
34 108.0
98 131.0
41 106.0
19 145.0
66 145.0
74 143.0
19 141.0
40 181.0
42 189.0
29 167.0
32 177.0
24 181.0
24 106.0
32 107.0
80 147.0
14 177.0
3 103.0
8 158.0
2 164.0
35 141.0
32 158.0
55 134.0
32 141.0
7 192.0
42 145.0
29 166.0
3 124.0
15 159.0
1 187.0
18 147.0
95 125.0
55 178.0
22 193.0
80 107.0
3 123.0
8 148.0
55 181.0
7 108.0
48 123.0
62 108.0
81 133.0
22 178.0
32 126.0
8 177.0
58 148.0
8 178.0
20 168.0
34 153.0
49 178.0
3 147.0
10 103.0
95 167.0
18 166.0
34 195.0
