6 170.0
34 175.0
15 152.0
66 160.0
58 176.0
66 150.0
15 185.0
34 139.0
42 167.0
44 136.0
29 153.0
1 195.0
29 114.0
42 162.0
1 125.0
22 172.0
49 192.0
47 156.0
3 163.0
47 191.0
49 193.0
3 188.0
74 149.0
36 147.0
53 103.0
62 122.0
67 147.0
95 103.0
25 149.0
98 116.0
99 173.0
55 111.0
61 112.0
27 184.0
97 121.0
100 184.0
57 116.0
90 112.0
48 181.0
17 187.0
64 117.0
81 164.0
35 180.0
87 148.0
68 135.0
37 188.0
30 131.0
88 180.0
92 139.0
63 164.0
8 155.0
2 184.0
73 118.0
16 146.0
60 124.0
39 173.0
52 117.0
5 175.0
38 102.0
83 140.0
24 182.0
33 124.0
56 166.0
5 158.0
24 101.0
65 142.0
96 128.0
11 104.0
13 198.0
28 161.0
6 157.0
34 123.0
86 102.0
15 183.0
1 182.0
16 138.0
99 165.0
43 131.0
25 121.0
47 147.0
90 180.0
64 152.0
36 170.0
81 149.0
55 191.0
98 117.0
6 180.0
6 153.0
57 163.0
67 125.0
42 160.0
42 181.0
81 150.0
81 136.0
47 167.0
57 152.0
35 147.0
29 139.0
29 112.0
3 150.0
97 122.0
48 136.0
95 116.0
58 136.0
3 167.0
53 139.0
22 117.0
66 135.0
36 117.0
27 181.0
47 111.0
95 162.0
22 121.0
68 176.0
29 192.0
15 122.0
1 103.0
44 121.0
17 103.0
44 185.0
98 162.0
58 112.0
74 170.0
97 152.0
62 139.0
58 125.0
3 152.0
1 192.0
66 116.0
17 122.0
57 103.0
3 149.0
90 117.0
66 162.0
27 172.0
55 147.0
61 187.0
1 152.0
29 111.0
3 121.0
97 176.0
87 156.0
68 153.0
61 181.0
74 121.0
49 176.0
58 195.0
42 184.0
57 195.0
95 153.0
47 112.0
34 187.0
57 135.0
1 181.0
1 122.0
61 180.0
1 188.0
47 152.0
67 121.0
29 175.0
62 185.0
25 156.0
15 191.0
22 195.0
47 148.0
1 117.0
42 193.0
53 148.0
17 192.0
90 135.0
17 170.0
68 163.0
27 135.0
6 103.0
61 176.0
95 195.0
34 136.0
98 103.0
87 122.0
34 173.0
81 188.0
17 112.0
49 117.0
17 162.0
68 167.0
57 114.0
68 185.0
49 121.0
90 167.0
55 114.0
3 117.0
35 184.0
95 112.0
62 191.0
22 136.0
15 162.0
62 167.0
87 150.0
90 163.0
22 116.0
3 160.0
29 121.0
90 122.0
47 103.0
34 164.0
58 162.0
53 181.0
6 156.0
49 185.0
17 139.0
47 181.0
58 180.0
81 103.0
87 153.0
34 147.0
42 135.0
62 112.0
27 114.0
61 125.0
35 114.0
98 152.0
81 112.0
81 173.0
100 167.0
25 116.0
