5 169
33 174
14 151
65 159
57 175
65 149
14 184
33 138
41 166
43 135
28 152
0 194
28 113
41 161
0 124
21 171
48 191
46 155
2 162
46 190
48 192
2 187
73 148
35 146
52 102
61 121
66 146
94 102
24 148
97 115
98 172
54 110
60 111
26 183
96 120
99 183
56 115
89 111
47 180
16 186
63 116
80 163
34 179
86 147
67 134
36 187
29 130
87 179
91 138
62 163
7 154
1 183
72 117
15 145
59 123
38 172
51 116
4 174
37 101
82 139
23 181
32 123
55 165
4 157
23 100
64 141
95 127
10 103
12 197
27 160
5 156
33 122
85 101
14 182
0 181
15 137
98 164
42 130
24 120
46 146
89 179
63 151
35 169
80 148
54 190
97 116
5 179
5 152
56 162
66 124
41 159
41 180
80 149
80 135
46 166
56 151
34 146
28 138
28 111
2 149
96 121
47 135
94 115
57 135
2 166
52 138
21 116
65 134
35 116
26 180
46 110
94 161
21 120
67 175
28 191
14 121
0 102
43 120
16 102
43 184
97 161
57 111
73 169
96 151
61 138
57 124
2 151
0 191
65 115
16 121
56 102
2 148
89 116
65 161
26 171
54 146
60 186
0 151
28 110
2 120
96 175
86 155
67 152
60 180
73 120
48 175
57 194
41 183
56 194
94 152
46 111
33 186
56 134
0 180
0 121
60 179
0 187
46 151
66 120
28 174
61 184
24 155
14 190
21 194
46 147
0 116
41 192
52 147
16 191
89 134
16 169
67 162
26 134
5 102
60 175
94 194
33 135
97 102
86 121
33 172
80 187
16 111
48 116
16 161
67 166
56 113
67 184
48 120
89 166
54 113
2 116
34 183
94 111
61 190
21 135
14 161
61 166
86 149
89 162
21 115
2 159
28 120
89 121
46 102
33 163
57 161
52 180
5 155
48 184
16 138
46 180
57 179
80 102
86 152
33 146
41 134
61 111
26 113
60 124
34 113
97 151
80 111
80 172
99 166
24 115
