76 131.0
37 188.0
32 152.0
100 180.0
90 170.0
63 153.0
2 162.0
34 178.0
34 117.0
30 129.0
11 193.0
11 194.0
30 147.0
30 177.0
11 125.0
99 157.0
55 175.0
83 124.0
58 152.0
40 147.0
8 142.0
36 188.0
43 105.0
79 176.0
13 166.0
10 137.0
69 152.0
14 162.0
66 167.0
24 184.0
26 198.0
78 155.0
17 194.0
39 194.0
41 197.0
88 193.0
80 151.0
25 121.0
1 136.0
59 183.0
81 118.0
74 116.0
7 146.0
8 200.0
19 112.0
43 197.0
43 198.0
4 199.0
36 167.0
48 138.0
78 149.0
75 108.0
11 161.0
7 135.0
12 121.0
83 113.0
92 195.0
85 151.0
79 169.0
29 144.0
38 119.0
25 102.0
9 105.0
73 154.0
49 120.0
89 133.0
67 165.0
63 115.0
37 170.0
2 178.0
34 162.0
2 117.0
30 194.0
11 147.0
100 170.0
100 188.0
100 131.0
37 131.0
76 188.0
90 131.0
2 153.0
