86 110.0
98 121.0
35 110.0
30 121.0
80 121.0
18 108.0
82 126.0
7 177.0
31 160.0
47 186.0
48 130.0
6 174.0
47 180.0
48 185.0
70 144.0
9 159.0
38 105.0
81 159.0
24 128.0
53 155.0
20 152.0
20 190.0
24 158.0
23 192.0
12 127.0
29 172.0
67 183.0
12 134.0
83 148.0
72 147.0
100 106.0
95 106.0
27 147.0
68 118.0
40 107.0
75 171.0
76 137.0
99 171.0
69 107.0
42 166.0
73 169.0
84 199.0
22 125.0
22 115.0
42 197.0
52 158.0
46 121.0
5 149.0
50 185.0
19 163.0
11 107.0
77 188.0
14 151.0
54 170.0
11 188.0
52 151.0
70 101.0
94 120.0
30 102.0
5 184.0
48 158.0
86 155.0
9 106.0
82 110.0
40 125.0
73 110.0
18 128.0
47 190.0
35 147.0
83 192.0
30 147.0
98 159.0
72 185.0
6 118.0
6 171.0
