2
1 2 3 4 5 6 7 8 9 10 11 12 13 14 15 16 17 18 19 20 21 22 23 24 25 26 27 28 29 30 31 32 33 34 35 36 37 38 39 40 41 42 43 44 45 46 47 48 49 50 51 52 53 54 55 56 57 58 59 60 61 62 63 64 65 66 67 68 69 70 71 72 73 74 75 76 77 78 79 80 81 82 83 84 85 86 87 88 89 90 91 92 93 94 95 96 97 98 99 100
1010
1 80
1 96
1 97
1 98
1 99
1 100
2 66
2 71
2 74
2 87
2 88
2 89
3 91
3 92
3 96
3 98
3 99
3 100
4 62
4 65
4 70
4 83
4 86
4 94
5 20
5 26
5 29
5 35
5 46
5 56
6 39
6 69
6 81
6 83
6 86
6 94
7 10
7 25
7 30
7 41
7 42
7 52
8 61
8 62
8 77
8 82
8 87
8 88
9 54
9 66
9 77
9 87
9 88
9 89
10 7
10 23
10 25
10 41
10 42
10 52
11 92
11 93
11 97
11 98
11 99
11 100
12 39
12 44
12 53
12 57
12 60
12 68
13 27
13 67
13 76
13 84
13 85
13 90
14 43
14 53
14 57
14 60
14 68
14 74
15 23
15 25
15 30
15 41
15 42
15 52
16 31
16 33
16 61
16 84
16 85
16 90
17 73
17 78
17 81
17 86
17 94
17 98
18 71
18 78
18 82
18 87
18 88
18 89
19 22
19 61
19 76
19 84
19 85
19 90
20 5
20 72
20 73
20 81
20 83
20 94
21 51
21 61
21 64
21 76
21 84
21 85
21 90
22 19
22 64
22 67
22 76
22 84
22 85
22 90
23 10
23 15
23 30
23 34
23 41
23 42
23 52
24 36
24 43
24 44
24 53
24 57
24 60
24 68
25 7
25 10
25 15
25 30
25 41
25 42
25 52
26 5
26 28
26 33
26 35
26 45
26 46
26 56
27 13
27 49
27 64
27 76
27 84
27 85
27 90
28 26
28 29
28 33
28 45
28 46
28 56
28 59
29 5
29 28
29 35
29 38
29 45
29 46
29 56
30 7
30 15
30 23
30 25
30 41
30 42
30 52
31 16
31 49
31 51
31 76
31 84
31 85
31 90
32 59
32 71
32 74
32 77
32 82
32 87
32 89
33 16
33 26
33 28
33 38
33 45
33 46
33 56
34 23
34 93
34 95
34 97
34 98
34 99
34 100
35 5
35 26
35 29
35 38
35 46
35 56
35 81
36 24
36 39
36 44
36 53
36 57
36 60
36 68
37 67
37 91
37 95
37 96
37 97
37 98
37 99
37 100
38 29
38 33
38 35
38 45
38 46
38 56
38 58
38 89
39 6
39 12
39 36
39 44
39 53
39 57
39 60
39 68
40 45
40 65
40 69
40 72
40 81
40 83
40 86
40 94
41 7
41 10
41 15
41 23
41 25
41 30
41 42
41 52
42 7
42 10
42 15
42 23
42 25
42 30
42 41
42 52
43 14
43 24
43 44
43 52
43 53
43 57
43 60
43 68
44 12
44 24
44 36
44 39
44 43
44 57
44 60
44 68
45 26
45 28
45 29
45 33
45 38
45 40
45 46
45 56
46 5
46 26
46 28
46 29
46 33
46 35
46 38
46 45
46 56
47 65
47 66
47 69
47 72
47 73
47 78
47 83
47 86
47 94
48 91
48 92
48 93
48 95
48 96
48 97
48 98
48 99
48 100
49 27
49 31
49 61
49 64
49 67
49 76
49 84
49 85
49 90
50 91
50 92
50 93
50 95
50 96
50 97
50 98
50 99
50 100
51 21
51 31
51 61
51 64
51 67
51 76
51 84
51 85
51 90
52 7
52 10
52 15
52 23
52 25
52 30
52 41
52 42
52 43
53 12
53 14
53 24
53 36
53 39
53 43
53 57
53 60
53 68
54 9
54 59
54 63
54 74
54 77
54 82
54 87
54 88
54 89
55 66
55 71
55 74
55 77
55 82
55 87
55 88
55 89
55 90
56 5
56 26
56 28
56 29
56 33
56 35
56 38
56 45
56 46
56 82
57 12
57 14
57 24
57 36
57 39
57 43
57 44
57 53
57 60
57 68
58 38
58 91
58 92
58 93
58 95
58 96
58 97
58 98
58 99
58 100
59 28
59 32
59 54
59 63
59 66
59 71
59 82
59 87
59 88
59 89
60 12
60 14
60 24
60 36
60 39
60 43
60 44
60 53
60 57
60 68
61 8
61 16
61 19
61 21
61 49
61 51
61 64
61 67
61 85
61 90
62 4
62 8
62 69
62 70
62 72
62 73
62 78
62 81
62 83
62 86
62 94
63 54
63 59
63 66
63 71
63 74
63 77
63 82
63 87
63 88
63 89
63 100
64 21
64 22
64 27
64 49
64 51
64 61
64 67
64 76
64 84
64 85
64 90
65 4
65 40
65 47
65 69
65 70
65 73
65 78
65 83
65 86
65 94
65 99
66 2
66 9
66 47
66 55
66 59
66 63
66 74
66 77
66 82
66 88
66 89
67 13
67 22
67 37
67 49
67 51
67 61
67 64
67 76
67 84
67 85
67 90
68 12
68 14
68 24
68 36
68 39
68 43
68 44
68 53
68 57
68 60
68 79
69 6
69 40
69 47
69 62
69 65
69 70
69 72
69 78
69 81
69 83
69 86
69 94
70 4
70 62
70 65
70 69
70 72
70 73
70 78
70 81
70 83
70 86
70 94
70 95
71 2
71 18
71 32
71 55
71 59
71 63
71 74
71 77
71 82
71 87
71 88
71 89
72 20
72 40
72 47
72 62
72 69
72 70
72 73
72 78
72 81
72 83
72 86
72 94
73 17
73 20
73 47
73 62
73 65
73 70
73 72
73 78
73 81
73 83
73 86
73 94
74 2
74 14
74 32
74 54
74 55
74 63
74 66
74 71
74 77
74 87
74 88
74 89
75 79
75 80
75 91
75 92
75 93
75 95
75 96
75 97
75 98
75 99
75 100
76 13
76 19
76 21
76 22
76 27
76 31
76 49
76 51
76 64
76 67
76 84
76 85
76 90
77 8
77 9
77 32
77 54
77 55
77 63
77 66
77 71
77 74
77 82
77 87
77 88
77 89
78 17
78 18
78 47
78 62
78 65
78 69
78 70
78 72
78 73
78 81
78 83
78 86
78 94
79 68
79 75
79 80
79 91
79 92
79 93
79 95
79 96
79 97
79 98
79 99
79 100
80 1
80 75
80 79
80 91
80 92
80 93
80 95
80 96
80 97
80 98
80 99
80 100
81 6
81 17
81 20
81 35
81 40
81 62
81 69
81 70
81 72
81 73
81 78
81 83
81 86
81 94
82 8
82 18
82 32
82 54
82 55
82 56
82 59
82 63
82 66
82 71
82 77
82 87
82 88
82 89
83 4
83 6
83 20
83 40
83 47
83 62
83 65
83 69
83 70
83 72
83 73
83 78
83 81
83 86
83 94
84 13
84 16
84 19
84 21
84 22
84 27
84 31
84 49
84 51
84 64
84 67
84 76
84 85
84 90
84 92
85 13
85 16
85 19
85 21
85 22
85 27
85 31
85 49
85 51
85 61
85 64
85 67
85 76
85 84
85 90
86 4
86 6
86 17
86 40
86 47
86 62
86 65
86 69
86 70
86 72
86 73
86 78
86 81
86 83
86 87
86 94
87 2
87 8
87 9
87 18
87 32
87 54
87 55
87 59
87 63
87 71
87 74
87 77
87 82
87 86
87 88
87 89
88 2
88 8
88 9
88 18
88 54
88 55
88 59
88 63
88 66
88 71
88 74
88 77
88 82
88 87
88 89
88 93
89 2
89 9
89 18
89 32
89 38
89 54
89 55
89 59
89 63
89 66
89 71
89 74
89 77
89 82
89 87
89 88
90 13
90 16
90 19
90 21
90 22
90 27
90 31
90 49
90 51
90 55
90 61
90 64
90 67
90 76
90 84
90 85
91 3
91 37
91 48
91 50
91 58
91 75
91 79
91 80
91 92
91 93
91 95
91 96
91 97
91 98
91 99
91 100
92 3
92 11
92 48
92 50
92 58
92 75
92 79
92 80
92 84
92 91
92 93
92 95
92 96
92 97
92 98
92 99
92 100
93 11
93 34
93 48
93 50
93 58
93 75
93 79
93 80
93 88
93 91
93 92
93 95
93 96
93 97
93 98
93 99
93 100
94 4
94 6
94 17
94 20
94 40
94 47
94 62
94 65
94 69
94 70
94 72
94 73
94 78
94 81
94 83
94 86
94 96
95 34
95 37
95 48
95 50
95 58
95 70
95 75
95 79
95 80
95 91
95 92
95 93
95 96
95 97
95 98
95 99
95 100
96 1
96 3
96 37
96 48
96 50
96 58
96 75
96 79
96 80
96 91
96 92
96 93
96 94
96 95
96 97
96 98
96 99
96 100
97 1
97 11
97 34
97 37
97 48
97 50
97 58
97 75
97 79
97 80
97 91
97 92
97 93
97 95
97 96
97 98
97 99
97 100
98 1
98 3
98 11
98 17
98 34
98 37
98 48
98 50
98 58
98 75
98 79
98 80
98 91
98 92
98 93
98 95
98 96
98 97
98 99
98 100
99 1
99 3
99 11
99 34
99 37
99 48
99 50
99 58
99 65
99 75
99 79
99 80
99 91
99 92
99 93
99 95
99 96
99 97
99 98
99 100
100 1
100 3
100 11
100 34
100 37
100 48
100 50
100 58
100 63
100 75
100 79
100 80
100 91
100 92
100 93
100 95
100 96
100 97
100 98
100 99
101.0 102.0 103.0 104.0 105.0 106.0 107.0 108.0 109.0 110.0 111.0 112.0 113.0 114.0 115.0 116.0 117.0 118.0 119.0 120.0 121.0 122.0 123.0 124.0 125.0 126.0 127.0 128.0 129.0 130.0 131.0 132.0 133.0 134.0 135.0 136.0 137.0 138.0 139.0 140.0 141.0 142.0 143.0 144.0 145.0 146.0 147.0 148.0 149.0 150.0 151.0 152.0 153.0 154.0 155.0 156.0 157.0 158.0 159.0 160.0 161.0 162.0 163.0 164.0 165.0 166.0 167.0 168.0 169.0 170.0 171.0 172.0 173.0 174.0 175.0 176.0 177.0 178.0 179.0 180.0 181.0 182.0 183.0 184.0 185.0 186.0 187.0 188.0 189.0 190.0 191.0 192.0 193.0 194.0 195.0 196.0 197.0 198.0 199.0 200.0
1010
101.0 180.0
101.0 196.0
101.0 197.0
101.0 198.0
101.0 199.0
101.0 200.0
102.0 166.0
102.0 171.0
102.0 174.0
102.0 187.0
102.0 188.0
102.0 189.0
103.0 191.0
103.0 192.0
103.0 196.0
103.0 198.0
103.0 199.0
103.0 200.0
104.0 162.0
104.0 165.0
104.0 170.0
104.0 183.0
104.0 186.0
104.0 194.0
105.0 120.0
105.0 126.0
105.0 129.0
105.0 135.0
105.0 146.0
105.0 156.0
106.0 139.0
106.0 169.0
106.0 181.0
106.0 183.0
106.0 186.0
106.0 194.0
107.0 110.0
107.0 125.0
107.0 130.0
107.0 141.0
107.0 142.0
107.0 152.0
108.0 161.0
108.0 162.0
108.0 177.0
108.0 182.0
108.0 187.0
108.0 188.0
109.0 154.0
109.0 166.0
109.0 177.0
109.0 187.0
109.0 188.0
109.0 189.0
110.0 107.0
110.0 123.0
110.0 125.0
110.0 141.0
110.0 142.0
110.0 152.0
111.0 192.0
111.0 193.0
111.0 197.0
111.0 198.0
111.0 199.0
111.0 200.0
112.0 139.0
112.0 144.0
112.0 153.0
112.0 157.0
112.0 160.0
112.0 168.0
113.0 127.0
113.0 167.0
113.0 176.0
113.0 184.0
113.0 185.0
113.0 190.0
114.0 143.0
114.0 153.0
114.0 157.0
114.0 160.0
114.0 168.0
114.0 174.0
115.0 123.0
115.0 125.0
115.0 130.0
115.0 141.0
115.0 142.0
115.0 152.0
116.0 131.0
116.0 133.0
116.0 161.0
116.0 184.0
116.0 185.0
116.0 190.0
117.0 173.0
117.0 178.0
117.0 181.0
117.0 186.0
117.0 194.0
117.0 198.0
118.0 171.0
118.0 178.0
118.0 182.0
118.0 187.0
118.0 188.0
118.0 189.0
119.0 122.0
119.0 161.0
119.0 176.0
119.0 184.0
119.0 185.0
119.0 190.0
120.0 105.0
120.0 172.0
120.0 173.0
120.0 181.0
120.0 183.0
120.0 194.0
121.0 151.0
121.0 161.0
121.0 164.0
121.0 176.0
121.0 184.0
121.0 185.0
121.0 190.0
122.0 119.0
122.0 164.0
122.0 167.0
122.0 176.0
122.0 184.0
122.0 185.0
122.0 190.0
123.0 110.0
123.0 115.0
123.0 130.0
123.0 134.0
123.0 141.0
123.0 142.0
123.0 152.0
124.0 136.0
124.0 143.0
124.0 144.0
124.0 153.0
124.0 157.0
124.0 160.0
124.0 168.0
125.0 107.0
125.0 110.0
125.0 115.0
125.0 130.0
125.0 141.0
125.0 142.0
125.0 152.0
126.0 105.0
126.0 128.0
126.0 133.0
126.0 135.0
126.0 145.0
126.0 146.0
126.0 156.0
127.0 113.0
127.0 149.0
127.0 164.0
127.0 176.0
127.0 184.0
127.0 185.0
127.0 190.0
128.0 126.0
128.0 129.0
128.0 133.0
128.0 145.0
128.0 146.0
128.0 156.0
128.0 159.0
129.0 105.0
129.0 128.0
129.0 135.0
129.0 138.0
129.0 145.0
129.0 146.0
129.0 156.0
130.0 107.0
130.0 115.0
130.0 123.0
130.0 125.0
130.0 141.0
130.0 142.0
130.0 152.0
131.0 116.0
131.0 149.0
131.0 151.0
131.0 176.0
131.0 184.0
131.0 185.0
131.0 190.0
132.0 159.0
132.0 171.0
132.0 174.0
132.0 177.0
132.0 182.0
132.0 187.0
132.0 189.0
133.0 116.0
133.0 126.0
133.0 128.0
133.0 138.0
133.0 145.0
133.0 146.0
133.0 156.0
134.0 123.0
134.0 193.0
134.0 195.0
134.0 197.0
134.0 198.0
134.0 199.0
134.0 200.0
135.0 105.0
135.0 126.0
135.0 129.0
135.0 138.0
135.0 146.0
135.0 156.0
135.0 181.0
136.0 124.0
136.0 139.0
136.0 144.0
136.0 153.0
136.0 157.0
136.0 160.0
136.0 168.0
137.0 167.0
137.0 191.0
137.0 195.0
137.0 196.0
137.0 197.0
137.0 198.0
137.0 199.0
137.0 200.0
138.0 129.0
138.0 133.0
138.0 135.0
138.0 145.0
138.0 146.0
138.0 156.0
138.0 158.0
138.0 189.0
139.0 106.0
139.0 112.0
139.0 136.0
139.0 144.0
139.0 153.0
139.0 157.0
139.0 160.0
139.0 168.0
140.0 145.0
140.0 165.0
140.0 169.0
140.0 172.0
140.0 181.0
140.0 183.0
140.0 186.0
140.0 194.0
141.0 107.0
141.0 110.0
141.0 115.0
141.0 123.0
141.0 125.0
141.0 130.0
141.0 142.0
141.0 152.0
142.0 107.0
142.0 110.0
142.0 115.0
142.0 123.0
142.0 125.0
142.0 130.0
142.0 141.0
142.0 152.0
143.0 114.0
143.0 124.0
143.0 144.0
143.0 152.0
143.0 153.0
143.0 157.0
143.0 160.0
143.0 168.0
144.0 112.0
144.0 124.0
144.0 136.0
144.0 139.0
144.0 143.0
144.0 157.0
144.0 160.0
144.0 168.0
145.0 126.0
145.0 128.0
145.0 129.0
145.0 133.0
145.0 138.0
145.0 140.0
145.0 146.0
145.0 156.0
146.0 105.0
146.0 126.0
146.0 128.0
146.0 129.0
146.0 133.0
146.0 135.0
146.0 138.0
146.0 145.0
146.0 156.0
147.0 165.0
147.0 166.0
147.0 169.0
147.0 172.0
147.0 173.0
147.0 178.0
147.0 183.0
147.0 186.0
147.0 194.0
148.0 191.0
148.0 192.0
148.0 193.0
148.0 195.0
148.0 196.0
148.0 197.0
148.0 198.0
148.0 199.0
148.0 200.0
149.0 127.0
149.0 131.0
149.0 161.0
149.0 164.0
149.0 167.0
149.0 176.0
149.0 184.0
149.0 185.0
149.0 190.0
150.0 191.0
150.0 192.0
150.0 193.0
150.0 195.0
150.0 196.0
150.0 197.0
150.0 198.0
150.0 199.0
150.0 200.0
151.0 121.0
151.0 131.0
151.0 161.0
151.0 164.0
151.0 167.0
151.0 176.0
151.0 184.0
151.0 185.0
151.0 190.0
152.0 107.0
152.0 110.0
152.0 115.0
152.0 123.0
152.0 125.0
152.0 130.0
152.0 141.0
152.0 142.0
152.0 143.0
153.0 112.0
153.0 114.0
153.0 124.0
153.0 136.0
153.0 139.0
153.0 143.0
153.0 157.0
153.0 160.0
153.0 168.0
154.0 109.0
154.0 159.0
154.0 163.0
154.0 174.0
154.0 177.0
154.0 182.0
154.0 187.0
154.0 188.0
154.0 189.0
155.0 166.0
155.0 171.0
155.0 174.0
155.0 177.0
155.0 182.0
155.0 187.0
155.0 188.0
155.0 189.0
155.0 190.0
156.0 105.0
156.0 126.0
156.0 128.0
156.0 129.0
156.0 133.0
156.0 135.0
156.0 138.0
156.0 145.0
156.0 146.0
156.0 182.0
157.0 112.0
157.0 114.0
157.0 124.0
157.0 136.0
157.0 139.0
157.0 143.0
157.0 144.0
157.0 153.0
157.0 160.0
157.0 168.0
158.0 138.0
158.0 191.0
158.0 192.0
158.0 193.0
158.0 195.0
158.0 196.0
158.0 197.0
158.0 198.0
158.0 199.0
158.0 200.0
159.0 128.0
159.0 132.0
159.0 154.0
159.0 163.0
159.0 166.0
159.0 171.0
159.0 182.0
159.0 187.0
159.0 188.0
159.0 189.0
160.0 112.0
160.0 114.0
160.0 124.0
160.0 136.0
160.0 139.0
160.0 143.0
160.0 144.0
160.0 153.0
160.0 157.0
160.0 168.0
161.0 108.0
161.0 116.0
161.0 119.0
161.0 121.0
161.0 149.0
161.0 151.0
161.0 164.0
161.0 167.0
161.0 185.0
161.0 190.0
162.0 104.0
162.0 108.0
162.0 169.0
162.0 170.0
162.0 172.0
162.0 173.0
162.0 178.0
162.0 181.0
162.0 183.0
162.0 186.0
162.0 194.0
163.0 154.0
163.0 159.0
163.0 166.0
163.0 171.0
163.0 174.0
163.0 177.0
163.0 182.0
163.0 187.0
163.0 188.0
163.0 189.0
163.0 200.0
164.0 121.0
164.0 122.0
164.0 127.0
164.0 149.0
164.0 151.0
164.0 161.0
164.0 167.0
164.0 176.0
164.0 184.0
164.0 185.0
164.0 190.0
165.0 104.0
165.0 140.0
165.0 147.0
165.0 169.0
165.0 170.0
165.0 173.0
165.0 178.0
165.0 183.0
165.0 186.0
165.0 194.0
165.0 199.0
166.0 102.0
166.0 109.0
166.0 147.0
166.0 155.0
166.0 159.0
166.0 163.0
166.0 174.0
166.0 177.0
166.0 182.0
166.0 188.0
166.0 189.0
167.0 113.0
167.0 122.0
167.0 137.0
167.0 149.0
167.0 151.0
167.0 161.0
167.0 164.0
167.0 176.0
167.0 184.0
167.0 185.0
167.0 190.0
168.0 112.0
168.0 114.0
168.0 124.0
168.0 136.0
168.0 139.0
168.0 143.0
168.0 144.0
168.0 153.0
168.0 157.0
168.0 160.0
168.0 179.0
169.0 106.0
169.0 140.0
169.0 147.0
169.0 162.0
169.0 165.0
169.0 170.0
169.0 172.0
169.0 178.0
169.0 181.0
169.0 183.0
169.0 186.0
169.0 194.0
170.0 104.0
170.0 162.0
170.0 165.0
170.0 169.0
170.0 172.0
170.0 173.0
170.0 178.0
170.0 181.0
170.0 183.0
170.0 186.0
170.0 194.0
170.0 195.0
171.0 102.0
171.0 118.0
171.0 132.0
171.0 155.0
171.0 159.0
171.0 163.0
171.0 174.0
171.0 177.0
171.0 182.0
171.0 187.0
171.0 188.0
171.0 189.0
172.0 120.0
172.0 140.0
172.0 147.0
172.0 162.0
172.0 169.0
172.0 170.0
172.0 173.0
172.0 178.0
172.0 181.0
172.0 183.0
172.0 186.0
172.0 194.0
173.0 117.0
173.0 120.0
173.0 147.0
173.0 162.0
173.0 165.0
173.0 170.0
173.0 172.0
173.0 178.0
173.0 181.0
173.0 183.0
173.0 186.0
173.0 194.0
174.0 102.0
174.0 114.0
174.0 132.0
174.0 154.0
174.0 155.0
174.0 163.0
174.0 166.0
174.0 171.0
174.0 177.0
174.0 187.0
174.0 188.0
174.0 189.0
175.0 179.0
175.0 180.0
175.0 191.0
175.0 192.0
175.0 193.0
175.0 195.0
175.0 196.0
175.0 197.0
175.0 198.0
175.0 199.0
175.0 200.0
176.0 113.0
176.0 119.0
176.0 121.0
176.0 122.0
176.0 127.0
176.0 131.0
176.0 149.0
176.0 151.0
176.0 164.0
176.0 167.0
176.0 184.0
176.0 185.0
176.0 190.0
177.0 108.0
177.0 109.0
177.0 132.0
177.0 154.0
177.0 155.0
177.0 163.0
177.0 166.0
177.0 171.0
177.0 174.0
177.0 182.0
177.0 187.0
177.0 188.0
177.0 189.0
178.0 117.0
178.0 118.0
178.0 147.0
178.0 162.0
178.0 165.0
178.0 169.0
178.0 170.0
178.0 172.0
178.0 173.0
178.0 181.0
178.0 183.0
178.0 186.0
178.0 194.0
179.0 168.0
179.0 175.0
179.0 180.0
179.0 191.0
179.0 192.0
179.0 193.0
179.0 195.0
179.0 196.0
179.0 197.0
179.0 198.0
179.0 199.0
179.0 200.0
180.0 101.0
180.0 175.0
180.0 179.0
180.0 191.0
180.0 192.0
180.0 193.0
180.0 195.0
180.0 196.0
180.0 197.0
180.0 198.0
180.0 199.0
180.0 200.0
181.0 106.0
181.0 117.0
181.0 120.0
181.0 135.0
181.0 140.0
181.0 162.0
181.0 169.0
181.0 170.0
181.0 172.0
181.0 173.0
181.0 178.0
181.0 183.0
181.0 186.0
181.0 194.0
182.0 108.0
182.0 118.0
182.0 132.0
182.0 154.0
182.0 155.0
182.0 156.0
182.0 159.0
182.0 163.0
182.0 166.0
182.0 171.0
182.0 177.0
182.0 187.0
182.0 188.0
182.0 189.0
183.0 104.0
183.0 106.0
183.0 120.0
183.0 140.0
183.0 147.0
183.0 162.0
183.0 165.0
183.0 169.0
183.0 170.0
183.0 172.0
183.0 173.0
183.0 178.0
183.0 181.0
183.0 186.0
183.0 194.0
184.0 113.0
184.0 116.0
184.0 119.0
184.0 121.0
184.0 122.0
184.0 127.0
184.0 131.0
184.0 149.0
184.0 151.0
184.0 164.0
184.0 167.0
184.0 176.0
184.0 185.0
184.0 190.0
184.0 192.0
185.0 113.0
185.0 116.0
185.0 119.0
185.0 121.0
185.0 122.0
185.0 127.0
185.0 131.0
185.0 149.0
185.0 151.0
185.0 161.0
185.0 164.0
185.0 167.0
185.0 176.0
185.0 184.0
185.0 190.0
186.0 104.0
186.0 106.0
186.0 117.0
186.0 140.0
186.0 147.0
186.0 162.0
186.0 165.0
186.0 169.0
186.0 170.0
186.0 172.0
186.0 173.0
186.0 178.0
186.0 181.0
186.0 183.0
186.0 187.0
186.0 194.0
187.0 102.0
187.0 108.0
187.0 109.0
187.0 118.0
187.0 132.0
187.0 154.0
187.0 155.0
187.0 159.0
187.0 163.0
187.0 171.0
187.0 174.0
187.0 177.0
187.0 182.0
187.0 186.0
187.0 188.0
187.0 189.0
188.0 102.0
188.0 108.0
188.0 109.0
188.0 118.0
188.0 154.0
188.0 155.0
188.0 159.0
188.0 163.0
188.0 166.0
188.0 171.0
188.0 174.0
188.0 177.0
188.0 182.0
188.0 187.0
188.0 189.0
188.0 193.0
189.0 102.0
189.0 109.0
189.0 118.0
189.0 132.0
189.0 138.0
189.0 154.0
189.0 155.0
189.0 159.0
189.0 163.0
189.0 166.0
189.0 171.0
189.0 174.0
189.0 177.0
189.0 182.0
189.0 187.0
189.0 188.0
190.0 113.0
190.0 116.0
190.0 119.0
190.0 121.0
190.0 122.0
190.0 127.0
190.0 131.0
190.0 149.0
190.0 151.0
190.0 155.0
190.0 161.0
190.0 164.0
190.0 167.0
190.0 176.0
190.0 184.0
190.0 185.0
191.0 103.0
191.0 137.0
191.0 148.0
191.0 150.0
191.0 158.0
191.0 175.0
191.0 179.0
191.0 180.0
191.0 192.0
191.0 193.0
191.0 195.0
191.0 196.0
191.0 197.0
191.0 198.0
191.0 199.0
191.0 200.0
192.0 103.0
192.0 111.0
192.0 148.0
192.0 150.0
192.0 158.0
192.0 175.0
192.0 179.0
192.0 180.0
192.0 184.0
192.0 191.0
192.0 193.0
192.0 195.0
192.0 196.0
192.0 197.0
192.0 198.0
192.0 199.0
192.0 200.0
193.0 111.0
193.0 134.0
193.0 148.0
193.0 150.0
193.0 158.0
193.0 175.0
193.0 179.0
193.0 180.0
193.0 188.0
193.0 191.0
193.0 192.0
193.0 195.0
193.0 196.0
193.0 197.0
193.0 198.0
193.0 199.0
193.0 200.0
194.0 104.0
194.0 106.0
194.0 117.0
194.0 120.0
194.0 140.0
194.0 147.0
194.0 162.0
194.0 165.0
194.0 169.0
194.0 170.0
194.0 172.0
194.0 173.0
194.0 178.0
194.0 181.0
194.0 183.0
194.0 186.0
194.0 196.0
195.0 134.0
195.0 137.0
195.0 148.0
195.0 150.0
195.0 158.0
195.0 170.0
195.0 175.0
195.0 179.0
195.0 180.0
195.0 191.0
195.0 192.0
195.0 193.0
195.0 196.0
195.0 197.0
195.0 198.0
195.0 199.0
195.0 200.0
196.0 101.0
196.0 103.0
196.0 137.0
196.0 148.0
196.0 150.0
196.0 158.0
196.0 175.0
196.0 179.0
196.0 180.0
196.0 191.0
196.0 192.0
196.0 193.0
196.0 194.0
196.0 195.0
196.0 197.0
196.0 198.0
196.0 199.0
196.0 200.0
197.0 101.0
197.0 111.0
197.0 134.0
197.0 137.0
197.0 148.0
197.0 150.0
197.0 158.0
197.0 175.0
197.0 179.0
197.0 180.0
197.0 191.0
197.0 192.0
197.0 193.0
197.0 195.0
197.0 196.0
197.0 198.0
197.0 199.0
197.0 200.0
198.0 101.0
198.0 103.0
198.0 111.0
198.0 117.0
198.0 134.0
198.0 137.0
198.0 148.0
198.0 150.0
198.0 158.0
198.0 175.0
198.0 179.0
198.0 180.0
198.0 191.0
198.0 192.0
198.0 193.0
198.0 195.0
198.0 196.0
198.0 197.0
198.0 199.0
198.0 200.0
199.0 101.0
199.0 103.0
199.0 111.0
199.0 134.0
199.0 137.0
199.0 148.0
199.0 150.0
199.0 158.0
199.0 165.0
199.0 175.0
199.0 179.0
199.0 180.0
199.0 191.0
199.0 192.0
199.0 193.0
199.0 195.0
199.0 196.0
199.0 197.0
199.0 198.0
199.0 200.0
200.0 101.0
200.0 103.0
200.0 111.0
200.0 134.0
200.0 137.0
200.0 148.0
200.0 150.0
200.0 158.0
200.0 163.0
200.0 175.0
200.0 179.0
200.0 180.0
200.0 191.0
200.0 192.0
200.0 193.0
200.0 195.0
200.0 196.0
200.0 197.0
200.0 198.0
200.0 199.0
1
1 2
14
11 164.0
93 121.0
79 190.0
1 149.0
96 119.0
95 149.0
28 104.0
35 183.0
56 178.0
28 165.0
35 172.0
95 165.0
1 183.0
1 104.0
12
1 3 11 34 37 48 50 58 75 79 80 91 92 93 95 96 97 98 99 100 113.0 116.0 119.0 121.0 122.0 127.0 131.0 149.0 151.0 161.0 164.0 167.0 176.0 184.0 185.0 190.0 
5 26 28 29 33 35 38 45 46 56 104.0 106.0 117.0 120.0 140.0 147.0 162.0 165.0 169.0 170.0 172.0 173.0 178.0 181.0 183.0 186.0 194.0 
4 6 17 20 40 47 62 65 69 70 72 73 78 81 83 86 94
12 14 24 36 39 43 44 53 57 60 68
2 8 9 18 32 54 55 59 63 66 71 74 77 82 87 88 89
7 10 15 23 25 30 41 42 52
13 16 19 21 22 27 31 49 51 61 64 67 76 84 85 90
101.0 103.0 111.0 134.0 137.0 148.0 150.0 158.0 175.0 179.0 180.0 191.0 192.0 193.0 195.0 196.0 197.0 198.0 199.0 200.0
112.0 114.0 124.0 136.0 139.0 143.0 144.0 153.0 157.0 160.0 168.0
102.0 108.0 109.0 118.0 132.0 154.0 155.0 159.0 163.0 166.0 171.0 174.0 177.0 182.0 187.0 188.0 189.0
105.0 126.0 128.0 129.0 133.0 135.0 138.0 145.0 146.0 156.0
107.0 110.0 115.0 123.0 125.0 130.0 141.0 142.0 152.0
