62 121
1 107
40 127
49 127
21 150
19 125
27 102
14 165
56 193
85 170
65 156
93 178
11 157
9 100
8 138
9 167
11 139
80 181
73 142
81 180
96 173
42 196
88 144
99 148
75 168
97 112
71 129
83 112
76 168
23 153
92 176
13 110
36 170
28 144
35 103
0 109
66 131
61 112
91 101
12 168
68 187
33 159
11 162
0 136
82 108
64 105
64 132
20 183
31 176
25 191
11 195
42 167
71 138
8 102
9 112
21 178
65 121
97 150
97 139
11 156
76 193
40 148
40 102
88 168
80 156
56 127
8 165
1 178
21 127
21 157
27 138
14 138
8 181
