64 150.0
88 146.0
17 150.0
4 146.0
26 169.0
3 130.0
26 155.0
56 188.0
54 147.0
56 164.0
54 173.0
10 125.0
32 154.0
29 177.0
31 148.0
31 172.0
29 198.0
35 186.0
59 187.0
35 178.0
59 179.0
39 162.0
67 195.0
42 183.0
39 192.0
80 109.0
62 121.0
65 121.0
19 109.0
61 114.0
30 103.0
13 103.0
61 154.0
62 103.0
13 109.0
13 198.0
39 164.0
17 188.0
88 186.0
32 177.0
35 192.0
10 186.0
10 178.0
56 179.0
32 150.0
31 109.0
35 155.0
54 130.0
59 125.0
26 192.0
3 183.0
88 177.0
32 130.0
19 125.0
35 173.0
54 121.0
59 154.0
39 178.0
31 154.0
10 177.0
32 179.0
80 164.0
35 114.0
3 154.0
13 150.0
59 109.0
3 121.0
29 154.0
62 177.0
4 154.0
26 177.0
42 188.0
42 114.0
80 192.0
54 154.0
39 198.0
26 146.0
32 183.0
17 147.0
56 195.0
3 103.0
62 154.0
64 164.0
10 173.0
64 109.0
30 150.0
4 121.0
10 188.0
32 192.0
17 177.0
59 114.0
35 121.0
80 173.0
56 150.0
61 192.0
31 125.0
42 147.0
3 150.0
54 162.0
54 114.0
4 186.0
61 178.0
80 147.0
56 109.0
59 188.0
10 187.0
62 147.0
56 169.0
61 125.0
67 103.0
61 188.0
56 155.0
31 195.0
80 155.0
59 172.0
80 178.0
88 154.0
61 187.0
3 192.0
88 195.0
54 186.0
65 150.0
88 162.0
35 164.0
65 179.0
59 169.0
42 103.0
4 114.0
42 173.0
42 121.0
35 150.0
64 169.0
3 147.0
54 169.0
56 198.0
30 109.0
67 125.0
31 162.0
10 169.0
56 148.0
61 162.0
32 172.0
56 183.0
30 164.0
32 186.0
13 121.0
54 148.0
26 114.0
13 130.0
88 148.0
29 147.0
64 155.0
30 195.0
10 198.0
59 192.0
32 148.0
54 103.0
39 173.0
19 179.0
61 147.0
