70 125
30 176
36 186
17 177
6 164
70 159
47 112
53 193
5 150
46 190
47 135
53 187
5 118
3 115
58 152
4 119
16 148
32 116
40 143
0 104
10 103
66 126
78 199
1 133
11 194
22 171
1 182
92 120
41 113
44 109
60 109
72 120
21 113
54 135
51 134
79 179
55 191
84 162
56 181
37 126
12 167
49 183
93 196
19 132
15 102
59 199
76 135
99 115
38 137
68 159
65 157
24 161
20 152
70 157
18 161
26 155
15 197
24 129
64 130
36 170
75 147
19 105
44 137
19 169
1 132
48 110
41 122
36 166
95 139
34 198
12 114
62 160
45 121
41 148
92 125
0 171
72 133
78 143
36 199
36 113
17 126
4 112
5 164
