2
1 2 3 4 5 6 7 8 9 10 11 12 13 14 15 16 17 18 19 20 21 22 23 24 25 26 27 28 29 30 31 32 33 34 35 36 37 38 39 40 41 42 43 44 45 46 47 48 49 50 51 52 53 54 55 56 57 58 59 60 61 62 63 64 65 66 67 68 69 70 71 72 73 74 75 76 77 78 79 80 81 82 83 84 85 86 87 88 89 90 91 92 93 94 95 96 97 98 99 100 
4
97 99
98 99
99 97
99 98
101 102 103 104 105 106 107 108 109 110 111 112 113 114 115 116 117 118 119 120 121 122 123 124 125 126 127 128 129 130 131 132 133 134 135 136 137 138 139 140 141 142 143 144 145 146 147 148 149 150 151 152 153 154 155 156 157 158 159 160 161 162 163 164 165 166 167 168 169 170 171 172 173 174 175 176 177 178 179 180 181 182 183 184 185 186 187 188 189 190 191 192 193 194 195 196 197 198 199 200 
4
197 199
198 199
199 197
199 198
1
1 2
72
1 185
1 117
1 191
2 123
2 101
2 141
136 64
141 48
141 2
141 50
144 64
144 27
21 197
21 126
21 101
151 40
151 27
151 30
27 144
27 151
27 103
29 108
30 101
30 151
37 106
37 123
40 103
40 151
42 197
42 181
48 123
48 141
48 126
48 101
50 185
50 106
50 123
50 141
50 183
181 42
183 50
185 1
185 50
191 1
64 136
64 193
64 144
64 108
193 64
197 42
197 21
77 123
77 101
101 48
101 2
101 21
101 30
101 77
103 40
103 27
106 50
106 37
108 64
108 29
117 1
123 48
123 2
123 50
123 77
123 37
126 48
126 21
12
192 136 10 22 32 166 170 43 50 47 178 179 180 181 183 56 185 186 187 188 61 64 193 196 197 198 199 74 189 42  
1 6 8 138 12 141 144 18 19 155 160 34 27 167 173 48 182 184 190 191 194 195 200 103 117  
131 133 145 21 151 154 157 30 40 46 52 58 59 63 65 68 69 76 77 109 123 125 126  
112 2 35 37 134 39 106 11 108 13 14 16 148 118 119 127 29 101  
75 4 5 7 72 71 15 49 20 53 24 28 62  
33 9 45 51 57 54 23 25 26 31  
3 100 38 41 44 17 82 67 84 73 55 90 91 60 94 95  
96 97 66 99 36 70 98 78 79 80 81 83 85 86 87 88 89 92 93  
128 162 171 104 105 107 172 175 115 149 120 153 124  
161 132 174 142 143 147 110 150 164 122 156  
130 163 165 168 169 140 176 177 146 152 121 158 159  
129 102 135 137 139 111 113 114 116  
