99 166
75 121
45 166
85 121
66 174
57 198
57 167
66 196
48 184
35 168
35 170
48 194
23 199
25 131
25 155
23 185
62 114
33 173
62 180
52 118
41 125
71 115
51 134
30 134
76 146
91 193
46 192
93 124
2 129
32 102
98 159
59 169
96 114
60 104
15 138
9 120
20 169
50 182
86 198
68 114
19 100
38 182
14 160
73 123
25 103
64 148
62 120
37 109
62 101
98 104
27 144
29 116
8 140
35 153
5 171
9 179
57 114
71 118
23 129
71 194
30 166
48 185
57 146
93 115
45 131
48 125
41 194
41 121
41 170
85 146
25 173
76 170
2 167
41 166
32 173
76 118
52 196
51 199
57 184
32 167
62 192
25 167
35 180
66 131
35 129
33 168
99 168
48 192
23 125
62 115
41 180
23 115
51 125
76 102
33 115
76 199
66 184
71 170
32 121
23 114
32 125
62 166
66 185
99 167
51 194
71 185
71 155
52 146
91 102
23 134
85 118
62 134
48 102
25 166
2 121
52 115
33 129
48 121
99 102
25 196
46 199
66 173
48 167
48 115
23 166
2 194
91 174
35 131
23 196
35 173
51 185
51 121
93 196
25 198
93 166
91 166
33 121
35 134
57 102
91 125
57 166
66 125
62 131
33 102
45 118
75 196
23 167
33 194
41 196
52 134
