55 126.0
90 178.0
62 187.0
96 160.0
52 160.0
86 179.0
89 102.0
98 123.0
56 167.0
85 102.0
82 157.0
37 103.0
18 181.0
71 109.0
38 105.0
9 117.0
3 159.0
57 105.0
5 180.0
59 186.0
17 189.0
17 130.0
59 185.0
13 173.0
50 145.0
88 193.0
64 122.0
91 122.0
41 133.0
1 132.0
33 111.0
24 143.0
49 121.0
16 143.0
79 148.0
2 154.0
23 163.0
29 154.0
8 188.0
65 191.0
77 151.0
26 150.0
65 119.0
10 182.0
21 107.0
21 118.0
10 171.0
73 140.0
84 175.0
61 176.0
22 169.0
22 199.0
73 197.0
63 139.0
72 114.0
66 133.0
19 196.0
58 153.0
84 134.0
98 109.0
79 117.0
62 185.0
26 173.0
8 176.0
38 179.0
29 197.0
77 178.0
17 117.0
57 163.0
22 143.0
82 186.0
26 117.0
41 154.0
10 189.0
85 117.0
82 173.0
77 118.0
24 130.0
23 111.0
17 145.0
33 159.0
33 109.0
56 185.0
26 122.0
13 163.0
73 119.0
24 117.0
56 143.0
1 118.0
