27 45 51 54 57 61 89 95 115 119 123 148 152
5 46 47 53 62 109 113 120 142
2 8 37 56 69 80 103 104 116 143 158
3 4 16 43 58 114 124 139 165 167 168 174 175 196 198
12 18 35 49 50 63 87 90 93 107 125 159 164 176 177 186
0 10 31 32 40 106 117 130 136 170 181
15 19 23 48 52 127 145 151 154 157 161 189 195
1 11 22 28 66 78 102 108 137 156 169 180
7 25 59 64 76 77 86 121 141 144 160 172 183 192
26 33 38 71 82 91 94 99 112 118 135 149 150 163 187 190 193
9 13 20 42 101 111 122 128 166 178
21 41 44 60 72 83 92 100 110 131 132 140
29 34 55 73 79 84 85 88 97
6 17 30 36 70 81
14 24 39 65 67 68 74 75 96 98
129 134 155 173 179 184 185 188 197
105 146 147 153 162
126 133 138 171 182 191 194 199
