75 129
45 110
55 102
85 129
11 102
36 110
31 102
59 135
74 107
98 117
82 103
54 103
97 107
49 117
3 191
48 128
17 127
7 146
7 192
3 176
17 124
48 100
15 177
34 161
60 116
42 152
78 141
88 123
69 118
71 143
79 108
30 123
87 108
46 151
27 130
0 187
92 169
91 195
76 188
58 130
93 151
82 177
34 146
17 103
15 100
87 161
34 128
49 169
27 100
59 143
69 152
17 143
88 107
75 188
31 123
48 161
45 191
15 118
91 143
3 118
42 143
97 195
48 117
79 130
42 176
93 123
58 102
75 100
42 191
34 135
55 143
34 107
87 110
7 117
87 103
91 129
17 116
3 107
88 177
91 102
87 169
71 124
48 102
58 141
69 107
45 130
34 124
93 116
75 176
46 152
91 103
7 143
45 161
88 169
49 108
87 124
17 118
91 176
36 117
34 117
74 143
59 161
48 103
46 177
93 161
98 161
17 129
79 188
93 103
27 110
78 123
87 116
92 100
11 143
92 127
7 110
74 118
3 102
71 103
31 152
15 108
92 110
79 107
7 107
34 100
91 107
55 107
85 151
71 102
17 195
78 118
31 169
59 110
55 100
3 117
3 141
49 110
75 118
69 127
54 152
69 110
91 116
91 191
85 152
85 161
93 177
85 135
58 152
3 110
92 135
60 129
54 128
15 129
27 123
54 169
88 188
27 129
75 123
11 177
45 107
88 117
15 117
30 130
3 103
69 103
97 108
11 169
60 124
76 135
60 130
11 151
60 191
71 195
27 117
42 135
55 118
97 116
42 151
55 123
34 195
48 107
93 127
60 135
97 177
31 188
98 118
78 169
79 141
88 135
60 127
87 188
34 151
45 152
27 102
3 116
55 117
91 108
59 195
36 195
48 110
98 191
74 116
31 161
87 117
76 192
