42 145.0
58 143.0
1 197.0
39 174.0
75 189.0
40 181.0
58 105.0
1 199.0
25 193.0
16 104.0
56 173.0
52 188.0
37 164.0
56 147.0
25 160.0
61 141.0
49 102.0
30 144.0
69 150.0
70 146.0
55 141.0
93 128.0
47 148.0
17 164.0
2 111.0
41 170.0
11 122.0
26 144.0
27 115.0
22 141.0
87 178.0
79 156.0
66 157.0
32 136.0
10 110.0
31 101.0
29 157.0
38 195.0
34 175.0
5 193.0
74 187.0
43 152.0
84 177.0
77 103.0
100 109.0
19 126.0
18 138.0
83 181.0
89 103.0
60 111.0
34 154.0
86 137.0
78 128.0
54 122.0
73 157.0
54 186.0
62 179.0
94 109.0
49 132.0
12 131.0
26 129.0
79 136.0
70 138.0
99 167.0
84 175.0
57 198.0
45 185.0
35 190.0
43 192.0
13 119.0
84 162.0
36 169.0
97 170.0
55 102.0
39 199.0
42 143.0
75 181.0
30 141.0
25 104.0
16 160.0
75 174.0
40 199.0
1 145.0
1 181.0
30 102.0
25 188.0
69 146.0
16 193.0
55 150.0
42 105.0
16 164.0
40 143.0
37 188.0
42 197.0
30 150.0
56 193.0
52 193.0
52 147.0
49 146.0
55 144.0
70 150.0
58 199.0
42 174.0
52 173.0
42 189.0
69 144.0
16 173.0
75 143.0
39 189.0
37 160.0
30 146.0
