41 144
57 142
0 196
38 173
74 188
39 180
57 104
0 198
24 192
15 103
55 172
51 187
36 163
55 146
24 159
60 140
48 101
29 143
68 149
69 145
54 140
92 127
46 147
16 163
1 110
40 169
10 121
25 143
26 114
21 140
86 177
78 155
65 156
31 135
9 109
30 100
28 156
37 194
33 174
4 192
73 186
42 151
83 176
76 102
99 108
18 125
17 137
82 180
88 102
59 110
33 153
85 136
77 127
53 121
72 156
53 185
61 178
93 108
48 131
11 130
25 128
78 135
69 137
98 166
83 174
56 197
44 184
34 189
42 191
12 118
83 161
35 168
96 169
54 101
38 198
41 142
74 180
29 140
24 103
15 159
74 173
39 198
0 144
0 180
29 101
24 187
68 145
15 192
54 149
41 104
15 163
39 142
36 187
41 196
29 149
55 192
51 192
51 146
48 145
54 143
69 149
57 198
41 173
51 172
41 188
68 143
15 172
74 142
38 188
36 159
29 145
