45 134
27 155
54 173
95 184
89 185
51 129
27 188
73 127
55 151
79 157
97 145
88 154
34 161
84 151
62 109
5 120
46 113
47 109
37 111
8 166
80 178
69 128
56 122
58 186
4 159
16 107
3 177
58 164
4 176
93 117
90 170
12 106
63 136
49 130
50 117
18 136
31 194
40 133
10 182
0 199
40 171
10 191
52 140
15 131
48 132
19 100
66 165
28 174
11 168
22 124
1 196
28 114
1 167
11 175
59 152
77 123
7 119
25 115
76 152
64 123
39 169
75 180
14 156
67 137
74 108
68 108
65 156
98 169
42 103
13 104
20 158
20 116
70 115
38 104
71 184
60 134
60 162
7 187
26 190
78 183
73 155
63 132
89 122
13 155
27 156
13 184
37 131
45 152
5 158
69 131
27 158
48 124
62 186
19 113
64 170
66 107
28 117
11 158
52 104
46 104
58 199
22 108
46 168
73 152
14 194
58 103
19 123
25 120
5 129
95 116
50 174
16 165
7 140
56 109
34 115
5 140
80 127
4 156
8 186
73 100
