95 113
57 120
27 109
61 120
89 113
45 109
12 137
49 156
18 102
35 169
87 108
63 169
90 102
21 161
92 151
44 154
72 189
60 157
41 195
85 142
97 112
29 139
81 179
36 152
5 177
46 161
69 110
37 172
4 156
3 163
40 162
31 177
19 160
52 128
11 149
28 189
64 144
59 157
33 119
38 150
65 193
67 109
14 123
42 196
95 134
91 185
72 129
34 181
1 136
68 105
7 147
41 143
65 158
48 150
66 112
45 149
31 140
14 100
94 152
2 115
29 101
19 128
18 125
85 164
26 138
41 171
35 114
20 165
84 198
30 121
10 172
27 102
72 108
60 169
49 109
63 151
41 108
49 157
87 151
72 137
45 169
41 137
45 102
61 137
87 120
12 189
49 120
57 108
44 102
35 109
27 169
72 156
41 156
92 113
41 113
