12 18 35 49 50 63 87 90 93 112 118 135 149 150 163 187 190 193
21 41 44 60 72 83 92 102 108 137 156 169 180
0 10 31 32 40 127 145 151 154 157 161 189 195
27 45 51 54 57 61 89 95
29 34 55 73 79 84 85 88 97
6 17 30 36 70 81
5 46 47 53 62
2 8 37 56 69 80
3 4 16 43 58
15 19 23 48 52
1 11 22 28 66 78
7 25 59 64 76 77 86
26 33 38 71 82 91 94 99
14 24 39 65 67 68 74 75 96 98
9 13 20 42
129 134 155 173 179 184 185 188 197
106 117 130 136 170 181
105 146 147 153 162
103 104 116 143 158
100 110 131 132 140
115 119 123 148 152
101 111 122 128 166 178
107 125 159 164 176 177 186
126 133 138 171 182 191 194 199
114 124 139 165 167 168 174 175 196 198
109 113 120 142
121 141 144 160 172 183 192
