56 130.0
76 111.0
12 130.0
100 111.0
90 111.0
40 199.0
38 197.0
57 160.0
22 175.0
40 183.0
36 158.0
49 157.0
18 138.0
36 167.0
43 127.0
79 102.0
35 134.0
61 127.0
95 161.0
51 148.0
14 116.0
71 179.0
85 116.0
34 178.0
2 117.0
27 145.0
34 153.0
17 182.0
78 184.0
53 174.0
62 115.0
20 149.0
64 108.0
7 136.0
41 136.0
11 196.0
3 189.0
3 152.0
11 188.0
11 131.0
7 161.0
20 145.0
61 153.0
57 196.0
20 148.0
11 167.0
78 131.0
62 134.0
18 182.0
3 158.0
61 149.0
95 136.0
34 184.0
18 153.0
17 189.0
43 149.0
22 167.0
79 111.0
62 108.0
20 158.0
38 111.0
22 148.0
78 138.0
17 117.0
49 152.0
49 199.0
76 178.0
57 102.0
76 131.0
11 136.0
17 134.0
64 131.0
51 182.0
90 134.0
49 136.0
41 196.0
49 160.0
78 178.0
20 197.0
3 138.0
49 188.0
34 134.0
90 108.0
64 196.0
11 182.0
36 102.0
49 184.0
11 153.0
20 182.0
56 108.0
11 174.0
2 175.0
100 157.0
79 149.0
20 131.0
12 175.0
12 127.0
61 179.0
14 152.0
34 152.0
