1 144.0
18 118.0
13 156.0
46 143.0
46 188.0
13 172.0
3 116.0
9 112.0
9 171.0
63 107.0
91 131.0
59 120.0
92 107.0
36 106.0
62 158.0
95 106.0
53 158.0
8 122.0
32 103.0
35 179.0
89 178.0
81 105.0
80 138.0
12 196.0
54 169.0
16 152.0
12 175.0
75 187.0
60 117.0
96 164.0
70 189.0
77 153.0
51 167.0
5 125.0
82 114.0
31 194.0
7 200.0
33 157.0
31 199.0
34 154.0
97 120.0
10 165.0
75 137.0
59 123.0
8 175.0
91 138.0
3 152.0
82 118.0
96 144.0
77 117.0
8 107.0
12 194.0
81 120.0
70 169.0
1 131.0
8 143.0
33 179.0
53 118.0
33 164.0
3 106.0
36 118.0
9 125.0
18 105.0
18 178.0
9 158.0
13 169.0
89 194.0
1 188.0
96 152.0
95 118.0
32 171.0
63 171.0
60 122.0
59 172.0
8 105.0
89 169.0
7 116.0
54 158.0
60 175.0
96 107.0
81 157.0
75 122.0
91 172.0
80 188.0
31 172.0
51 158.0
13 114.0
92 138.0
96 122.0
77 122.0
32 116.0
13 120.0
31 103.0
70 158.0
1 117.0
95 179.0
33 112.0
18 175.0
