0 143
17 117
12 155
45 142
45 187
12 171
2 115
8 111
8 170
62 106
90 130
58 119
91 106
35 105
61 157
94 105
52 157
7 121
31 102
34 178
88 177
80 104
79 137
11 195
53 168
15 151
11 174
74 186
59 116
95 163
69 188
76 152
50 166
4 124
81 113
30 193
6 199
32 156
30 198
33 153
96 119
9 164
74 136
58 122
7 174
90 137
2 151
81 117
95 143
76 116
7 106
11 193
80 119
69 168
0 130
7 142
32 178
52 117
32 163
2 105
35 117
8 124
17 104
17 177
8 157
12 168
88 193
0 187
95 151
94 117
31 170
62 170
59 121
58 171
7 104
88 168
6 115
53 157
59 174
95 106
80 156
74 121
90 171
79 187
30 171
50 157
12 113
91 137
95 121
76 121
31 115
12 119
30 102
69 157
0 116
94 178
32 111
17 174
