16 140.0
54 140.0
86 142.0
83 142.0
44 165.0
15 117.0
66 168.0
13 186.0
30 148.0
49 162.0
9 110.0
72 133.0
93 141.0
92 138.0
19 161.0
25 145.0
53 124.0
97 121.0
100 160.0
57 128.0
32 164.0
2 197.0
89 152.0
64 142.0
68 129.0
60 179.0
50 168.0
39 175.0
33 120.0
65 141.0
38 115.0
11 134.0
87 104.0
85 146.0
74 122.0
18 149.0
18 188.0
42 192.0
79 191.0
82 174.0
23 167.0
42 125.0
14 157.0
78 200.0
44 127.0
81 181.0
34 164.0
26 117.0
77 173.0
63 111.0
16 176.0
70 160.0
52 170.0
57 138.0
65 151.0
100 105.0
