54 154
57 151
95 157
45 145
89 195
29 141
79 160
85 144
55 172
34 172
53 162
62 146
46 153
8 140
37 132
69 100
56 100
43 185
4 184
58 134
58 129
4 173
35 149
50 163
63 135
93 193
90 150
19 102
23 156
52 169
52 180
7 117
64 170
76 106
86 181
38 158
71 103
99 104
82 103
91 158
96 109
39 142
74 109
65 142
68 109
14 142
13 101
20 178
13 111
20 122
44 133
41 171
92 182
83 126
83 138
30 181
40 164
66 103
51 115
31 107
87 139
88 175
83 162
79 169
13 142
14 101
85 138
76 153
64 180
68 150
79 104
19 142
34 158
34 140
41 180
13 160
92 146
43 122
45 141
14 146
37 103
95 111
71 117
58 142
23 170
99 146
69 126
68 185
37 138
52 182
4 145
23 145
52 149
13 158
83 144
13 162
13 181
99 142
13 103
53 104
86 126
64 140
65 158
41 163
64 101
57 158
46 142
65 172
45 162
13 169
53 154
62 178
58 162
99 100
76 135
45 172
20 103
53 160
23 184
64 193
56 172
57 138
14 129
82 101
63 151
19 106
69 156
46 100
19 109
64 129
89 156
20 170
96 145
19 101
76 109
35 104
93 140
63 169
