46 115.0
62 197.0
28 168.0
55 199.0
52 125.0
62 169.0
47 149.0
48 116.0
63 124.0
3 160.0
70 178.0
38 165.0
9 108.0
44 156.0
4 135.0
17 180.0
17 189.0
4 130.0
64 154.0
88 106.0
13 148.0
50 106.0
19 148.0
20 110.0
53 114.0
24 114.0
23 170.0
67 181.0
79 109.0
29 157.0
77 167.0
87 123.0
26 102.0
8 112.0
68 137.0
76 171.0
25 118.0
99 131.0
40 131.0
97 171.0
62 154.0
23 171.0
79 108.0
79 168.0
24 160.0
63 180.0
38 110.0
46 109.0
68 110.0
24 109.0
4 112.0
19 170.0
67 160.0
29 112.0
4 118.0
87 180.0
79 116.0
55 178.0
24 169.0
53 154.0
77 131.0
67 149.0
17 148.0
87 156.0
13 181.0
9 112.0
53 102.0
44 112.0
52 110.0
24 171.0
76 148.0
8 114.0
87 130.0
28 154.0
52 160.0
88 170.0
47 180.0
13 170.0
29 165.0
47 170.0
70 154.0
50 116.0
17 167.0
29 171.0
17 170.0
47 106.0
79 180.0
9 149.0
38 154.0
47 110.0
50 199.0
70 114.0
63 137.0
88 149.0
53 171.0
68 148.0
48 154.0
63 114.0
77 197.0
97 130.0
