22 195.0
3 167.0
9 114.0
3 136.0
22 119.0
91 143.0
93 156.0
56 188.0
88 172.0
72 193.0
23 158.0
2 166.0
40 115.0
45 126.0
6 132.0
42 110.0
46 128.0
25 154.0
62 127.0
97 128.0
55 190.0
48 103.0
87 174.0
12 152.0
54 128.0
70 182.0
96 169.0
51 136.0
5 180.0
20 154.0
35 142.0
28 137.0
43 109.0
23 200.0
97 110.0
79 132.0
1 181.0
54 135.0
33 184.0
84 111.0
76 185.0
68 152.0
62 179.0
32 186.0
17 107.0
91 156.0
9 119.0
22 167.0
91 193.0
88 188.0
56 172.0
88 143.0
23 115.0
45 158.0
45 115.0
9 195.0
40 166.0
56 156.0
93 193.0
72 188.0
56 143.0
88 156.0
91 172.0
2 115.0
22 136.0
2 158.0
9 136.0
