100 117
100 128
100 141
100 143
101 107
101 122
101 131
101 144
102 108
102 121
102 146
102 148
103 112
103 127
103 136
103 145
104 177
104 178
104 181
104 185
105 125
105 133
105 157
105 165
106 123
106 130
106 140
106 164
107 101
107 139
107 144
107 180
108 102
108 121
108 146
108 148
109 193
109 196
109 197
109 199
110 115
110 170
110 172
110 183
111 153
111 170
111 172
111 183
112 103
112 129
112 136
112 145
113 152
113 166
113 173
113 194
114 125
114 133
114 157
114 165
115 110
115 153
115 170
115 183
116 146
116 179
116 186
116 188
117 100
117 128
117 141
117 143
118 124
118 161
118 166
118 194
119 123
119 132
119 140
119 164
120 153
120 170
120 172
120 183
121 102
121 108
121 146
121 148
122 101
122 131
122 139
122 144
123 106
123 119
123 132
123 164
124 118
124 166
124 173
124 194
125 105
125 114
125 157
125 165
126 189
126 197
126 198
126 199
127 103
127 129
127 136
127 145
128 100
128 117
128 141
128 143
129 112
129 127
129 136
129 145
130 106
130 140
130 164
131 101
131 122
131 139
131 144
132 119
132 123
132 140
132 164
133 105
133 114
133 157
133 165
133 182
134 163
134 167
134 180
134 186
134 188
135 152
135 161
135 166
135 173
135 194
136 103
136 112
136 127
136 129
136 145
137 176
137 178
137 181
137 182
137 185
138 151
138 168
138 175
138 184
138 195
139 107
139 122
139 131
139 144
139 192
140 106
140 119
140 130
140 132
140 164
141 100
141 117
141 128
141 143
141 199
142 155
142 187
142 190
142 191
142 192
143 100
143 117
143 128
143 141
143 169
144 101
144 107
144 122
144 131
144 139
145 103
145 112
145 127
145 129
145 136
146 102
146 108
146 116
146 121
146 148
147 167
147 179
147 180
147 186
147 188
148 102
148 108
148 121
148 146
148 157
149 169
149 174
149 175
149 184
149 195
150 172
150 177
150 181
150 182
150 185
151 138
151 168
151 169
151 174
151 184
151 195
152 113
152 135
152 161
152 162
152 173
152 194
153 111
153 115
153 120
153 170
153 172
153 183
154 189
154 193
154 196
154 197
154 198
154 199
155 142
155 171
155 187
155 190
155 191
155 192
156 189
156 193
156 196
156 197
156 198
156 199
157 105
157 114
157 125
157 133
157 148
157 165
158 162
158 171
158 187
158 190
158 191
158 192
159 168
159 169
159 174
159 175
159 184
159 195
160 189
160 193
160 196
160 197
160 198
160 199
161 118
161 135
161 152
161 166
161 173
161 194
162 152
162 158
162 187
162 190
162 191
162 192
163 134
163 167
163 179
163 180
163 186
163 188
164 106
164 119
164 123
164 130
164 132
164 140
165 105
165 114
165 125
165 133
165 157
165 176
166 113
166 118
166 124
166 135
166 161
166 173
166 194
167 134
167 147
167 163
167 179
167 180
167 186
167 188
168 138
168 151
168 159
168 169
168 174
168 184
168 195
169 143
169 149
169 151
169 159
169 168
169 175
169 195
170 110
170 111
170 115
170 120
170 153
170 172
170 183
171 155
171 158
171 186
171 187
171 190
171 191
171 192
172 110
172 111
172 120
172 150
172 153
172 170
172 183
173 113
173 124
173 135
173 152
173 161
173 166
173 194
174 149
174 151
174 159
174 168
174 175
174 184
174 195
175 138
175 149
175 159
175 169
175 174
175 184
175 195
176 137
176 165
176 177
176 178
176 181
176 182
176 185
177 104
177 150
177 176
177 178
177 181
177 182
177 185
178 104
178 137
178 176
178 177
178 181
178 182
178 185
179 116
179 147
179 163
179 167
179 180
179 186
179 187
179 188
180 107
180 134
180 147
180 163
180 167
180 179
180 186
180 188
181 104
181 137
181 150
181 176
181 177
181 178
181 182
181 185
182 133
182 137
182 150
182 176
182 177
182 178
182 181
182 185
183 110
183 111
183 115
183 120
183 153
183 170
183 172
183 191
184 138
184 149
184 151
184 159
184 168
184 174
184 175
184 195
185 104
185 137
185 150
185 176
185 177
185 178
185 181
185 182
185 188
186 116
186 134
186 147
186 163
186 167
186 171
186 179
186 180
186 188
187 142
187 155
187 158
187 162
187 171
187 179
187 190
187 191
187 192
188 116
188 134
188 147
188 163
188 167
188 179
188 180
188 185
188 186
189 126
189 154
189 156
189 160
189 193
189 196
189 197
189 198
189 199
190 142
190 155
190 158
190 162
190 171
190 187
190 191
190 192
190 196
191 142
191 155
191 158
191 162
191 171
191 183
191 187
191 190
191 192
192 139
192 142
192 155
192 158
192 162
192 171
192 187
192 190
192 191
193 109
193 154
193 156
193 160
193 189
193 196
193 197
193 198
193 199
194 113
194 118
194 124
194 135
194 152
194 161
194 166
194 173
194 198
195 138
195 149
195 151
195 159
195 168
195 169
195 174
195 175
195 184
196 109
196 154
196 156
196 160
196 189
196 190
196 193
196 197
196 198
196 199
197 109
197 126
197 154
197 156
197 160
197 189
197 193
197 196
197 198
197 199
198 126
198 154
198 156
198 160
198 189
198 193
198 194
198 196
198 197
198 199
199 109
199 126
199 141
199 154
199 156
199 160
199 189
199 193
199 196
199 197
199 198
