15 166.0
1 184.0
1 112.0
47 101.0
59 178.0
63 186.0
95 135.0
25 187.0
90 136.0
100 153.0
2 132.0
80 152.0
89 139.0
16 103.0
21 103.0
96 133.0
52 133.0
77 163.0
83 172.0
37 159.0
4 147.0
31 125.0
33 144.0
17 130.0
36 137.0
43 155.0
88 200.0
93 190.0
77 139.0
2 186.0
77 132.0
47 136.0
80 101.0
2 178.0
16 139.0
96 166.0
63 132.0
2 153.0
1 186.0
89 135.0
21 132.0
15 172.0
47 133.0
1 187.0
95 166.0
16 166.0
1 101.0
100 133.0
83 133.0
2 103.0
95 133.0
47 103.0
16 178.0
95 184.0
52 132.0
2 135.0
2 163.0
47 178.0
96 139.0
1 139.0
63 101.0
89 186.0
96 132.0
47 112.0
2 166.0
100 132.0
25 184.0
59 163.0
47 187.0
1 103.0
15 135.0
95 103.0
83 186.0
15 132.0
16 133.0
52 166.0
2 172.0
96 103.0
63 139.0
100 101.0
80 166.0
25 166.0
15 186.0
2 187.0
47 135.0
77 166.0
15 184.0
1 133.0
21 178.0
52 103.0
2 152.0
100 163.0
89 133.0
100 178.0
83 166.0
