41 137
17 185
17 177
41 182
3 198
45 156
45 199
3 109
42 127
92 103
62 127
71 103
26 124
60 113
9 152
97 194
63 147
16 167
67 180
80 188
83 175
20 169
53 151
20 174
65 170
46 130
94 199
35 144
39 140
84 196
69 192
50 122
4 123
19 119
72 125
51 117
69 102
86 187
28 158
55 107
1 172
2 111
75 132
20 185
71 194
53 124
60 103
92 175
16 194
17 167
62 147
41 188
62 152
62 198
53 185
3 113
83 188
17 194
97 185
17 103
41 147
9 103
20 137
45 147
41 175
41 169
80 199
3 188
41 156
45 127
97 156
63 199
53 198
97 127
16 109
67 199
41 167
67 113
3 177
26 198
63 175
17 109
16 103
53 147
45 124
62 185
3 147
26 127
45 175
26 188
16 199
3 180
42 188
62 167
17 127
26 185
41 109
45 103
67 124
71 188
62 174
20 156
45 167
20 180
83 198
67 198
71 175
17 147
16 137
60 109
42 169
83 185
41 113
20 127
53 199
67 185
9 147
60 180
67 127
83 124
