95 179
45 129
61 188
27 184
57 185
51 173
27 197
6 136
30 181
81 106
70 130
17 117
56 120
69 142
2 113
37 142
8 113
43 135
16 163
4 193
3 187
16 190
4 112
43 118
49 100
18 110
93 140
12 132
87 100
63 132
35 110
52 119
23 152
48 123
15 115
11 116
66 104
22 143
78 103
1 143
86 153
7 146
64 162
25 147
59 147
76 162
71 121
94 141
99 160
33 192
91 144
38 183
29 169
84 161
46 121
0 162
65 100
98 126
20 197
44 147
41 189
58 151
7 180
14 128
10 159
50 138
44 133
32 139
57 114
30 130
81 181
12 140
38 141
