89 182
45 197
75 149
31 159
85 167
66 147
37 178
21 142
57 115
23 126
8 133
18 104
0 138
92 119
58 140
27 106
46 106
28 138
29 117
32 103
29 135
80 108
83 143
64 123
81 108
67 165
3 113
34 187
22 167
13 172
1 172
44 120
40 134
71 134
50 111
57 157
70 105
22 190
99 161
42 151
37 192
55 183
83 138
8 143
32 138
37 126
23 138
83 133
57 167
31 140
32 108
8 103
46 147
23 167
58 115
57 138
75 138
80 126
66 104
8 115
32 119
0 126
75 133
23 106
80 135
18 119
83 117
57 149
66 140
29 142
29 106
27 108
18 135
31 178
18 123
37 143
29 108
18 108
32 142
21 103
8 149
23 140
27 149
80 117
92 103
32 126
32 143
29 126
58 104
37 138
29 140
37 140
66 149
81 126
21 106
45 147
80 142
58 103
66 123
45 138
45 135
31 106
46 133
64 103
89 133
29 159
29 182
29 147
0 104
80 149
27 123
0 147
31 117
46 117
18 140
21 108
32 115
29 123
75 178
46 104
46 143
57 108
92 159
37 167
37 197
