67 116.0
58 179.0
22 161.0
38 135.0
8 106.0
36 121.0
49 113.0
16 129.0
35 101.0
43 192.0
61 159.0
16 147.0
61 177.0
23 111.0
6 103.0
10 103.0
95 112.0
87 132.0
66 190.0
14 156.0
71 176.0
26 168.0
19 160.0
24 199.0
19 183.0
26 150.0
2 119.0
5 144.0
34 124.0
41 169.0
20 187.0
7 195.0
54 151.0
20 171.0
89 180.0
31 172.0
52 196.0
80 188.0
72 170.0
1 141.0
47 120.0
28 164.0
25 139.0
77 164.0
29 141.0
3 105.0
33 127.0
3 163.0
74 162.0
15 178.0
73 117.0
82 153.0
24 106.0
49 179.0
5 121.0
3 147.0
19 121.0
34 129.0
31 160.0
34 132.0
5 117.0
24 156.0
71 163.0
2 112.0
15 119.0
87 105.0
24 103.0
28 106.0
10 178.0
24 161.0
8 103.0
33 103.0
73 150.0
54 172.0
41 160.0
16 103.0
34 127.0
73 179.0
6 169.0
24 162.0
74 156.0
7 172.0
47 162.0
77 150.0
52 164.0
24 132.0
72 112.0
36 192.0
72 113.0
54 119.0
16 156.0
52 162.0
24 113.0
19 153.0
28 190.0
10 168.0
33 106.0
41 178.0
74 141.0
5 151.0
58 178.0
24 111.0
2 183.0
52 179.0
5 171.0
6 105.0
33 177.0
22 188.0
43 127.0
19 178.0
43 112.0
74 188.0
3 192.0
3 177.0
6 164.0
3 139.0
34 121.0
1 199.0
33 159.0
14 124.0
26 187.0
35 196.0
34 178.0
20 153.0
82 160.0
3 190.0
19 176.0
3 111.0
14 199.0
73 160.0
16 139.0
61 188.0
8 196.0
36 168.0
19 190.0
38 188.0
20 164.0
7 150.0
89 105.0
7 111.0
49 141.0
10 164.0
74 127.0
35 176.0
38 195.0
77 163.0
71 117.0
72 117.0
67 132.0
34 111.0
43 113.0
24 116.0
41 121.0
19 169.0
2 111.0
23 156.0
41 112.0
33 172.0
29 113.0
82 180.0
16 164.0
71 129.0
58 139.0
54 106.0
5 179.0
29 183.0
24 121.0
3 168.0
22 147.0
74 119.0
54 116.0
10 147.0
82 177.0
33 119.0
35 120.0
19 101.0
54 121.0
95 180.0
54 139.0
14 117.0
28 116.0
6 117.0
77 177.0
25 106.0
43 172.0
3 103.0
19 151.0
7 180.0
67 113.0
61 179.0
3 121.0
95 124.0
22 106.0
7 121.0
82 190.0
74 124.0
82 113.0
19 179.0
3 153.0
34 192.0
10 192.0
33 168.0
74 116.0
28 176.0
71 188.0
3 124.0
49 177.0
6 121.0
73 169.0
74 199.0
5 180.0
23 119.0
22 124.0
73 121.0
72 116.0
49 178.0
80 103.0
7 164.0
67 112.0
5 196.0
3 187.0
3 106.0
31 124.0
10 117.0
25 116.0
80 112.0
36 103.0
24 119.0
23 159.0
82 124.0
15 192.0
71 164.0
10 196.0
16 150.0
35 168.0
2 150.0
24 117.0
25 103.0
23 135.0
6 179.0
33 170.0
33 195.0
54 159.0
25 151.0
31 153.0
34 163.0
31 132.0
16 132.0
33 120.0
29 153.0
10 139.0
95 183.0
35 153.0
15 195.0
14 179.0
71 187.0
8 172.0
35 144.0
35 119.0
61 105.0
