93 133.0
73 138.0
64 136.0
47 134.0
17 138.0
51 111.0
11 151.0
14 103.0
56 112.0
54 109.0
37 132.0
16 132.0
32 183.0
12 180.0
10 119.0
32 165.0
10 195.0
7 123.0
6 131.0
23 106.0
80 139.0
83 167.0
18 175.0
65 101.0
95 168.0
63 152.0
28 177.0
79 169.0
33 131.0
45 101.0
1 151.0
98 174.0
69 120.0
17 160.0
2 102.0
64 116.0
70 120.0
67 166.0
23 197.0
50 176.0
73 170.0
95 123.0
80 109.0
56 111.0
12 103.0
16 136.0
32 136.0
56 175.0
93 132.0
11 123.0
14 138.0
54 119.0
11 167.0
17 103.0
12 134.0
93 111.0
12 133.0
32 111.0
18 106.0
32 109.0
64 132.0
12 132.0
6 132.0
