6 195
81 127
30 189
17 151
36 161
81 154
8 124
80 174
69 198
37 167
56 139
69 114
37 175
8 165
18 107
63 164
50 176
87 125
12 159
90 177
49 176
64 123
25 119
59 148
77 152
86 148
7 152
14 129
98 188
75 173
74 185
24 179
39 155
96 134
67 129
13 180
20 137
9 102
9 169
13 156
61 118
54 158
84 167
85 166
34 151
62 179
53 194
4 136
58 181
32 117
10 145
23 170
19 181
1 122
66 195
99 185
82 139
92 174
72 147
25 130
13 117
23 162
92 146
74 104
38 143
17 149
56 118
36 193
49 132
10 100
3 101
15 111
40 126
8 171
89 109
73 172
91 141
13 102
98 173
98 129
49 125
9 156
69 174
37 174
69 124
87 177
80 114
56 198
56 124
87 176
50 107
20 180
59 123
14 173
87 107
56 174
75 155
17 195
20 169
