8 169
48 159
21 168
46 138
21 149
48 184
46 195
8 175
58 128
71 143
62 141
55 100
42 141
91 143
87 128
13 108
35 146
52 102
24 148
18 108
73 148
94 102
39 107
22 131
1 144
31 139
44 101
67 111
16 110
86 183
47 115
88 153
34 170
80 110
83 103
10 112
20 129
72 145
53 127
70 145
75 180
38 167
59 134
51 179
69 186
95 188
68 116
49 180
64 182
6 150
40 104
19 176
23 178
30 181
40 177
65 105
25 135
17 101
43 122
36 172
12 181
56 126
99 107
89 174
78 115
76 169
50 167
64 133
41 125
0 190
88 142
0 158
65 152
21 113
79 166
60 193
84 197
62 196
6 119
74 140
73 143
70 102
87 144
69 175
69 128
24 195
69 102
20 111
22 146
62 108
35 143
6 168
67 128
8 144
13 167
55 144
21 148
71 102
46 103
67 168
10 116
83 179
88 100
80 143
67 146
46 179
16 182
91 138
59 143
19 129
21 141
64 183
18 115
19 168
46 127
44 188
49 138
72 102
21 107
88 179
24 134
68 148
72 182
87 182
59 195
10 111
75 102
20 104
95 143
40 159
19 128
16 127
67 181
55 107
23 102
83 183
46 110
51 139
