17 123.0
88 129.0
64 106.0
4 123.0
60 129.0
2 128.0
41 122.0
50 108.0
44 128.0
11 159.0
26 135.0
3 133.0
26 138.0
54 185.0
16 172.0
37 148.0
52 176.0
54 190.0
37 184.0
8 178.0
20 171.0
27 186.0
8 179.0
27 194.0
32 192.0
9 118.0
10 162.0
32 196.0
10 195.0
29 103.0
31 151.0
7 126.0
38 191.0
34 182.0
36 174.0
59 105.0
34 189.0
59 197.0
40 193.0
58 147.0
1 124.0
42 104.0
68 117.0
98 116.0
84 156.0
85 137.0
100 154.0
48 154.0
72 156.0
80 163.0
83 102.0
19 144.0
18 150.0
65 163.0
30 161.0
13 170.0
61 155.0
69 113.0
57 133.0
91 119.0
98 110.0
99 140.0
58 102.0
11 123.0
85 184.0
69 122.0
36 186.0
80 123.0
72 194.0
60 186.0
10 170.0
2 161.0
58 170.0
44 123.0
38 148.0
27 174.0
48 189.0
2 103.0
34 126.0
26 104.0
31 123.0
80 129.0
29 186.0
61 196.0
59 194.0
64 162.0
26 156.0
29 176.0
30 182.0
11 176.0
11 113.0
40 159.0
85 123.0
69 196.0
16 113.0
31 124.0
36 156.0
31 185.0
20 150.0
18 161.0
38 144.0
83 184.0
37 154.0
41 155.0
29 118.0
83 171.0
13 150.0
34 104.0
18 128.0
26 128.0
68 135.0
54 123.0
72 155.0
9 154.0
3 193.0
41 118.0
13 118.0
29 128.0
1 197.0
40 151.0
11 194.0
44 178.0
20 151.0
65 170.0
17 102.0
16 135.0
29 129.0
80 162.0
7 178.0
31 118.0
7 161.0
31 193.0
48 113.0
88 126.0
13 126.0
2 163.0
29 161.0
29 193.0
44 103.0
32 174.0
4 171.0
52 163.0
44 163.0
11 150.0
38 126.0
