97 123.0
82 106.0
99 123.0
5 106.0
98 175.0
77 168.0
90 158.0
48 175.0
18 150.0
19 146.0
96 146.0
80 150.0
4 142.0
88 119.0
2 106.0
14 106.0
37 179.0
8 175.0
66 113.0
15 112.0
10 120.0
6 194.0
36 146.0
58 120.0
42 128.0
13 147.0
12 147.0
66 193.0
21 151.0
2 152.0
11 128.0
12 115.0
32 187.0
24 132.0
53 135.0
8 174.0
66 182.0
58 185.0
34 148.0
16 183.0
75 162.0
46 113.0
18 158.0
77 123.0
90 146.0
80 123.0
90 150.0
80 168.0
82 168.0
48 106.0
97 158.0
82 150.0
99 146.0
5 168.0
98 146.0
82 158.0
99 150.0
80 106.0
80 158.0
48 150.0
