15 183.0
6 151.0
58 138.0
26 105.0
15 179.0
18 130.0
29 146.0
44 137.0
29 128.0
37 102.0
28 145.0
30 140.0
13 123.0
49 194.0
3 110.0
9 157.0
9 155.0
3 161.0
49 200.0
49 198.0
14 101.0
36 118.0
74 142.0
53 118.0
25 101.0
2 141.0
40 107.0
32 131.0
23 124.0
80 139.0
35 170.0
87 185.0
48 169.0
81 176.0
48 160.0
77 116.0
79 121.0
38 173.0
82 112.0
5 154.0
88 187.0
92 150.0
55 124.0
27 181.0
71 169.0
73 109.0
69 182.0
60 189.0
24 182.0
69 158.0
67 103.0
58 156.0
63 143.0
30 174.0
66 125.0
61 148.0
83 135.0
40 128.0
49 141.0
49 146.0
3 101.0
26 170.0
40 200.0
37 105.0
40 102.0
80 155.0
25 140.0
44 118.0
3 121.0
14 176.0
38 183.0
18 121.0
38 118.0
74 116.0
29 145.0
15 146.0
80 151.0
81 101.0
30 138.0
18 155.0
23 101.0
48 141.0
26 140.0
2 176.0
53 185.0
15 140.0
5 110.0
18 183.0
82 142.0
44 140.0
81 124.0
29 183.0
58 157.0
53 161.0
18 101.0
58 137.0
58 102.0
13 185.0
74 179.0
14 157.0
25 124.0
77 118.0
18 145.0
23 110.0
49 185.0
5 101.0
58 128.0
40 130.0
80 179.0
30 169.0
80 110.0
9 118.0
25 137.0
58 110.0
5 128.0
49 101.0
80 102.0
32 101.0
82 145.0
25 160.0
40 105.0
58 112.0
13 101.0
74 146.0
6 146.0
26 160.0
18 131.0
18 107.0
18 142.0
74 140.0
44 141.0
35 194.0
58 194.0
26 141.0
9 141.0
3 146.0
49 112.0
36 140.0
40 142.0
79 200.0
13 139.0
30 160.0
18 118.0
3 130.0
32 137.0
28 170.0
32 176.0
38 185.0
37 151.0
30 124.0
25 200.0
14 183.0
44 161.0
38 137.0
9 131.0
82 198.0
28 154.0
37 154.0
49 121.0
58 130.0
32 118.0
53 170.0
28 176.0
6 116.0
30 139.0
37 183.0
38 151.0
82 130.0
15 116.0
37 200.0
38 101.0
74 123.0
25 123.0
18 140.0
2 121.0
23 160.0
87 142.0
14 137.0
3 145.0
30 128.0
29 112.0
18 173.0
82 160.0
35 123.0
44 102.0
77 101.0
13 128.0
44 155.0
18 185.0
25 141.0
53 155.0
80 107.0
26 137.0
15 185.0
13 142.0
30 154.0
25 121.0
3 112.0
81 138.0
30 146.0
