14 182
5 150
57 137
25 104
14 178
17 129
28 145
43 136
28 127
36 101
27 144
29 139
12 122
48 193
2 109
8 156
8 154
2 160
48 199
48 197
13 100
35 117
73 141
52 117
24 100
1 140
39 106
31 130
22 123
79 138
34 169
86 184
47 168
80 175
47 159
76 115
78 120
37 172
81 111
4 153
87 186
91 149
54 123
26 180
70 168
72 108
68 181
59 188
23 181
68 157
66 102
57 155
62 142
29 173
65 124
60 147
82 134
39 127
48 140
48 145
2 100
25 169
39 199
36 104
39 101
79 154
24 139
43 117
2 120
13 175
37 182
17 120
37 117
73 115
28 144
14 145
79 150
80 100
29 137
17 154
22 100
47 140
25 139
1 175
52 184
14 139
4 109
17 182
81 141
43 139
80 123
28 182
57 156
52 160
17 100
57 136
57 101
12 184
73 178
13 156
24 123
76 117
17 144
22 109
48 184
4 100
57 127
39 129
79 178
29 168
79 109
8 117
24 136
57 109
4 127
48 100
79 101
31 100
81 144
24 159
39 104
57 111
12 100
73 145
5 145
25 159
17 130
17 106
17 141
73 139
43 140
34 193
57 193
25 140
8 140
2 145
48 111
35 139
39 141
78 199
12 138
29 159
17 117
2 129
31 136
27 169
31 175
37 184
36 150
29 123
24 199
13 182
43 160
37 136
8 130
81 197
27 153
36 153
48 120
57 129
31 117
52 169
27 175
5 115
29 138
36 182
37 150
81 129
14 115
36 199
37 100
73 122
24 122
17 139
1 120
22 159
86 141
13 136
2 144
29 127
28 111
17 172
81 159
34 122
43 101
76 100
12 127
43 154
17 184
24 140
52 154
79 106
25 136
14 184
12 141
29 153
24 120
2 111
80 137
29 145
