37 133.0
18 101.0
31 111.0
7 132.0
82 111.0
48 136.0
54 194.0
47 164.0
6 119.0
6 113.0
47 191.0
54 188.0
4 103.0
44 109.0
5 157.0
17 181.0
5 138.0
87 171.0
60 182.0
8 131.0
26 118.0
65 137.0
77 171.0
72 189.0
39 135.0
27 156.0
92 198.0
100 180.0
95 186.0
72 130.0
10 161.0
21 193.0
14 122.0
14 184.0
21 173.0
10 145.0
96 164.0
30 112.0
3 200.0
94 139.0
32 148.0
24 122.0
23 128.0
97 149.0
61 192.0
31 162.0
57 106.0
34 117.0
34 124.0
46 167.0
33 178.0
68 192.0
77 125.0
18 133.0
100 156.0
100 135.0
7 111.0
18 111.0
17 138.0
39 198.0
