15 162.0
6 119.0
34 136.0
66 167.0
26 125.0
6 114.0
26 153.0
28 187.0
46 189.0
37 164.0
30 117.0
4 181.0
30 168.0
46 135.0
63 161.0
72 157.0
92 198.0
91 127.0
93 197.0
59 110.0
43 194.0
92 155.0
72 199.0
57 120.0
90 141.0
10 131.0
27 133.0
55 107.0
97 124.0
61 107.0
94 133.0
100 141.0
8 192.0
32 188.0
40 159.0
2 193.0
23 163.0
23 143.0
40 191.0
21 102.0
16 140.0
84 108.0
54 145.0
12 123.0
71 145.0
69 144.0
96 101.0
50 118.0
60 129.0
39 118.0
75 144.0
85 101.0
52 129.0
33 115.0
24 106.0
20 158.0
65 134.0
7 166.0
31 134.0
42 147.0
9 152.0
19 194.0
35 175.0
51 169.0
8 104.0
68 109.0
19 154.0
72 169.0
79 138.0
84 115.0
31 145.0
26 101.0
31 144.0
59 193.0
26 199.0
4 167.0
63 124.0
65 136.0
21 101.0
31 118.0
28 161.0
26 164.0
34 120.0
4 129.0
7 140.0
30 101.0
52 110.0
34 129.0
15 144.0
97 167.0
61 129.0
16 110.0
15 199.0
50 163.0
90 129.0
12 144.0
28 131.0
66 192.0
32 141.0
85 114.0
90 144.0
2 166.0
37 159.0
4 153.0
46 118.0
60 125.0
97 106.0
32 161.0
6 144.0
39 117.0
84 168.0
71 164.0
8 158.0
46 101.0
20 161.0
15 187.0
15 158.0
37 120.0
69 125.0
94 129.0
32 189.0
23 123.0
27 115.0
59 163.0
21 133.0
71 158.0
52 157.0
85 134.0
28 194.0
59 158.0
69 123.0
40 199.0
15 101.0
6 199.0
94 134.0
43 158.0
61 181.0
37 198.0
28 198.0
91 144.0
12 194.0
63 192.0
27 134.0
2 102.0
10 145.0
57 163.0
93 188.0
54 188.0
4 191.0
32 102.0
15 102.0
90 194.0
40 131.0
31 194.0
72 114.0
31 163.0
72 141.0
93 143.0
71 187.0
39 134.0
57 108.0
8 129.0
12 166.0
55 194.0
54 127.0
2 129.0
57 166.0
26 133.0
24 199.0
57 187.0
28 166.0
7 135.0
23 120.0
7 192.0
20 153.0
75 133.0
91 181.0
52 162.0
6 133.0
63 143.0
21 115.0
90 115.0
72 131.0
33 119.0
61 114.0
2 153.0
71 143.0
40 144.0
84 162.0
12 189.0
52 197.0
57 118.0
12 114.0
65 145.0
91 108.0
28 140.0
15 194.0
84 199.0
28 144.0
91 166.0
2 114.0
30 141.0
84 141.0
97 115.0
65 120.0
90 192.0
26 166.0
21 167.0
30 166.0
60 110.0
93 193.0
39 114.0
92 107.0
2 131.0
24 129.0
54 193.0
23 108.0
15 110.0
16 166.0
6 124.0
20 125.0
24 168.0
75 135.0
46 108.0
55 136.0
72 158.0
20 119.0
28 134.0
8 157.0
23 107.0
97 145.0
15 131.0
60 143.0
63 140.0
72 164.0
93 101.0
34 192.0
31 114.0
57 144.0
20 120.0
31 108.0
72 192.0
46 102.0
84 117.0
75 162.0
30 108.0
59 166.0
97 108.0
21 118.0
84 187.0
26 198.0
66 101.0
39 135.0
23 118.0
37 199.0
26 158.0
34 193.0
52 124.0
6 108.0
54 153.0
32 158.0
20 123.0
54 191.0
69 114.0
8 125.0
2 158.0
33 191.0
85 135.0
75 145.0
12 134.0
84 189.0
50 135.0
30 144.0
59 123.0
30 161.0
32 164.0
30 107.0
10 153.0
61 145.0
39 155.0
52 159.0
8 135.0
32 101.0
8 101.0
59 101.0
97 194.0
16 159.0
72 124.0
4 162.0
94 118.0
30 162.0
96 145.0
24 193.0
52 125.0
30 131.0
