3 147
46 189
59 175
63 176
23 184
72 171
92 183
63 152
45 140
1 101
40 162
49 145
43 149
25 193
13 165
50 177
10 186
25 170
10 185
50 178
51 102
36 113
24 125
53 110
55 113
7 151
19 136
26 115
21 124
7 155
56 117
77 195
65 182
78 191
93 161
86 118
14 194
8 134
31 133
11 158
20 132
8 137
22 128
28 122
6 130
30 105
81 173
96 196
80 190
42 181
44 142
73 180
88 198
98 104
58 102
38 106
41 150
89 140
71 165
17 142
64 127
29 192
51 123
16 172
99 126
90 120
12 157
73 141
0 112
56 105
7 193
7 170
21 130
31 186
49 186
30 191
13 134
73 149
36 185
78 133
8 149
30 118
45 194
36 140
49 158
49 125
11 173
1 132
25 132
8 113
