26 101.0
58 129.0
6 142.0
15 101.0
1 109.0
44 149.0
29 103.0
49 163.0
9 193.0
47 143.0
9 188.0
47 191.0
56 136.0
59 167.0
43 174.0
88 153.0
93 114.0
14 112.0
36 173.0
62 171.0
53 184.0
19 121.0
97 134.0
55 115.0
98 106.0
27 166.0
94 115.0
99 106.0
100 134.0
48 137.0
68 113.0
89 128.0
35 104.0
87 104.0
21 135.0
54 148.0
73 168.0
71 180.0
12 164.0
76 141.0
85 120.0
75 165.0
50 133.0
39 165.0
69 133.0
86 105.0
38 182.0
77 186.0
51 179.0
79 138.0
20 132.0
31 140.0
7 102.0
33 145.0
13 158.0
37 105.0
32 187.0
40 107.0
33 157.0
60 190.0
100 127.0
78 185.0
24 139.0
15 175.0
21 138.0
73 132.0
68 141.0
87 148.0
73 136.0
56 120.0
6 114.0
43 105.0
20 164.0
62 166.0
15 191.0
93 141.0
20 142.0
21 153.0
79 129.0
19 128.0
14 168.0
73 153.0
79 115.0
50 188.0
88 121.0
85 104.0
69 182.0
69 102.0
1 137.0
59 179.0
58 120.0
9 136.0
56 165.0
31 141.0
58 140.0
20 141.0
71 145.0
93 166.0
26 109.0
47 140.0
35 135.0
29 102.0
38 132.0
56 149.0
73 165.0
33 101.0
29 101.0
14 129.0
39 179.0
44 133.0
77 143.0
9 164.0
38 166.0
43 191.0
44 140.0
21 109.0
39 106.0
86 135.0
98 153.0
99 132.0
56 173.0
62 129.0
87 101.0
20 186.0
58 186.0
27 120.0
26 173.0
86 163.0
62 174.0
75 134.0
62 105.0
49 136.0
31 136.0
20 101.0
54 112.0
86 188.0
35 102.0
35 112.0
99 133.0
44 120.0
14 114.0
93 109.0
49 134.0
76 145.0
75 163.0
97 167.0
56 112.0
19 174.0
58 133.0
87 182.0
75 171.0
59 193.0
79 165.0
77 132.0
54 104.0
86 174.0
54 167.0
49 133.0
55 188.0
79 145.0
44 141.0
58 113.0
87 145.0
59 173.0
76 168.0
26 153.0
36 143.0
87 188.0
12 143.0
44 132.0
7 105.0
89 132.0
21 132.0
26 149.0
68 149.0
87 114.0
71 120.0
86 168.0
33 109.0
68 188.0
33 106.0
43 141.0
26 182.0
85 142.0
77 101.0
97 179.0
1 141.0
38 135.0
59 134.0
93 140.0
36 103.0
49 166.0
43 102.0
68 179.0
75 104.0
58 104.0
68 129.0
98 193.0
1 184.0
9 142.0
79 103.0
89 186.0
29 128.0
1 186.0
29 173.0
68 166.0
48 103.0
48 145.0
39 114.0
77 109.0
77 114.0
14 135.0
69 109.0
12 104.0
86 148.0
26 179.0
14 174.0
44 115.0
26 105.0
47 141.0
79 184.0
99 163.0
100 188.0
20 106.0
1 164.0
87 171.0
59 115.0
89 148.0
77 193.0
6 136.0
48 106.0
75 114.0
97 120.0
88 135.0
7 129.0
44 145.0
20 182.0
35 134.0
69 104.0
15 120.0
7 148.0
31 113.0
9 140.0
85 101.0
54 166.0
9 135.0
93 145.0
47 106.0
20 148.0
89 102.0
20 105.0
51 134.0
21 133.0
48 114.0
49 128.0
97 163.0
93 149.0
31 166.0
49 129.0
43 165.0
31 143.0
35 180.0
93 142.0
71 136.0
49 140.0
51 191.0
15 103.0
47 103.0
69 136.0
43 115.0
