31 150
85 170
89 113
75 165
74 163
97 138
96 163
67 138
37 109
39 112
35 132
48 129
42 126
60 104
22 111
12 199
12 155
22 185
50 107
13 103
68 103
90 107
43 144
23 177
33 195
4 188
33 151
53 134
63 178
2 173
29 180
29 181
80 149
14 159
64 174
14 154
44 148
88 109
30 185
46 155
0 132
76 139
25 125
7 176
70 193
2 109
31 174
39 181
23 159
39 151
68 113
50 132
43 178
64 109
42 180
63 150
13 111
22 151
89 112
53 107
29 132
4 144
13 112
23 112
43 132
68 150
23 165
48 107
12 134
22 104
12 154
13 178
80 178
39 163
35 104
53 104
60 129
42 163
80 104
96 188
29 126
89 104
63 195
75 151
22 112
63 104
33 178
60 109
63 174
89 109
43 107
22 103
68 151
13 144
85 181
2 126
29 107
68 154
23 132
50 195
85 188
12 178
22 163
74 129
50 112
90 174
85 180
75 163
33 177
48 126
29 134
85 132
50 126
33 112
53 138
4 107
35 178
48 138
43 199
13 109
12 112
48 104
39 149
4 112
48 134
33 165
2 144
53 151
42 109
12 180
64 129
37 188
29 188
35 165
63 138
75 107
35 113
53 126
75 199
35 134
29 185
12 165
63 113
33 129
48 174
96 104
14 178
37 177
63 144
33 138
67 134
90 104
29 199
53 173
12 177
35 112
90 181
64 178
2 134
67 144
29 103
64 170
33 126
53 170
14 134
97 178
23 104
60 163
53 180
29 104
42 112
2 149
37 195
68 180
31 109
53 129
4 138
89 163
85 134
60 177
