2
1 2 3 4 5 6 7 8 9 10 11 12 13 14 15 16 17 18 19 20 21 22 23 24 25 26 27 28 29 30 31 32 33 34 35 36 37 38 39 40 41 42 43 44 45 46 47 48 49 50 51 52 53 54 55 56 57 58 59 60 61 62 63 64 65 66 67 68 69 70 71 72 73 74 75 76 77 78 79 80 81 82 83 84 85 86 87 88 89 90 91 92 93 94 95 96 97 98 99 100 
400
1 3
1 2
1 11
1 52
1 37
2 40
2 1
2 4
2 38
3 1
3 74
3 43
3 77
3 7
4 40
4 2
4 38
5 26
5 35
5 61
6 19
6 41
6 51
6 76
7 43
7 74
7 3
7 77
7 38
8 17
8 25
9 53
9 78
9 23
10 73
10 82
10 50
10 49
11 1
11 99
11 52
11 37
12 48
12 67
12 93
12 70
12 69
13 32
13 33
13 75
13 22
14 64
14 21
14 46
15 42
15 59
15 29
15 30
16 63
16 62
16 55
17 8
17 25
18 97
18 34
18 100
18 98
18 56
18 88
18 90
18 91
18 31
19 40
19 41
19 51
19 76
19 6
20 24
20 68
20 60
20 54
21 64
21 14
21 46
22 32
22 33
22 75
22 13
23 9
23 53
23 78
24 20
24 68
24 54
24 60
25 8
25 17
26 35
26 5
27 58
27 36
27 66
28 99
28 35
29 59
29 15
30 59
30 15
31 98
31 100
31 18
32 33
32 75
32 13
32 22
33 32
33 75
33 13
33 22
34 98
34 100
34 18
35 26
35 28
35 5
36 66
36 27
36 44
37 1
37 11
37 78
38 2
38 4
38 7
39 99
39 95
40 2
40 19
40 4
41 19
41 51
41 76
41 6
42 59
42 45
42 15
43 3
43 52
43 77
43 7
44 66
44 36
45 42
45 61
46 64
46 21
46 14
47 96
47 93
47 86
48 67
48 12
48 69
48 93
49 73
49 50
49 10
49 82
50 49
50 82
50 10
50 73
51 41
51 19
51 76
51 6
52 1
52 11
52 43
53 9
53 78
53 23
54 24
54 68
54 60
54 20
55 16
55 62
55 63
56 97
56 98
56 100
56 18
57 80
57 88
57 83
58 27
58 61
59 42
59 29
59 30
59 15
60 24
60 68
60 20
60 54
61 58
61 5
61 45
62 16
62 63
62 55
63 16
63 94
63 62
63 55
64 46
64 21
64 14
65 89
65 99
65 95
66 44
66 27
66 36
67 48
67 12
67 69
67 70
67 93
68 24
68 60
68 20
68 54
69 48
69 67
69 12
69 93
69 70
70 67
70 12
70 69
70 93
71 96
71 81
71 92
71 86
72 80
72 83
72 84
72 79
73 49
73 10
73 82
73 50
74 3
74 77
74 7
75 32
75 33
75 13
75 22
76 41
76 19
76 6
76 51
77 43
77 74
77 3
77 7
78 9
78 53
78 37
78 23
79 72
79 88
79 82
79 84
80 72
80 57
80 83
80 84
80 88
81 96
81 92
81 94
81 86
81 71
82 49
82 10
82 79
82 50
82 73
83 72
83 57
83 84
83 80
83 88
84 72
84 80
84 83
84 88
84 79
85 99
85 89
85 95
85 87
86 96
86 71
86 47
86 81
86 92
86 94
87 89
87 90
87 99
87 85
87 95
88 79
88 80
88 18
88 83
88 84
88 57
89 99
89 65
89 95
89 85
89 87
90 97
90 98
90 100
90 18
90 87
90 91
91 97
91 90
91 18
91 100
91 98
92 96
92 81
92 94
92 86
92 71
93 67
93 69
93 70
93 12
93 47
93 48
94 96
94 81
94 92
94 86
94 63
95 65
95 99
95 39
95 85
95 87
95 89
96 100
96 71
96 47
96 81
96 86
96 92
96 94
97 98
97 100
97 18
97 56
97 90
97 91
98 97
98 34
98 100
98 18
98 56
98 90
98 91
98 31
99 65
99 39
99 11
99 85
99 87
99 89
99 28
99 95
100 96
100 97
100 34
100 98
100 18
100 56
100 90
100 91
100 31
101 102 103 104 105 106 107 108 109 110 111 112 113 114 115 116 117 118 119 120 121 122 123 124 125 126 127 128 129 130 131 132 133 134 135 136 137 138 139 140 141 142 143 144 145 146 147 148 149 150 151 152 153 154 155 156 157 158 159 160 161 162 163 164 165 166 167 168 169 170 171 172 173 174 175 176 177 178 179 180 181 182 183 184 185 186 187 188 189 190 191 192 193 194 195 196 197 198 199 200 
1162
101 102
101 103
101 104
101 105
101 106
101 107
101 108
101 109
101 110
101 111
101 112
101 113
101 114
101 115
101 116
101 117
101 118
101 119
101 120
101 121
101 122
101 123
101 124
101 125
101 126
101 127
101 128
101 129
101 130
101 131
101 132
101 133
101 134
101 135
101 136
101 137
101 138
101 139
101 140
101 141
101 142
101 143
101 144
101 145
101 146
101 147
101 148
101 149
101 150
101 151
101 152
101 153
101 154
101 155
101 156
101 157
101 158
101 159
101 160
101 161
101 162
101 163
101 164
101 165
101 166
101 167
101 168
101 169
101 170
101 171
101 172
101 173
101 174
101 175
101 176
101 177
101 178
101 179
101 180
101 181
101 182
101 183
101 184
101 185
101 186
101 187
101 188
101 189
101 190
101 191
101 192
101 193
101 194
101 195
101 196
101 197
101 198
101 199
101 200
102 101
102 103
102 104
102 105
102 106
102 107
102 108
102 109
102 110
102 111
102 112
102 113
102 114
102 115
102 116
102 117
102 118
102 119
102 120
102 121
102 122
102 123
102 124
102 125
102 126
102 127
102 128
102 129
102 130
102 131
102 132
102 133
102 134
102 135
102 136
102 137
102 138
102 139
102 140
102 141
102 142
102 143
102 144
102 145
102 146
102 147
102 148
102 149
102 150
102 151
102 152
102 153
102 154
102 155
102 156
102 157
102 158
102 159
102 160
102 161
102 162
102 163
102 164
102 165
102 166
102 167
102 168
102 169
102 170
102 171
102 172
102 173
102 174
102 175
102 176
102 177
102 178
102 179
102 180
102 181
102 182
102 183
102 184
102 185
102 186
102 187
102 188
102 189
102 190
102 191
102 192
102 193
102 194
102 195
102 196
102 197
102 198
102 199
102 200
103 101
103 102
103 104
103 105
103 106
103 107
103 108
103 109
103 110
103 111
103 112
103 113
103 114
103 115
103 116
103 117
103 118
103 119
103 120
103 121
103 122
103 123
103 124
103 125
103 126
103 127
103 128
103 129
103 130
103 131
103 132
103 133
103 134
103 135
103 136
103 137
103 138
103 139
103 140
103 141
103 142
103 143
103 144
103 145
103 146
103 147
103 148
103 149
103 150
103 151
103 152
103 153
103 154
103 155
103 156
103 157
103 158
103 159
103 160
103 161
103 162
103 163
103 164
103 165
103 166
103 167
103 168
103 169
103 170
103 171
103 172
103 173
103 174
103 175
103 176
103 177
103 178
103 179
103 180
103 181
103 182
103 183
103 184
103 185
103 186
103 187
103 188
103 189
103 190
103 191
103 192
103 193
103 194
103 195
103 196
103 197
103 198
103 199
103 200
104 128
104 129
104 130
104 131
104 132
104 133
104 134
104 135
104 136
104 137
104 138
104 139
104 140
104 141
104 142
104 143
104 144
104 145
104 146
104 147
104 148
104 149
104 150
104 151
104 152
104 153
104 154
104 155
104 156
104 157
104 158
104 159
104 160
104 161
104 162
104 101
104 102
104 103
104 105
104 106
104 107
104 108
104 109
104 110
104 111
104 112
104 113
104 114
104 115
104 116
104 117
104 118
104 119
104 120
104 121
104 122
104 123
104 124
104 125
104 126
104 127
105 161
105 101
105 102
105 103
105 104
105 135
105 126
106 101
106 102
106 103
106 104
106 151
106 141
106 176
106 119
107 101
107 102
107 103
107 104
107 138
107 174
107 143
107 177
108 101
108 102
108 103
108 104
108 117
108 125
109 101
109 102
109 103
109 104
109 178
109 153
109 123
110 101
110 102
110 103
110 104
110 173
110 149
110 150
110 182
111 101
111 102
111 103
111 104
111 137
111 199
111 152
112 193
112 101
112 102
112 167
112 104
112 169
112 170
112 103
112 148
113 132
113 101
113 102
113 103
113 104
113 175
113 122
113 133
114 164
114 101
114 102
114 103
114 104
114 146
114 121
115 129
115 130
115 101
115 102
115 103
115 104
115 142
115 159
116 162
116 163
116 101
116 102
116 103
116 104
116 155
117 101
117 102
117 103
117 104
117 108
117 125
118 198
118 131
118 197
118 134
118 103
118 200
118 188
118 101
118 104
118 156
118 102
118 190
118 191
119 101
119 102
119 103
119 104
119 106
119 140
119 141
119 176
119 151
120 160
120 101
120 102
120 103
120 168
120 104
120 154
120 124
121 164
121 101
121 102
121 103
121 104
121 114
121 146
122 132
122 101
122 102
122 103
122 104
122 175
122 113
122 133
123 101
123 102
123 103
123 104
123 109
123 178
123 153
124 160
124 101
124 102
124 103
124 168
124 104
124 120
124 154
125 101
125 102
125 103
125 104
125 108
125 117
126 101
126 102
126 103
126 104
126 105
126 135
127 166
127 102
127 103
127 136
127 144
127 104
127 158
127 101
128 195
128 165
128 102
128 199
128 103
128 139
128 104
128 185
128 187
128 135
128 189
128 101
129 130
129 101
129 102
129 103
129 104
129 142
129 115
129 159
130 129
130 101
130 102
130 103
130 104
130 142
130 115
130 159
131 197
131 134
131 198
131 103
131 200
131 101
131 104
131 118
131 156
131 102
131 190
131 191
132 101
132 102
132 103
132 104
132 175
132 113
132 122
132 133
133 132
133 101
133 102
133 103
133 104
133 175
133 113
133 122
134 131
134 197
134 198
134 103
134 200
134 101
134 104
134 118
134 156
134 102
134 190
134 191
135 128
135 101
135 102
135 103
135 104
135 105
135 126
136 101
136 102
136 103
136 104
136 144
136 127
136 166
137 101
137 102
137 103
137 104
137 111
137 178
137 152
138 101
138 102
138 103
138 104
138 107
138 140
139 128
139 195
139 165
139 102
139 199
139 104
139 103
139 185
139 187
139 189
139 101
140 101
140 102
140 103
140 104
140 138
140 119
141 101
141 102
141 103
141 104
141 106
141 151
141 176
141 119
142 129
142 130
142 101
142 102
142 103
142 104
142 145
142 115
142 159
143 101
143 102
143 103
143 104
143 107
143 174
143 177
143 152
144 101
144 102
144 103
144 136
144 104
144 127
144 166
145 161
145 101
145 102
145 103
145 104
145 142
145 158
146 164
146 101
146 102
146 103
146 104
146 114
146 121
147 192
147 193
147 194
147 196
147 101
147 102
147 103
147 104
147 171
147 181
147 186
148 193
148 101
148 102
148 167
148 104
148 169
148 170
148 103
148 112
149 101
149 102
149 103
149 104
149 173
149 110
149 150
149 182
150 101
150 102
150 103
150 104
150 173
150 110
150 149
150 182
151 101
151 102
151 103
151 104
151 106
151 141
151 176
151 119
152 101
152 102
152 103
152 104
152 137
152 143
152 111
153 101
153 102
153 103
153 104
153 109
153 178
153 123
154 160
154 101
154 102
154 103
154 168
154 104
154 120
154 124
155 162
155 163
155 101
155 102
155 103
155 104
155 116
156 131
156 197
156 198
156 103
156 200
156 104
156 190
156 118
156 101
156 102
156 134
156 191
157 101
157 102
157 103
157 104
157 172
157 179
157 180
157 183
157 184
157 188
158 161
158 101
158 102
158 103
158 104
158 145
158 127
159 129
159 130
159 101
159 102
159 103
159 104
159 142
159 115
160 101
160 102
160 103
160 168
160 104
160 120
160 154
160 124
161 101
161 102
161 103
161 104
161 105
161 145
161 158
162 163
162 101
162 102
162 103
162 104
162 116
162 155
163 162
163 101
163 102
163 103
163 194
163 116
163 155
164 101
164 102
164 103
164 146
164 114
164 121
165 128
165 195
165 101
165 102
165 199
165 103
165 139
165 185
165 187
165 189
166 101
166 102
166 103
166 136
166 144
166 127
167 193
167 101
167 102
167 103
167 169
167 170
167 112
167 148
168 160
168 101
168 102
168 103
168 120
168 154
168 124
169 193
169 101
169 102
169 167
169 170
169 103
169 112
169 148
170 193
170 101
170 102
170 167
170 169
170 103
170 112
170 148
171 192
171 194
171 196
171 101
171 102
171 103
171 147
171 181
171 186
172 101
172 102
172 103
172 179
172 180
172 183
172 184
172 188
172 157
173 101
173 102
173 103
173 110
173 149
173 182
173 150
174 101
174 102
174 103
174 107
174 143
174 177
175 132
175 133
175 102
175 103
175 113
175 122
175 101
176 101
176 102
176 103
176 106
176 119
176 141
176 151
177 101
177 102
177 103
177 107
177 174
177 143
178 101
178 102
178 103
178 137
178 109
178 153
178 123
179 101
179 102
179 103
179 172
179 180
179 182
179 183
179 184
179 188
179 157
180 101
180 102
180 103
180 172
180 179
180 183
180 184
180 188
180 157
181 192
181 194
181 196
181 101
181 102
181 103
181 171
181 147
181 186
182 101
182 102
182 103
182 173
182 110
182 179
182 149
182 150
183 101
183 102
183 103
183 172
183 179
183 180
183 184
183 188
183 157
184 101
184 102
184 103
184 172
184 179
184 180
184 183
184 188
184 157
185 128
185 195
185 165
185 102
185 199
185 103
185 139
185 187
185 189
185 101
186 192
186 194
186 196
186 101
186 102
186 103
186 171
186 147
186 181
187 128
187 195
187 165
187 102
187 199
187 139
187 185
187 103
187 189
187 190
187 101
188 101
188 102
188 103
188 172
188 179
188 180
188 118
188 183
188 184
188 157
189 128
189 195
189 165
189 102
189 199
189 103
189 139
189 185
189 187
189 101
190 131
190 197
190 198
190 103
190 200
190 101
190 118
190 187
190 156
190 102
190 134
190 191
191 131
191 197
191 198
191 103
191 200
191 118
191 134
191 156
191 102
191 190
191 101
192 194
192 196
192 101
192 102
192 103
192 171
192 147
192 181
192 186
193 101
193 102
193 167
193 169
193 170
193 103
193 112
193 147
193 148
194 192
194 163
194 196
194 101
194 102
194 103
194 171
194 147
194 181
194 186
195 128
195 165
195 102
195 199
195 103
195 139
195 185
195 187
195 189
195 101
196 192
196 194
196 101
196 102
196 103
196 200
196 171
196 147
196 181
196 186
197 131
197 134
197 198
197 103
197 200
197 101
197 118
197 156
197 102
197 190
197 191
198 131
198 197
198 134
198 103
198 200
198 101
198 118
198 156
198 102
198 190
198 191
199 128
199 195
199 165
199 102
199 103
199 139
199 111
199 185
199 187
199 189
199 101
200 198
200 131
200 196
200 197
200 134
200 103
200 101
200 118
200 156
200 102
200 190
200 191
1
1 2
140
192 35
2 180
2 183
4 184
4 179
4 141
179 4
134 65
135 24
135 11
135 67
135 20
135 15
137 41
137 19
10 120
10 161
11 141
11 135
140 24
140 81
140 86
141 11
141 4
14 193
14 148
15 124
15 135
145 50
145 82
146 56
146 97
146 90
19 137
148 14
149 61
22 147
22 108
151 24
151 52
24 151
24 140
24 135
154 29
184 4
29 154
30 120
31 121
31 173
161 56
161 10
161 69
161 87
34 121
163 48
163 69
65 190
65 134
39 198
41 137
41 162
170 64
171 26
173 58
173 31
48 193
48 163
50 145
50 108
51 152
52 106
52 151
181 35
54 126
183 2
56 161
56 146
180 2
87 161
87 118
61 149
61 182
190 65
190 75
191 85
64 170
64 108
64 162
193 48
193 14
67 162
67 135
69 120
69 161
69 163
198 26
198 39
75 117
75 190
162 64
162 41
162 67
13 117
152 51
81 140
82 145
35 192
35 181
85 191
86 140
20 135
90 146
26 147
26 171
26 198
26 117
58 173
94 104
182 61
96 104
97 146
104 96
104 94
106 52
108 64
108 50
108 22
147 26
147 22
117 26
117 75
117 13
118 87
120 10
120 69
120 30
121 34
121 31
124 15
126 54
26
97 34 164 100 114 146 98 18 56 121 90 91 31  
160 168 42 15 120 154 59 124 29 30  
1 37 106 11 141 176 52 119 151  
96 102 71 104 138 140 47 81 86 92 94  
64 193 167 169 14 46 112 148 21 170  
161 49 73 10 50 145 82 158  
68 135 105 20 54 24 60 126  
162 67 69 70 12 48 163 116 155 93  
198 65 99 197 134 39 200 156 131 85 118 87 89 191 28 190 95  
182 45 110 173 149 150 58 61  
32 33 75 108 13 117 22 125  
51 101 6 41 76 111 19 137 152  
192 194 35 196 5 171 147 181 26 186  
2 4 38 40 172 179 180 183 184 188 157  
72 79 80 83 84 88 57  
9 53 78 23  
44 66 27 36  
16 63 62 55  
43 74 3 77 7  
8 17 25  
129 130 115 142 159  
153 178 123 109  
136 144 166 127  
128 195 165 199 139 185 187 189  
113 122 132 133 175  
177 107 143 174 103  
