12 126.0
37 144.0
90 144.0
56 126.0
55 181.0
99 115.0
83 182.0
50 182.0
49 158.0
18 140.0
79 127.0
35 163.0
6 142.0
21 162.0
66 118.0
14 149.0
69 149.0
91 118.0
2 139.0
27 154.0
78 200.0
62 146.0
62 176.0
78 137.0
80 194.0
72 177.0
88 147.0
72 101.0
25 123.0
94 110.0
77 123.0
28 110.0
33 161.0
11 148.0
73 169.0
15 191.0
81 166.0
81 195.0
22 155.0
26 186.0
54 129.0
1 199.0
81 175.0
53 131.0
28 180.0
69 133.0
83 195.0
90 181.0
88 200.0
90 158.0
62 177.0
2 118.0
77 101.0
33 115.0
81 162.0
72 148.0
14 123.0
27 137.0
25 177.0
78 101.0
21 144.0
27 182.0
35 118.0
81 118.0
2 126.0
25 163.0
81 200.0
25 115.0
66 194.0
91 144.0
62 163.0
18 126.0
37 110.0
83 147.0
6 101.0
37 191.0
33 154.0
69 163.0
79 161.0
28 181.0
55 162.0
62 191.0
66 139.0
55 166.0
21 110.0
80 182.0
6 148.0
81 101.0
49 162.0
11 142.0
21 137.0
21 182.0
11 154.0
15 182.0
28 127.0
