47 133.0
4 135.0
93 136.0
60 138.0
64 159.0
17 133.0
73 138.0
44 155.0
2 113.0
50 169.0
41 161.0
46 170.0
41 149.0
14 173.0
11 160.0
3 104.0
51 147.0
3 164.0
14 117.0
51 124.0
28 107.0
22 131.0
27 123.0
8 106.0
78 158.0
79 139.0
57 175.0
71 101.0
66 140.0
94 168.0
86 158.0
31 109.0
23 112.0
7 110.0
6 132.0
34 120.0
35 127.0
36 128.0
38 122.0
59 122.0
82 111.0
99 151.0
74 114.0
81 126.0
91 114.0
45 111.0
97 126.0
43 151.0
58 115.0
40 166.0
42 186.0
39 179.0
75 187.0
68 157.0
40 194.0
48 192.0
90 118.0
53 119.0
100 195.0
72 162.0
76 183.0
98 165.0
84 119.0
62 116.0
92 154.0
83 152.0
80 137.0
96 125.0
95 125.0
19 152.0
13 150.0
69 146.0
49 144.0
30 141.0
55 163.0
70 144.0
16 150.0
37 171.0
10 187.0
21 178.0
26 182.0
89 191.0
93 105.0
56 184.0
40 190.0
5 198.0
46 151.0
84 186.0
64 168.0
84 159.0
13 136.0
55 112.0
97 132.0
96 146.0
22 186.0
69 192.0
17 132.0
75 126.0
57 141.0
7 163.0
8 152.0
38 154.0
23 115.0
49 138.0
100 135.0
95 158.0
14 162.0
50 120.0
64 127.0
95 139.0
57 165.0
59 150.0
66 111.0
86 120.0
97 110.0
95 169.0
55 149.0
13 123.0
70 155.0
46 106.0
64 161.0
60 107.0
42 161.0
96 150.0
42 151.0
36 118.0
43 159.0
11 165.0
94 146.0
70 122.0
48 151.0
28 119.0
70 139.0
68 144.0
74 135.0
55 136.0
66 146.0
95 140.0
39 163.0
7 173.0
70 159.0
80 118.0
34 159.0
91 147.0
8 104.0
19 163.0
14 158.0
55 147.0
49 107.0
98 120.0
100 152.0
34 175.0
28 137.0
47 110.0
42 118.0
48 138.0
49 183.0
35 157.0
86 194.0
90 126.0
17 122.0
53 139.0
75 146.0
50 138.0
64 123.0
41 194.0
94 154.0
3 135.0
42 107.0
6 139.0
51 163.0
91 175.0
28 135.0
31 146.0
79 123.0
46 101.0
3 168.0
80 151.0
44 163.0
98 132.0
58 107.0
31 128.0
69 127.0
14 110.0
49 168.0
11 101.0
79 116.0
30 155.0
98 154.0
86 112.0
