46 132
3 134
92 135
59 137
63 158
16 132
72 137
43 154
1 112
49 168
40 160
45 169
40 148
13 172
10 159
2 103
50 146
2 163
13 116
50 123
27 106
21 130
26 122
7 105
77 157
78 138
56 174
70 100
65 139
93 167
85 157
30 108
22 111
6 109
5 131
33 119
34 126
35 127
37 121
58 121
81 110
98 150
73 113
80 125
90 113
44 110
96 125
42 150
57 114
39 165
41 185
38 178
74 186
67 156
39 193
47 191
89 117
52 118
99 194
71 161
75 182
97 164
83 118
61 115
91 153
82 151
79 136
95 124
94 124
18 151
12 149
68 145
48 143
29 140
54 162
69 143
15 149
36 170
9 186
20 177
25 181
88 190
92 104
55 183
39 189
4 197
45 150
83 185
63 167
83 158
12 135
54 111
96 131
95 145
21 185
68 191
16 131
74 125
56 140
6 162
7 151
37 153
22 114
48 137
99 134
94 157
13 161
49 119
63 126
94 138
56 164
58 149
65 110
85 119
96 109
94 168
54 148
12 122
69 154
45 105
63 160
59 106
41 160
95 149
41 150
35 117
42 158
10 164
93 145
69 121
47 150
27 118
69 138
67 143
73 134
54 135
65 145
94 139
38 162
6 172
69 158
79 117
33 158
90 146
7 103
18 162
13 157
54 146
48 106
97 119
99 151
33 174
27 136
46 109
41 117
47 137
48 182
34 156
85 193
89 125
16 121
52 138
74 145
49 137
63 122
40 193
93 153
2 134
41 106
5 138
50 162
90 174
27 134
30 145
78 122
45 100
2 167
79 150
43 162
97 131
57 106
30 127
68 126
13 109
48 167
10 100
78 115
29 154
97 153
85 111
