93 121.0
24 109.0
60 121.0
64 109.0
50 169.0
41 130.0
41 161.0
3 199.0
51 197.0
3 182.0
51 174.0
56 198.0
25 172.0
25 185.0
56 177.0
27 188.0
20 164.0
20 124.0
27 104.0
94 180.0
66 119.0
57 118.0
15 183.0
9 150.0
12 102.0
29 111.0
23 151.0
39 115.0
1 178.0
40 194.0
39 157.0
48 116.0
72 125.0
53 125.0
85 116.0
19 138.0
18 134.0
96 134.0
83 138.0
55 106.0
13 129.0
49 106.0
29 106.0
41 134.0
23 172.0
20 169.0
53 134.0
49 134.0
3 151.0
51 118.0
27 174.0
19 106.0
12 138.0
40 188.0
3 109.0
55 134.0
13 150.0
50 172.0
93 161.0
27 178.0
39 150.0
41 178.0
41 150.0
9 115.0
50 197.0
9 177.0
19 121.0
13 174.0
85 102.0
50 109.0
9 185.0
64 111.0
83 161.0
57 178.0
3 150.0
20 161.0
66 150.0
20 121.0
53 151.0
15 106.0
93 125.0
50 119.0
94 151.0
93 194.0
50 194.0
1 161.0
83 199.0
56 182.0
56 174.0
55 161.0
29 198.0
23 164.0
12 134.0
23 104.0
56 197.0
93 199.0
51 102.0
39 161.0
39 197.0
41 119.0
60 130.0
3 198.0
3 106.0
57 121.0
49 102.0
29 161.0
56 199.0
96 174.0
20 115.0
3 164.0
12 118.0
41 121.0
49 174.0
15 161.0
19 124.0
9 118.0
27 185.0
55 197.0
72 185.0
1 174.0
50 115.0
72 161.0
12 185.0
41 180.0
53 118.0
50 180.0
29 174.0
25 178.0
3 129.0
49 130.0
39 106.0
85 169.0
51 124.0
66 188.0
39 188.0
57 169.0
53 164.0
50 116.0
60 129.0
49 198.0
66 157.0
83 157.0
25 183.0
56 125.0
64 197.0
56 109.0
51 121.0
25 197.0
23 118.0
57 164.0
83 178.0
94 138.0
20 198.0
24 182.0
85 183.0
49 124.0
12 121.0
20 125.0
41 116.0
50 129.0
41 185.0
12 199.0
40 182.0
13 157.0
18 130.0
3 180.0
60 197.0
20 106.0
29 164.0
27 119.0
9 182.0
12 130.0
29 109.0
64 129.0
41 118.0
25 125.0
56 138.0
25 130.0
51 150.0
60 134.0
40 134.0
25 109.0
3 178.0
1 109.0
12 174.0
27 182.0
56 102.0
9 138.0
50 150.0
72 150.0
72 129.0
20 109.0
56 115.0
83 104.0
20 118.0
9 125.0
51 111.0
9 134.0
60 151.0
57 104.0
20 185.0
66 197.0
85 118.0
66 102.0
13 134.0
83 169.0
96 102.0
24 116.0
51 134.0
27 116.0
