86 134.0
32 127.0
76 163.0
37 105.0
100 105.0
90 127.0
46 163.0
83 190.0
68 146.0
75 156.0
50 137.0
99 200.0
60 186.0
55 176.0
38 167.0
67 138.0
58 140.0
22 157.0
57 158.0
8 174.0
49 181.0
4 115.0
18 182.0
18 173.0
8 165.0
10 159.0
6 101.0
13 125.0
23 193.0
23 192.0
6 147.0
10 128.0
13 194.0
19 103.0
24 130.0
26 111.0
44 130.0
63 135.0
5 161.0
2 143.0
34 116.0
63 148.0
62 117.0
42 153.0
53 162.0
17 145.0
45 142.0
20 139.0
7 164.0
54 107.0
39 141.0
41 120.0
72 126.0
96 109.0
70 124.0
80 144.0
89 144.0
88 126.0
25 185.0
59 151.0
47 187.0
93 114.0
29 195.0
28 191.0
92 171.0
77 185.0
73 150.0
74 198.0
82 199.0
84 160.0
65 175.0
81 168.0
82 197.0
16 121.0
61 170.0
71 120.0
69 146.0
85 108.0
3 190.0
91 108.0
86 149.0
55 110.0
37 121.0
87 180.0
90 188.0
84 138.0
82 165.0
25 176.0
5 158.0
34 194.0
6 103.0
10 107.0
7 162.0
83 165.0
42 158.0
84 158.0
5 127.0
38 199.0
58 200.0
39 165.0
54 146.0
75 109.0
57 124.0
28 103.0
55 163.0
74 109.0
38 192.0
19 176.0
23 105.0
13 115.0
13 150.0
75 120.0
83 115.0
65 117.0
6 134.0
23 111.0
22 164.0
10 146.0
80 117.0
4 164.0
73 167.0
39 103.0
57 142.0
4 197.0
65 141.0
70 158.0
63 141.0
42 109.0
45 182.0
88 137.0
7 194.0
68 191.0
89 120.0
37 197.0
74 120.0
26 167.0
4 141.0
10 143.0
65 192.0
81 116.0
93 200.0
63 187.0
25 124.0
25 135.0
90 174.0
28 107.0
38 139.0
60 141.0
44 186.0
86 190.0
49 141.0
45 187.0
80 175.0
70 135.0
50 148.0
72 199.0
54 143.0
6 143.0
86 197.0
18 197.0
23 120.0
34 115.0
29 167.0
59 145.0
72 145.0
47 175.0
72 150.0
24 126.0
90 109.0
58 163.0
18 186.0
13 107.0
19 163.0
5 197.0
50 173.0
20 163.0
32 135.0
32 144.0
34 151.0
8 146.0
77 111.0
22 195.0
26 120.0
