50 138
94 153
68 153
90 138
41 118
16 143
53 130
6 179
6 188
95 194
88 150
79 113
95 190
2 135
29 103
80 156
64 137
83 137
64 118
53 194
90 118
29 138
6 138
95 138
50 143
80 138
50 137
41 194
83 143
2 118
64 138
29 137
68 137
6 118
64 150
64 135
16 153
64 143
41 138
41 137
41 153
79 153
95 143
16 150
79 143
2 138
95 179
16 137
41 135
29 153
95 188
68 194
16 103
94 103
2 153
80 179
29 118
6 103
95 156
64 103
79 130
83 179
16 194
53 118
83 103
6 135
80 188
6 153
88 138
16 135
53 143
6 156
83 138
53 153
50 156
53 137
53 138
80 103
50 194
88 179
29 130
90 103
50 135
41 179
64 179
80 118
95 137
83 118
68 103
83 153
