46 127.0
90 134.0
26 143.0
42 117.0
86 158.0
35 175.0
98 178.0
37 121.0
82 109.0
6 164.0
63 103.0
38 180.0
3 137.0
59 157.0
17 184.0
64 158.0
51 134.0
88 194.0
32 178.0
11 125.0
24 163.0
53 150.0
2 155.0
67 169.0
72 136.0
95 171.0
66 119.0
76 196.0
25 179.0
43 196.0
50 152.0
59 146.0
43 180.0
82 185.0
15 156.0
85 118.0
56 171.0
54 148.0
42 154.0
14 170.0
6 157.0
56 150.0
40 188.0
81 151.0
73 133.0
5 132.0
9 153.0
39 149.0
35 123.0
36 112.0
21 126.0
31 187.0
1 176.0
18 197.0
74 125.0
2 193.0
5 161.0
46 134.0
90 127.0
