51 103
27 116
54 104
57 143
45 143
61 104
79 113
85 109
34 120
55 109
29 120
73 113
84 120
62 180
5 102
53 108
47 137
62 169
8 101
80 178
56 128
37 122
2 166
4 138
3 194
16 171
58 191
4 182
58 199
93 181
50 106
63 130
12 117
18 170
35 130
87 181
31 159
32 176
0 164
10 107
0 186
32 125
11 100
66 132
78 110
28 140
1 100
75 163
39 149
24 187
67 112
65 150
74 135
96 118
98 187
57 182
1 186
2 191
12 118
10 138
80 102
39 101
57 163
31 181
35 159
31 130
5 116
10 130
8 182
80 109
62 143
11 128
51 107
28 180
74 181
74 106
28 149
61 113
80 181
39 180
28 163
1 103
4 113
47 191
79 191
31 166
84 149
5 164
62 132
54 169
98 128
66 130
18 132
0 110
62 181
61 170
5 138
5 199
61 110
73 106
78 104
2 149
80 140
85 159
93 178
8 125
61 180
53 150
4 169
45 106
56 199
4 102
75 102
45 130
63 110
96 113
37 149
3 143
93 182
63 104
53 118
10 113
1 181
63 178
56 169
1 166
39 176
58 101
1 116
53 104
73 199
98 125
54 171
58 140
79 106
12 166
11 143
56 104
34 171
58 113
28 125
5 118
54 178
8 170
51 187
84 103
32 180
27 132
53 138
5 113
1 187
39 103
31 117
57 138
85 194
78 116
56 170
28 138
8 159
66 163
39 130
93 163
37 137
73 110
67 109
66 109
8 140
4 120
3 178
32 140
8 109
28 122
87 199
10 137
18 102
53 140
11 194
58 109
58 181
8 169
45 128
47 104
84 138
85 149
74 120
51 110
31 113
31 171
37 164
29 103
3 101
50 164
5 163
73 150
28 128
8 106
39 104
85 104
57 100
87 128
47 178
47 143
66 159
56 108
62 109
53 170
5 171
75 109
34 176
93 120
78 128
78 109
79 117
27 102
61 186
47 135
62 150
2 117
98 178
0 166
12 187
84 116
66 178
28 117
56 164
51 182
32 130
67 176
8 199
80 116
10 149
47 128
54 108
45 199
57 132
8 113
58 112
3 116
45 181
3 107
98 166
2 104
73 182
28 191
45 125
75 120
75 171
29 180
62 171
28 103
53 122
16 180
4 104
80 186
31 137
65 194
80 108
56 191
51 166
35 138
55 110
80 118
84 194
18 104
11 104
74 191
47 159
66 118
0 112
3 103
66 106
32 163
54 194
96 101
24 108
