25 113
65 173
14 152
57 161
65 166
2 128
21 100
48 117
91 196
55 198
90 126
62 109
58 154
91 199
55 189
24 162
18 171
61 187
13 142
52 190
56 139
97 122
98 101
54 131
26 122
9 139
89 131
22 111
1 183
39 153
31 170
22 115
16 102
63 121
79 146
67 146
88 102
11 195
10 174
20 149
72 159
53 151
20 138
69 114
49 125
75 157
68 165
84 157
51 114
82 123
4 132
50 106
85 119
77 119
6 147
30 134
19 188
23 163
19 186
2 189
68 128
51 142
18 138
82 125
19 146
48 159
51 152
58 147
14 111
19 170
50 117
51 153
21 157
85 142
2 153
85 146
11 157
57 174
58 115
23 190
48 106
90 147
50 165
30 122
10 187
22 100
89 153
91 100
23 123
62 163
55 147
30 102
57 126
49 161
6 146
1 159
18 151
65 109
4 109
48 157
62 147
56 102
10 128
16 101
90 165
9 161
67 114
18 154
14 190
88 165
48 174
2 163
51 171
57 162
31 186
67 153
56 113
23 142
55 102
55 113
53 152
39 101
52 111
1 157
55 106
49 147
57 139
77 100
72 154
67 147
65 138
18 165
26 132
50 142
75 102
57 114
61 121
25 123
6 132
1 162
84 109
14 171
57 163
21 153
55 122
30 152
19 111
48 198
