62 167.0
58 179.0
28 112.0
55 129.0
90 123.0
46 129.0
98 119.0
74 194.0
30 151.0
89 136.0
35 113.0
85 164.0
86 191.0
38 166.0
57 125.0
70 168.0
9 176.0
81 115.0
38 199.0
70 140.0
9 197.0
2 180.0
23 156.0
12 189.0
29 185.0
67 198.0
2 174.0
67 135.0
65 109.0
77 170.0
60 157.0
78 181.0
26 138.0
8 157.0
39 104.0
83 105.0
92 159.0
95 144.0
34 144.0
100 104.0
40 171.0
99 182.0
68 137.0
25 118.0
76 107.0
69 107.0
75 182.0
66 118.0
21 148.0
10 106.0
43 154.0
10 147.0
93 111.0
73 101.0
84 132.0
45 133.0
42 111.0
61 133.0
65 194.0
35 109.0
21 137.0
29 138.0
28 156.0
43 181.0
57 189.0
29 191.0
90 104.0
29 151.0
62 191.0
29 129.0
84 171.0
60 115.0
86 181.0
23 106.0
30 144.0
99 159.0
60 107.0
8 112.0
100 179.0
67 182.0
25 189.0
90 148.0
76 185.0
62 106.0
74 132.0
84 138.0
58 180.0
9 112.0
43 101.0
45 106.0
46 101.0
65 148.0
21 129.0
75 198.0
2 133.0
62 111.0
93 107.0
46 168.0
76 157.0
25 159.0
10 129.0
10 119.0
12 170.0
98 168.0
70 154.0
55 147.0
43 105.0
67 154.0
8 168.0
23 171.0
55 119.0
21 101.0
85 182.0
70 119.0
43 113.0
84 123.0
85 170.0
92 148.0
65 144.0
93 164.0
68 194.0
43 107.0
26 148.0
77 115.0
30 167.0
28 138.0
77 118.0
74 111.0
84 176.0
2 166.0
40 194.0
34 151.0
21 168.0
12 125.0
60 125.0
34 118.0
77 171.0
39 148.0
81 154.0
92 137.0
40 159.0
34 113.0
60 148.0
60 185.0
9 106.0
