55 180.0
50 189.0
98 131.0
97 188.0
68 152.0
83 170.0
60 170.0
35 159.0
43 101.0
79 193.0
16 194.0
61 128.0
16 129.0
43 147.0
61 177.0
10 124.0
21 109.0
23 119.0
13 126.0
41 127.0
39 105.0
20 134.0
7 102.0
64 105.0
52 113.0
31 123.0
80 110.0
96 106.0
72 110.0
70 106.0
1 174.0
77 181.0
92 184.0
25 115.0
93 165.0
59 173.0
94 184.0
47 115.0
100 164.0
12 124.0
86 172.0
38 196.0
22 166.0
18 101.0
49 153.0
91 196.0
95 120.0
69 129.0
44 196.0
19 168.0
27 111.0
5 125.0
62 179.0
53 112.0
33 172.0
81 180.0
65 149.0
61 176.0
30 112.0
41 190.0
79 150.0
54 199.0
53 160.0
75 138.0
54 158.0
97 118.0
47 149.0
25 179.0
35 135.0
17 151.0
3 169.0
79 195.0
31 162.0
9 117.0
43 139.0
84 120.0
23 133.0
83 189.0
96 123.0
23 124.0
39 127.0
55 188.0
20 102.0
35 129.0
41 102.0
21 124.0
