1 153.0
42 114.0
42 119.0
1 125.0
13 137.0
28 113.0
22 176.0
47 152.0
22 169.0
47 150.0
88 118.0
93 129.0
72 118.0
59 129.0
19 140.0
74 123.0
62 123.0
95 140.0
61 159.0
99 156.0
98 193.0
94 188.0
85 171.0
69 116.0
96 184.0
52 116.0
38 158.0
86 106.0
5 106.0
77 158.0
58 118.0
34 187.0
23 109.0
45 141.0
35 133.0
81 120.0
80 199.0
16 120.0
71 184.0
41 194.0
33 169.0
39 122.0
50 103.0
66 197.0
89 110.0
58 199.0
50 189.0
50 187.0
88 148.0
44 151.0
4 182.0
100 177.0
16 131.0
83 133.0
19 118.0
77 123.0
62 188.0
94 152.0
99 176.0
38 114.0
59 193.0
52 113.0
28 125.0
72 158.0
42 159.0
1 193.0
98 171.0
19 159.0
94 118.0
72 116.0
1 123.0
72 184.0
94 140.0
13 176.0
47 171.0
5 113.0
69 176.0
13 106.0
22 125.0
28 140.0
47 158.0
19 106.0
98 140.0
99 184.0
69 106.0
62 137.0
95 193.0
61 137.0
61 123.0
61 129.0
38 137.0
22 116.0
47 159.0
59 106.0
99 158.0
38 125.0
59 156.0
69 137.0
93 106.0
99 129.0
77 169.0
74 158.0
88 159.0
59 114.0
96 129.0
42 123.0
72 188.0
94 171.0
28 158.0
72 159.0
99 118.0
22 106.0
96 169.0
88 125.0
93 152.0
28 123.0
95 152.0
28 116.0
22 188.0
93 123.0
74 156.0
77 156.0
62 150.0
94 184.0
72 152.0
22 193.0
62 159.0
93 193.0
99 140.0
61 150.0
22 123.0
22 171.0
62 129.0
94 114.0
47 116.0
47 153.0
62 118.0
47 123.0
42 129.0
98 125.0
5 152.0
69 193.0
28 153.0
96 152.0
62 169.0
38 156.0
95 153.0
95 176.0
22 119.0
59 116.0
