2
1 2 3 4 5 6 7 8 9 10 11 12 13 14 15 16 17 18 19 20 21 22 23 24 25 26 27 28 29 30 31 32 33 34 35 36 37 38 39 40 41 42 43 44 45 46 47 48 49 50 51 52 53 54 55 56 57 58 59 60 61 62 63 64 65 66 67 68 69 70 71 72 73 74 75 76 77 78 79 80 81 82 83 84 85 86 87 88 89 90 91 92 93 94 95 96 97 98 99 100 
10
96 98
96 99
97 98
97 99
98 96
98 97
98 99
99 96
99 97
99 98
101 102 103 104 105 106 107 108 109 110 111 112 113 114 115 116 117 118 119 120 121 122 123 124 125 126 127 128 129 130 131 132 133 134 135 136 137 138 139 140 141 142 143 144 145 146 147 148 149 150 151 152 153 154 155 156 157 158 159 160 161 162 163 164 165 166 167 168 169 170 171 172 173 174 175 176 177 178 179 180 181 182 183 184 185 186 187 188 189 190 191 192 193 194 195 196 197 198 199 200 
320
150 196
155 189
157 162
160 192
162 157
166 192
166 193
166 196
166 197
166 199
166 187
166 189
167 194
167 195
167 200
167 173
167 182
167 184
167 190
167 191
168 169
168 176
168 177
169 168
169 176
169 177
170 193
170 196
170 197
170 198
170 178
170 180
170 183
170 186
170 188
170 189
171 195
171 175
172 175
173 194
173 167
173 200
173 178
173 182
173 184
173 190
173 191
174 191
175 171
175 172
176 168
176 169
176 177
177 168
177 169
177 176
178 193
178 196
178 197
178 198
178 199
178 170
178 173
178 180
178 181
178 183
178 186
178 188
179 192
179 193
179 197
179 198
179 199
179 180
179 185
179 187
179 188
179 189
180 192
180 193
180 197
180 199
180 170
180 178
180 179
180 181
180 183
180 185
180 188
180 198
181 192
181 193
181 196
181 197
181 198
181 178
181 180
181 183
181 185
181 186
181 187
181 188
182 194
182 195
182 167
182 200
182 173
182 184
182 190
182 191
183 192
183 193
183 196
183 197
183 198
183 199
183 170
183 178
183 180
183 181
183 187
183 189
184 194
184 195
184 167
184 200
184 173
184 182
184 186
184 190
184 191
185 192
185 196
185 197
185 198
185 199
185 179
185 180
185 181
185 186
185 187
185 188
185 189
186 192
186 196
186 197
186 198
186 199
186 170
186 178
186 181
186 184
186 185
186 188
186 189
187 192
187 193
187 196
187 197
187 166
187 199
187 179
187 181
187 183
187 185
187 188
187 189
187 198
188 192
188 193
188 196
188 197
188 199
188 170
188 178
188 179
188 180
188 181
188 185
188 186
188 187
188 189
189 192
189 193
189 187
189 196
189 198
189 166
189 199
189 170
189 179
189 183
189 185
189 186
189 155
189 188
190 194
190 195
190 200
190 167
190 173
190 182
190 184
190 191
191 194
191 195
191 167
191 200
191 174
191 173
191 182
191 184
191 190
192 160
192 197
192 198
192 199
192 179
192 180
192 181
192 183
192 185
192 186
192 187
192 188
192 189
192 166
193 196
193 166
193 170
193 199
193 178
193 179
193 180
193 181
193 183
193 187
193 188
193 189
194 195
194 167
194 200
194 173
194 182
194 184
194 190
194 191
195 194
195 167
195 200
195 171
195 182
195 184
195 190
195 191
196 193
196 198
196 166
196 199
196 170
196 178
196 181
196 150
196 183
196 185
196 186
196 187
196 188
196 189
197 192
197 198
197 166
197 199
197 170
197 178
197 179
197 180
197 181
197 183
197 185
197 186
197 187
197 188
198 192
198 196
198 197
198 199
198 170
198 178
198 179
198 180
198 181
198 183
198 186
198 187
198 189
198 185
199 192
199 193
199 196
199 197
199 166
199 178
199 179
199 180
199 183
199 185
199 186
199 187
199 188
199 189
199 198
200 194
200 195
200 167
200 173
200 182
200 184
200 190
200 191
1
1 2
214
2 112
2 108
2 176
2 184
2 121
2 190
135 51
135 58
135 99
135 93
135 59
11 163
11 139
11 155
11 195
11 117
141 25
141 29
14 152
14 158
173 66
173 69
173 85
173 86
173 31
146 37
146 86
146 45
148 51
148 66
148 99
148 77
148 45
152 68
152 79
152 45
152 14
152 77
152 51
152 59
25 176
25 139
25 108
25 141
155 65
155 11
155 45
155 85
29 106
29 165
29 190
29 141
158 58
158 68
158 14
31 195
31 173
163 66
163 11
163 85
37 113
37 146
37 108
40 184
40 106
66 148
66 163
66 116
66 173
45 194
45 146
45 148
45 119
45 152
45 155
176 25
176 2
176 69
51 148
51 165
51 135
51 106
51 139
51 108
51 112
51 116
51 117
51 152
51 121
51 190
54 184
54 106
54 139
184 96
184 40
184 2
184 54
184 80
58 106
58 139
58 158
58 135
59 112
59 121
59 152
59 135
190 99
190 2
190 51
190 29
65 155
65 108
194 99
194 45
194 69
195 96
195 11
195 31
68 152
68 111
68 117
68 158
68 119
69 176
69 116
69 194
69 108
69 173
77 152
77 113
77 139
77 148
78 112
78 139
79 152
79 113
79 119
80 184
80 111
139 96
139 11
139 77
139 78
139 51
139 54
139 25
139 58
85 163
85 155
85 173
85 111
86 113
86 106
86 173
86 146
86 121
89 121
89 106
89 116
93 135
165 51
165 29
96 184
96 139
96 108
96 195
96 119
99 194
99 148
99 117
99 190
99 135
106 86
106 40
106 51
106 54
106 89
106 58
106 29
108 96
108 65
108 2
108 69
108 51
108 25
108 37
111 80
111 68
111 85
112 51
112 2
112 59
112 78
113 77
113 37
113 86
113 79
116 89
116 66
116 51
116 69
117 99
117 11
117 51
117 68
119 96
119 68
119 45
119 79
121 51
121 2
121 59
121 86
121 89
12
9 138 141 173 144 23 25 26 155 31 160 33 167 45 51 182 184 57 190 191 194 195 54 200 103 117  
134 148 21 30 40 46 52 58 59 63 65 68 69 76 77 101 106 108 112 118 119 127  
2 11 140 130 14 16 146 152 29 158 159 35 165 39 168 169 176 177 13 163 37 121  
129 135 137 139 36 66 70 78 79 80 81 83 85 86 87 88 89 92 93 96 97 98 99 102 111 113 114 116  
75 4 5 7 72 71 15 49 20 53 24 28 62  
32 64 10 43 61 47 50 74 22 56 42  
3 100 38 41 44 17 82 67 84 73 55 90 91 60 94 95  
1 34 6 8 12 48 18 19 27  
128 162 171 104 105 107 172 175 115 149 120 153 124  
131 133 109 157 145 151 154 123 125 126  
161 132 174 142 143 147 110 150 164 122 156  
192 193 196 197 166 199 136 170 178 179 180 181 183 185 186 187 188 189 198  
