43 123
0 130
43 140
82 193
85 156
4 160
76 197
92 143
58 117
90 117
87 143
25 127
14 109
27 190
3 172
46 194
21 188
13 165
24 118
35 145
26 111
93 166
97 177
1 144
31 168
88 180
16 122
86 104
15 161
70 161
69 110
95 197
68 189
64 132
40 127
60 157
90 133
25 103
1 127
39 146
5 102
64 162
63 155
11 191
8 113
75 152
43 161
93 107
24 122
60 134
85 180
87 179
80 110
73 111
22 159
94 195
4 138
79 104
47 178
39 176
82 160
0 140
82 156
85 197
43 130
87 117
0 123
76 160
58 143
92 117
76 193
90 143
4 156
4 197
76 156
85 160
85 193
4 193
82 197
