67 134
98 147
49 178
82 115
54 115
35 103
7 117
48 148
42 196
60 149
47 182
78 167
47 159
84 168
90 150
65 165
70 113
86 186
26 185
33 131
4 155
33 175
4 189
40 162
53 101
63 104
6 104
71 138
69 106
79 140
30 153
87 153
28 151
91 195
58 187
24 179
0 130
76 151
10 143
29 118
10 125
91 153
90 134
67 140
98 104
10 140
28 182
63 189
63 148
7 115
10 106
60 151
26 179
78 185
48 143
63 143
54 168
26 117
78 104
54 103
4 134
29 167
79 115
90 117
67 179
30 189
29 153
7 186
4 125
63 103
49 168
54 195
70 155
79 186
84 182
53 165
79 131
84 195
7 130
54 113
49 101
26 196
86 117
33 149
0 155
40 143
69 143
10 138
90 182
35 134
79 117
78 131
78 106
4 113
28 138
58 140
33 138
70 162
42 101
98 159
30 196
90 138
28 189
4 115
53 148
76 103
40 149
60 187
35 115
35 130
98 143
4 149
24 140
54 155
60 103
0 153
35 165
87 186
76 104
24 159
26 165
40 130
71 104
90 189
58 159
91 115
47 168
76 182
49 165
10 153
48 115
60 113
67 153
60 186
71 113
4 179
90 179
24 131
48 113
71 150
70 187
29 134
26 159
42 143
87 147
87 101
86 178
47 185
82 153
10 130
67 130
86 118
30 143
26 153
60 162
7 143
47 101
29 147
71 196
30 187
70 125
98 162
42 140
82 118
87 167
48 151
91 185
78 178
47 125
65 162
6 148
48 167
28 125
33 147
47 155
30 195
76 196
63 131
49 131
63 117
70 115
29 175
42 178
35 101
63 115
84 175
60 130
86 189
90 155
86 143
6 103
71 151
91 103
67 104
79 185
0 189
35 185
76 175
60 175
26 103
60 134
24 147
76 148
84 179
30 165
