2
1 2 3 4 5 6 7 8 9 10 11 12 13 14 15 16 17 18 19 20 21 22 23 24 25 26 27 28 29 30 31 32 33 34 35 36 37 38 39 40 41 42 43 44 45 46 47 48 49 50 51 52 53 54 55 56 57 58 59 60 61 62 63 64 65 66 67 68 69 70 71 72 73 74 75 76 77 78 79 80 81 82 83 84 85 86 87 88 89 90 91 92 93 94 95 96 97 98 99 100 
566
35 66
39 97
40 65
40 68
40 69
40 76
40 77
40 63
41 100
41 73
41 82
41 55
41 90
41 91
41 94
41 95
42 64
42 70
42 74
42 43
42 47
42 56
42 61
43 64
43 42
43 47
43 50
43 74
43 56
43 61
44 73
44 82
44 83
44 84
44 90
44 60
44 94
44 95
45 57
45 51
45 54
46 65
46 68
46 69
46 72
46 76
46 77
46 52
46 59
46 63
47 64
47 74
47 43
47 50
47 42
47 56
47 61
48 98
49 72
49 75
49 53
49 62
49 71
50 64
50 96
50 74
50 43
50 47
50 56
50 61
51 57
51 45
51 54
52 65
52 68
52 69
52 76
52 77
52 46
52 58
52 59
52 63
53 72
53 49
53 75
53 62
53 71
54 57
54 51
54 45
55 100
55 73
55 84
55 41
55 89
55 90
55 91
55 94
55 95
56 64
56 42
56 43
56 61
56 47
56 50
56 74
57 54
57 51
57 45
57 62
58 65
58 68
58 69
58 76
58 77
58 52
58 63
59 65
59 68
59 69
59 76
59 77
59 46
59 52
60 100
60 44
60 84
60 90
60 91
60 92
60 94
60 95
61 64
61 74
61 43
61 47
61 50
61 56
61 42
62 71
62 72
62 75
62 49
62 53
62 57
63 65
63 68
63 69
63 40
63 76
63 77
63 46
63 52
63 58
64 42
64 43
64 61
64 47
64 50
64 56
64 74
65 68
65 69
65 40
65 76
65 77
65 46
65 52
65 58
65 59
65 63
66 96
66 97
66 35
66 80
66 99
66 86
66 87
66 89
66 92
66 93
67 100
67 73
67 82
67 84
67 90
67 91
67 94
67 95
68 65
68 69
68 40
68 76
68 77
68 46
68 52
68 58
68 59
68 63
69 65
69 68
69 40
69 76
69 77
69 46
69 52
69 58
69 59
69 63
70 96
70 97
70 98
70 42
70 78
70 80
70 83
70 86
70 88
70 89
70 93
71 49
71 75
71 53
71 62
71 95
72 46
72 49
72 75
72 53
72 62
73 67
73 100
73 41
73 44
73 78
73 82
73 84
73 55
73 90
73 91
73 94
74 64
74 42
74 43
74 47
74 50
74 56
74 91
74 61
75 72
75 49
75 53
75 62
75 71
76 65
76 68
76 69
76 40
76 77
76 46
76 52
76 58
76 59
76 63
77 65
77 68
77 69
77 40
77 76
77 46
77 52
77 58
77 59
77 63
78 96
78 97
78 98
78 99
78 70
78 73
78 80
78 81
78 83
78 86
78 88
78 93
79 97
79 98
79 99
79 80
79 85
79 87
79 88
79 89
79 92
79 93
80 97
80 66
80 99
80 70
80 98
80 78
80 79
80 81
80 83
80 85
80 88
80 92
80 93
81 96
81 97
81 98
81 78
81 80
81 83
81 85
81 86
81 87
81 88
81 92
81 93
82 67
82 100
82 41
82 44
82 84
82 73
82 90
82 91
82 94
82 95
83 96
83 97
83 98
83 99
83 70
83 44
83 78
83 80
83 81
83 87
83 89
83 92
83 93
84 67
84 100
84 73
84 44
84 82
84 86
84 55
84 90
84 91
84 60
84 94
84 95
85 96
85 97
85 98
85 99
85 79
85 80
85 81
85 86
85 87
85 88
85 89
85 92
86 96
86 97
86 66
86 99
86 70
86 98
86 78
86 81
86 84
86 85
86 88
86 89
86 92
87 96
87 97
87 66
87 99
87 98
87 79
87 81
87 83
87 85
87 88
87 89
87 92
87 93
88 96
88 97
88 99
88 70
88 78
88 79
88 80
88 81
88 85
88 86
88 87
88 89
88 92
88 93
89 96
89 66
89 99
89 70
89 87
89 98
89 79
89 83
89 85
89 86
89 55
89 88
89 92
89 93
90 67
90 100
90 41
90 44
90 82
90 84
90 73
90 55
90 91
90 60
90 94
90 95
91 67
91 100
91 41
91 74
91 82
91 84
91 73
91 55
91 90
91 60
91 94
91 95
92 97
92 66
92 99
92 98
92 79
92 80
92 81
92 83
92 85
92 86
92 87
92 88
92 89
92 60
93 96
93 66
93 99
93 70
93 78
93 79
93 80
93 81
93 83
93 87
93 88
93 89
94 67
94 100
94 41
94 44
94 82
94 84
94 73
94 55
94 90
94 91
94 60
94 95
95 67
95 100
95 71
95 41
95 44
95 82
95 84
95 55
95 90
95 91
95 60
95 94
96 66
96 99
96 70
96 98
96 78
96 81
96 50
96 83
96 85
96 86
96 87
96 88
96 89
96 93
97 66
97 99
97 70
97 39
97 98
97 78
97 79
97 80
97 81
97 83
97 85
97 86
97 87
97 88
97 92
98 96
98 97
98 99
98 70
98 80
98 78
98 79
98 48
98 81
98 83
98 85
98 86
98 87
98 89
98 92
99 96
99 97
99 66
99 98
99 78
99 79
99 80
99 83
99 85
99 86
99 87
99 88
99 89
99 92
99 93
100 67
100 41
100 82
100 84
100 73
100 55
100 90
100 91
100 60
100 94
100 95
101 102 103 104 105 106 107 108 109 110 111 112 113 114 115 116 117 118 119 120 121 122 123 124 125 126 127 128 129 130 131 132 133 134 135 136 137 138 139 140 141 142 143 144 145 146 147 148 149 150 151 152 153 154 155 156 157 158 159 160 161 162 163 164 165 166 167 168 169 170 171 172 173 174 175 176 177 178 179 180 181 182 183 184 185 186 187 188 189 190 191 192 193 194 195 196 197 198 199 200 
440
144 183
146 172
148 198
150 196
152 163
152 165
152 168
152 169
152 176
152 177
152 158
152 159
153 162
153 171
153 172
153 175
154 157
155 194
155 195
155 200
155 173
155 184
155 189
155 190
155 191
156 161
156 174
156 164
157 162
157 154
158 163
158 165
158 168
158 169
158 176
158 177
158 152
159 165
159 168
159 169
159 176
159 177
159 152
160 192
160 194
160 195
160 200
160 184
160 190
160 191
161 174
161 164
161 156
162 171
162 172
162 175
162 153
162 157
163 165
163 168
163 169
163 176
163 177
163 152
163 158
164 161
164 174
164 156
165 163
165 168
165 169
165 176
165 177
165 152
165 158
165 159
166 192
166 193
166 196
166 197
166 199
166 180
166 186
166 187
166 189
167 194
167 195
167 200
167 173
167 182
167 184
167 190
167 191
168 163
168 165
168 169
168 176
168 177
168 152
168 158
168 159
169 163
169 165
169 168
169 176
169 177
169 152
169 158
169 159
170 193
170 196
170 197
170 198
170 178
170 180
170 183
170 186
170 188
170 189
171 162
171 195
171 175
171 153
172 162
172 175
172 146
172 153
173 194
173 167
173 200
173 178
173 182
173 184
173 155
173 190
173 191
174 161
174 164
174 156
174 191
175 162
175 171
175 172
175 153
176 163
176 165
176 168
176 169
176 177
176 152
176 158
176 159
177 163
177 165
177 168
177 169
177 176
177 152
177 158
177 159
178 193
178 196
178 197
178 198
178 199
178 170
178 173
178 180
178 181
178 183
178 186
178 188
179 192
179 193
179 197
179 198
179 199
179 180
179 185
179 187
179 188
179 189
180 192
180 193
180 197
180 166
180 199
180 170
180 178
180 179
180 181
180 183
180 185
180 188
180 198
181 192
181 193
181 196
181 197
181 198
181 178
181 180
181 183
181 185
181 186
181 187
181 188
182 194
182 195
182 167
182 200
182 173
182 184
182 190
182 191
183 192
183 193
183 196
183 197
183 198
183 199
183 170
183 144
183 178
183 180
183 181
183 187
183 189
184 160
184 194
184 195
184 167
184 200
184 173
184 182
184 186
184 155
184 190
184 191
185 192
185 196
185 197
185 198
185 199
185 179
185 180
185 181
185 186
185 187
185 188
185 189
186 192
186 196
186 197
186 198
186 199
186 170
186 178
186 181
186 184
186 185
186 188
186 189
186 166
187 192
187 193
187 196
187 197
187 166
187 199
187 179
187 181
187 183
187 185
187 188
187 189
187 198
188 192
188 193
188 196
188 197
188 199
188 170
188 178
188 179
188 180
188 181
188 185
188 186
188 187
188 189
189 192
189 193
189 187
189 196
189 198
189 166
189 199
189 170
189 179
189 183
189 185
189 186
189 155
189 188
190 160
190 194
190 195
190 200
190 167
190 173
190 182
190 184
190 155
190 191
191 160
191 194
191 195
191 167
191 200
191 174
191 173
191 182
191 184
191 155
191 190
192 160
192 197
192 198
192 199
192 179
192 180
192 181
192 183
192 185
192 186
192 187
192 188
192 189
192 166
193 196
193 166
193 170
193 199
193 178
193 179
193 180
193 181
193 183
193 187
193 188
193 189
194 160
194 195
194 167
194 200
194 173
194 182
194 184
194 155
194 190
194 191
195 160
195 194
195 167
195 200
195 171
195 182
195 184
195 155
195 190
195 191
196 193
196 198
196 166
196 199
196 170
196 178
196 181
196 150
196 183
196 185
196 186
196 187
196 188
196 189
197 192
197 198
197 166
197 199
197 170
197 178
197 179
197 180
197 181
197 183
197 185
197 186
197 187
197 188
198 192
198 196
198 197
198 199
198 170
198 178
198 179
198 180
198 181
198 183
198 148
198 186
198 187
198 189
198 185
199 192
199 193
199 196
199 197
199 166
199 178
199 179
199 180
199 183
199 185
199 186
199 187
199 188
199 189
199 198
200 160
200 194
200 195
200 167
200 173
200 182
200 184
200 155
200 190
200 191
1
1 2
126
10 121
11 189
11 181
13 188
13 190
13 166
14 136
14 177
14 179
16 176
16 193
16 180
16 198
21 122
21 181
22 177
22 193
29 192
29 178
29 122
32 158
35 199
35 183
36 190
37 170
37 187
37 190
40 132
43 165
46 147
47 192
47 140
50 152
52 174
61 163
63 156
64 176
65 110
66 173
68 147
69 150
70 167
74 169
74 180
74 159
76 161
77 143
79 122
79 191
80 117
81 182
85 141
86 138
86 163
86 156
88 155
89 141
92 195
93 184
97 200
98 189
98 167
99 144
110 65
117 80
121 10
122 79
122 21
122 29
132 40
136 14
138 86
140 47
141 89
141 85
143 77
144 99
147 68
147 46
150 69
152 50
155 88
156 86
156 63
158 32
159 74
161 76
163 61
163 86
165 43
166 13
167 98
167 70
169 74
170 37
173 66
174 52
176 64
176 16
177 14
177 22
178 29
179 14
180 16
180 74
181 11
181 21
182 81
183 35
184 93
187 37
188 13
189 98
189 11
190 36
190 37
190 13
191 79
192 29
192 47
193 16
193 22
195 92
198 16
199 35
200 97
12
130 10 140 146 22 152 158 159 32 163 165 168 169 42 43 47 176 177 50 56 61 64 74 121  
132 142 143 147 21 150 156 30 161 164 40 46 52 58 59 63 65 68 69 76 77 110 174 122  
2 136 11 13 14 16 29 35 37 166 39 170 178 179 180 181 183 185 186 187 188 189 192 193 196 197 198 199  
138 141 144 155 160 36 167 173 200 182 184 190 191 66 195 70 194 78 79 80 81 83 85 86 87 88 89 92 93 96 97 98 99 103 117  
75 4 5 7 72 71 15 49 20 53 24 28 62  
33 9 45 51 57 54 23 25 26 31  
3 100 38 41 44 17 82 67 84 73 55 90 91 60 94 95  
1 34 6 8 12 48 18 19 27  
128 162 171 104 105 107 172 175 115 149 120 153 124  
131 133 109 157 145 151 154 123 125 126  
101 134 106 108 112 148 118 119 127  
129 102 135 137 139 111 113 114 116  
