49 115.0
18 173.0
36 182.0
4 181.0
36 174.0
18 165.0
6 131.0
23 152.0
21 172.0
13 189.0
13 188.0
6 196.0
26 185.0
9 187.0
44 195.0
24 191.0
26 171.0
9 169.0
44 166.0
32 159.0
37 139.0
60 164.0
98 114.0
38 129.0
79 139.0
14 127.0
87 106.0
34 133.0
53 134.0
39 192.0
52 127.0
96 115.0
47 151.0
28 124.0
3 189.0
81 153.0
6 146.0
29 186.0
33 150.0
92 155.0
36 157.0
61 149.0
32 179.0
63 110.0
37 109.0
100 134.0
54 162.0
92 141.0
74 192.0
100 194.0
64 111.0
9 166.0
21 196.0
49 182.0
6 152.0
6 172.0
44 185.0
44 169.0
44 187.0
26 169.0
4 165.0
4 115.0
18 182.0
26 191.0
24 195.0
36 181.0
6 189.0
26 195.0
13 196.0
36 173.0
21 131.0
44 191.0
24 171.0
