26 167.0
15 153.0
58 162.0
6 119.0
15 174.0
42 163.0
29 191.0
44 172.0
29 143.0
44 156.0
30 166.0
37 106.0
46 134.0
13 126.0
88 121.0
93 116.0
92 112.0
91 154.0
56 111.0
53 165.0
25 120.0
67 124.0
95 107.0
36 165.0
94 137.0
27 104.0
100 146.0
61 128.0
98 137.0
97 146.0
99 128.0
32 109.0
45 103.0
23 147.0
8 109.0
35 118.0
87 129.0
48 142.0
64 129.0
89 142.0
84 145.0
16 102.0
12 132.0
11 123.0
54 102.0
75 177.0
96 138.0
52 182.0
85 105.0
60 186.0
39 138.0
78 198.0
83 161.0
79 157.0
51 194.0
77 199.0
78 197.0
79 127.0
9 162.0
41 106.0
28 187.0
32 176.0
51 147.0
53 156.0
85 128.0
64 166.0
39 172.0
89 137.0
78 104.0
58 163.0
39 106.0
95 157.0
37 111.0
44 167.0
30 102.0
30 153.0
53 111.0
79 112.0
58 177.0
11 103.0
83 132.0
23 132.0
6 124.0
87 123.0
88 123.0
53 137.0
91 162.0
91 124.0
23 194.0
36 167.0
91 118.0
23 154.0
79 128.0
13 132.0
30 137.0
32 132.0
46 123.0
30 132.0
52 134.0
83 103.0
96 107.0
15 199.0
35 182.0
39 109.0
45 104.0
6 109.0
99 138.0
6 157.0
53 109.0
84 128.0
51 116.0
54 163.0
35 105.0
97 120.0
53 126.0
39 153.0
87 134.0
94 129.0
75 121.0
12 165.0
11 105.0
8 137.0
84 177.0
42 123.0
64 165.0
85 194.0
94 198.0
100 107.0
27 116.0
89 121.0
29 123.0
61 147.0
23 177.0
16 199.0
84 186.0
12 198.0
84 154.0
100 109.0
32 128.0
25 129.0
42 197.0
12 124.0
32 120.0
79 129.0
87 137.0
