25 166
14 152
57 161
5 118
14 173
41 162
28 190
43 171
28 142
43 155
29 165
36 105
45 133
12 125
87 120
92 115
91 111
90 153
55 110
52 164
24 119
66 123
94 106
35 164
93 136
26 103
99 145
60 127
97 136
96 145
98 127
31 108
44 102
22 146
7 108
34 117
86 128
47 141
63 128
88 141
83 144
15 101
11 131
10 122
53 101
74 176
95 137
51 181
84 104
59 185
38 137
77 197
82 160
78 156
50 193
76 198
77 196
78 126
8 161
40 105
27 186
31 175
50 146
52 155
84 127
63 165
38 171
88 136
77 103
57 162
38 105
94 156
36 110
43 166
29 101
29 152
52 110
78 111
57 176
10 102
82 131
22 131
5 123
86 122
87 122
52 136
90 161
90 123
22 193
35 166
90 117
22 153
78 127
12 131
29 136
31 131
45 122
29 131
51 133
82 102
95 106
14 198
34 181
38 108
44 103
5 108
98 137
5 156
52 108
83 127
50 115
53 162
34 104
96 119
52 125
38 152
86 133
93 128
74 120
11 164
10 104
7 136
83 176
41 122
63 164
84 193
93 197
99 106
26 115
88 120
28 122
60 146
22 176
15 198
83 185
11 197
83 153
99 108
31 127
24 128
41 196
11 123
31 119
78 128
86 136
