73 170.0
17 170.0
2 114.0
3 106.0
56 166.0
56 178.0
66 116.0
86 116.0
10 101.0
10 142.0
29 110.0
35 118.0
35 195.0
99 136.0
91 136.0
58 147.0
39 164.0
100 108.0
48 108.0
61 105.0
61 199.0
27 169.0
83 112.0
80 136.0
32 150.0
19 172.0
76 190.0
66 106.0
10 108.0
48 106.0
39 166.0
3 170.0
2 108.0
56 106.0
2 116.0
66 164.0
86 136.0
91 116.0
2 101.0
35 142.0
61 110.0
56 114.0
58 136.0
99 114.0
86 114.0
61 101.0
48 178.0
56 170.0
35 164.0
56 147.0
29 199.0
10 199.0
29 106.0
39 142.0
58 110.0
2 105.0
3 147.0
99 105.0
86 108.0
100 166.0
17 147.0
91 114.0
100 136.0
73 199.0
100 106.0
17 108.0
3 108.0
29 136.0
3 166.0
58 116.0
56 101.0
39 108.0
100 170.0
35 170.0
73 116.0
35 116.0
48 170.0
99 108.0
56 199.0
35 114.0
29 166.0
91 110.0
17 106.0
2 166.0
2 195.0
3 199.0
48 136.0
58 114.0
2 164.0
10 170.0
3 116.0
10 164.0
73 195.0
91 118.0
2 199.0
86 170.0
29 114.0
99 147.0
61 106.0
29 101.0
35 110.0
100 101.0
17 166.0
56 108.0
3 110.0
