72 169
16 169
1 113
2 105
55 165
55 177
65 115
85 115
9 100
9 141
28 109
34 117
34 194
98 135
90 135
57 146
38 163
99 107
47 107
60 104
60 198
26 168
82 111
79 135
31 149
18 171
75 189
65 105
9 107
47 105
38 165
2 169
1 107
55 105
1 115
65 163
85 135
90 115
1 100
34 141
60 109
55 113
57 135
98 113
85 113
60 100
47 177
55 169
34 163
55 146
28 198
9 198
28 105
38 141
57 109
1 104
2 146
98 104
85 107
99 165
16 146
90 113
99 135
72 198
99 105
16 107
2 107
28 135
2 165
57 115
55 100
38 107
99 169
34 169
72 115
34 115
47 169
98 107
55 198
34 113
28 165
90 109
16 105
1 165
1 194
2 198
47 135
57 113
1 163
9 169
2 115
9 163
72 194
90 117
1 198
85 169
28 113
98 146
60 105
28 100
34 109
99 100
16 165
55 107
2 109
