57 107
28 193
28 109
36 161
36 152
92 148
58 148
35 151
66 184
56 192
99 171
69 143
59 143
23 163
23 186
2 175
44 151
79 130
11 154
37 124
28 133
25 112
29 170
1 150
25 164
66 148
56 151
56 161
59 152
36 107
92 161
66 152
23 107
66 163
36 192
69 107
36 163
57 148
35 186
35 163
69 192
36 148
58 107
69 152
28 107
57 171
92 143
99 109
58 152
99 143
57 163
92 171
58 193
23 148
59 107
23 192
59 163
56 109
28 171
56 163
35 143
28 186
69 148
56 107
66 186
59 109
99 186
28 152
36 171
59 148
36 143
58 109
35 107
23 143
59 161
