2
1 2 3 4 5 6 7 8 9 10 11 12 13 14 15 16 17 18 19 20 21 22 23 24 25 26 27 28 29 30 31 32 33 34 35 36 37 38 39 40 41 42 43 44 45 46 47 48 49 50 51 52 53 54 55 56 57 58 59 60 61 62 63 64 65 66 67 68 69 70 71 72 73 74 75 76 77 78 79 80 81 82 83 84 85 86 87 88 89 90 91 92 93 94 95 96 97 98 99 100
590
1 18
1 29
1 42
1 44
2 8
2 23
2 32
2 45
3 9
3 22
3 47
3 49
4 13
4 28
4 37
4 46
5 78
5 79
5 82
5 86
6 26
6 34
6 58
6 66
7 24
7 31
7 41
7 65
8 2
8 40
8 45
8 81
9 3
9 22
9 47
9 49
10 94
10 97
10 98
10 100
11 16
11 71
11 73
11 84
12 54
12 71
12 73
12 84
13 4
13 30
13 37
13 46
14 53
14 67
14 74
14 95
15 26
15 34
15 58
15 66
16 11
16 54
16 71
16 84
17 47
17 80
17 87
17 89
18 1
18 29
18 42
18 44
19 25
19 62
19 67
19 95
20 24
20 33
20 41
20 65
21 54
21 71
21 73
21 84
22 3
22 9
22 47
22 49
23 2
23 32
23 40
23 45
24 7
24 20
24 33
24 65
25 19
25 67
25 74
25 95
26 6
26 15
26 58
26 66
27 90
27 98
27 99
27 100
28 4
28 30
28 37
28 46
29 1
29 18
29 42
29 44
30 13
30 28
30 37
30 46
31 7
31 41
31 65
32 2
32 23
32 40
32 45
33 20
33 24
33 41
33 65
34 6
34 15
34 58
34 66
34 83
35 64
35 68
35 81
35 87
35 89
36 53
36 62
36 67
36 74
36 95
37 4
37 13
37 28
37 30
37 46
38 77
38 79
38 82
38 83
38 86
39 52
39 69
39 76
39 85
39 96
40 8
40 23
40 32
40 45
40 93
41 7
41 20
41 31
41 33
41 65
42 1
42 18
42 29
42 44
42 100
43 56
43 88
43 91
43 92
43 93
44 1
44 18
44 29
44 42
44 70
45 2
45 8
45 23
45 32
45 40
46 4
46 13
46 28
46 30
46 37
47 3
47 9
47 17
47 22
47 49
48 68
48 80
48 81
48 87
48 89
49 3
49 9
49 22
49 47
49 58
50 70
50 75
50 76
50 85
50 96
51 73
51 78
51 82
51 83
51 86
52 39
52 69
52 70
52 75
52 85
52 96
53 14
53 36
53 62
53 63
53 74
53 95
54 12
54 16
54 21
54 71
54 73
54 84
55 90
55 94
55 97
55 98
55 99
55 100
56 43
56 72
56 88
56 91
56 92
56 93
57 90
57 94
57 97
57 98
57 99
57 100
58 6
58 15
58 26
58 34
58 49
58 66
59 63
59 72
59 88
59 91
59 92
59 93
60 69
60 70
60 75
60 76
60 85
60 96
61 90
61 94
61 97
61 98
61 99
61 100
62 19
62 36
62 53
62 67
62 74
62 95
63 53
63 59
63 88
63 91
63 92
63 93
64 35
64 68
64 80
64 81
64 87
64 89
65 7
65 20
65 24
65 31
65 33
65 41
66 6
66 15
66 26
66 34
66 58
66 77
67 14
67 19
67 25
67 36
67 62
67 74
67 95
68 35
68 48
68 64
68 80
68 81
68 87
68 89
69 39
69 52
69 60
69 70
69 75
69 85
69 96
70 44
70 50
70 52
70 60
70 69
70 76
70 96
71 11
71 12
71 16
71 21
71 54
71 73
71 84
72 56
72 59
72 87
72 88
72 91
72 92
72 93
73 11
73 12
73 21
73 51
73 54
73 71
73 84
74 14
74 25
74 36
74 53
74 62
74 67
74 95
75 50
75 52
75 60
75 69
75 76
75 85
75 96
76 39
76 50
76 60
76 70
76 75
76 85
76 96
77 38
77 66
77 78
77 79
77 82
77 83
77 86
78 5
78 51
78 77
78 79
78 82
78 83
78 86
79 5
79 38
79 77
79 78
79 82
79 83
79 86
80 17
80 48
80 64
80 68
80 81
80 87
80 88
80 89
81 8
81 35
81 48
81 64
81 68
81 80
81 87
81 89
82 5
82 38
82 51
82 77
82 78
82 79
82 83
82 86
83 34
83 38
83 51
83 77
83 78
83 79
83 82
83 86
84 11
84 12
84 16
84 21
84 54
84 71
84 73
84 92
85 39
85 50
85 52
85 60
85 69
85 75
85 76
85 96
86 5
86 38
86 51
86 77
86 78
86 79
86 82
86 83
86 89
87 17
87 35
87 48
87 64
87 68
87 72
87 80
87 81
87 89
88 43
88 56
88 59
88 63
88 72
88 80
88 91
88 92
88 93
89 17
89 35
89 48
89 64
89 68
89 80
89 81
89 86
89 87
90 27
90 55
90 57
90 61
90 94
90 97
90 98
90 99
90 100
91 43
91 56
91 59
91 63
91 72
91 88
91 92
91 93
91 97
92 43
92 56
92 59
92 63
92 72
92 84
92 88
92 91
92 93
93 40
93 43
93 56
93 59
93 63
93 72
93 88
93 91
93 92
94 10
94 55
94 57
94 61
94 90
94 97
94 98
94 99
94 100
95 14
95 19
95 25
95 36
95 53
95 62
95 67
95 74
95 99
96 39
96 50
96 52
96 60
96 69
96 70
96 75
96 76
96 85
97 10
97 55
97 57
97 61
97 90
97 91
97 94
97 98
97 99
97 100
98 10
98 27
98 55
98 57
98 61
98 90
98 94
98 97
98 99
98 100
99 27
99 55
99 57
99 61
99 90
99 94
99 95
99 97
99 98
99 100
100 10
100 27
100 42
100 55
100 57
100 61
100 90
100 94
100 97
100 98
100 99
101 102 103 104 105 106 107 108 109 110 111 112 113 114 115 116 117 118 119 120 121 122 123 124 125 126 127 128 129 130 131 132 133 134 135 136 137 138 139 140 141 142 143 144 145 146 147 148 149 150 151 152 153 154 155 156 157 158 159 160 161 162 163 164 165 166 167 168 169 170 171 172 173 174 175 176 177 178 179 180 181 182 183 184 185 186 187 188 189 190 191 192 193 194 195 196 197 198 199 200
590
101 118
101 129
101 142
101 144
102 108
102 123
102 132
102 145
103 109
103 122
103 147
103 149
104 113
104 128
104 137
104 146
105 178
105 179
105 182
105 186
106 126
106 134
106 158
106 166
107 124
107 131
107 141
107 165
108 102
108 140
108 145
108 181
109 103
109 122
109 147
109 149
110 194
110 197
110 198
110 200
111 116
111 171
111 173
111 184
112 154
112 171
112 173
112 184
113 104
113 130
113 137
113 146
114 153
114 167
114 174
114 195
115 126
115 134
115 158
115 166
116 111
116 154
116 171
116 184
117 147
117 180
117 187
117 189
118 101
118 129
118 142
118 144
119 125
119 162
119 167
119 195
120 124
120 133
120 141
120 165
121 154
121 171
121 173
121 184
122 103
122 109
122 147
122 149
123 102
123 132
123 140
123 145
124 107
124 120
124 133
124 165
125 119
125 167
125 174
125 195
126 106
126 115
126 158
126 166
127 190
127 198
127 199
127 200
128 104
128 130
128 137
128 146
129 101
129 118
129 142
129 144
130 113
130 128
130 137
130 146
131 107
131 141
131 165
132 102
132 123
132 140
132 145
133 120
133 124
133 141
133 165
134 106
134 115
134 158
134 166
134 183
135 164
135 168
135 181
135 187
135 189
136 153
136 162
136 167
136 174
136 195
137 104
137 113
137 128
137 130
137 146
138 177
138 179
138 182
138 183
138 186
139 152
139 169
139 176
139 185
139 196
140 108
140 123
140 132
140 145
140 193
141 107
141 120
141 131
141 133
141 165
142 101
142 118
142 129
142 144
142 200
143 156
143 188
143 191
143 192
143 193
144 101
144 118
144 129
144 142
144 170
145 102
145 108
145 123
145 132
145 140
146 104
146 113
146 128
146 130
146 137
147 103
147 109
147 117
147 122
147 149
148 168
148 180
148 181
148 187
148 189
149 103
149 109
149 122
149 147
149 158
150 170
150 175
150 176
150 185
150 196
151 173
151 178
151 182
151 183
151 186
152 139
152 169
152 170
152 175
152 185
152 196
153 114
153 136
153 162
153 163
153 174
153 195
154 112
154 116
154 121
154 171
154 173
154 184
155 190
155 194
155 197
155 198
155 199
155 200
156 143
156 172
156 188
156 191
156 192
156 193
157 190
157 194
157 197
157 198
157 199
157 200
158 106
158 115
158 126
158 134
158 149
158 166
159 163
159 172
159 188
159 191
159 192
159 193
160 169
160 170
160 175
160 176
160 185
160 196
161 190
161 194
161 197
161 198
161 199
161 200
162 119
162 136
162 153
162 167
162 174
162 195
163 153
163 159
163 188
163 191
163 192
163 193
164 135
164 168
164 180
164 181
164 187
164 189
165 107
165 120
165 124
165 131
165 133
165 141
166 106
166 115
166 126
166 134
166 158
166 177
167 114
167 119
167 125
167 136
167 162
167 174
167 195
168 135
168 148
168 164
168 180
168 181
168 187
168 189
169 139
169 152
169 160
169 170
169 175
169 185
169 196
170 144
170 150
170 152
170 160
170 169
170 176
170 196
171 111
171 112
171 116
171 121
171 154
171 173
171 184
172 156
172 159
172 187
172 188
172 191
172 192
172 193
173 111
173 112
173 121
173 151
173 154
173 171
173 184
174 114
174 125
174 136
174 153
174 162
174 167
174 195
175 150
175 152
175 160
175 169
175 176
175 185
175 196
176 139
176 150
176 160
176 170
176 175
176 185
176 196
177 138
177 166
177 178
177 179
177 182
177 183
177 186
178 105
178 151
178 177
178 179
178 182
178 183
178 186
179 105
179 138
179 177
179 178
179 182
179 183
179 186
180 117
180 148
180 164
180 168
180 181
180 187
180 188
180 189
181 108
181 135
181 148
181 164
181 168
181 180
181 187
181 189
182 105
182 138
182 151
182 177
182 178
182 179
182 183
182 186
183 134
183 138
183 151
183 177
183 178
183 179
183 182
183 186
184 111
184 112
184 116
184 121
184 154
184 171
184 173
184 192
185 139
185 150
185 152
185 160
185 169
185 175
185 176
185 196
186 105
186 138
186 151
186 177
186 178
186 179
186 182
186 183
186 189
187 117
187 135
187 148
187 164
187 168
187 172
187 180
187 181
187 189
188 143
188 156
188 159
188 163
188 172
188 180
188 191
188 192
188 193
189 117
189 135
189 148
189 164
189 168
189 180
189 181
189 186
189 187
190 127
190 155
190 157
190 161
190 194
190 197
190 198
190 199
190 200
191 143
191 156
191 159
191 163
191 172
191 188
191 192
191 193
191 197
192 143
192 156
192 159
192 163
192 172
192 184
192 188
192 191
192 193
193 140
193 143
193 156
193 159
193 163
193 172
193 188
193 191
193 192
194 110
194 155
194 157
194 161
194 190
194 197
194 198
194 199
194 200
195 114
195 119
195 125
195 136
195 153
195 162
195 167
195 174
195 199
196 139
196 150
196 152
196 160
196 169
196 170
196 175
196 176
196 185
197 110
197 155
197 157
197 161
197 190
197 191
197 194
197 198
197 199
197 200
198 110
198 127
198 155
198 157
198 161
198 190
198 194
198 197
198 199
198 200
199 127
199 155
199 157
199 161
199 190
199 194
199 195
199 197
199 198
199 200
200 110
200 127
200 142
200 155
200 157
200 161
200 190
200 194
200 197
200 198
200 199
1
1 2
980
26 125
66 162
15 174
34 167
6 114
58 119
6 195
34 153
26 136
29 102
42 123
44 108
18 140
1 132
18 145
9 190
3 110
49 161
47 199
22 194
3 155
9 127
22 198
49 197
47 157
3 200
63 134
88 126
43 115
72 158
93 106
91 166
56 134
92 166
59 158
36 103
67 149
74 147
53 122
19 109
14 149
95 109
62 122
25 103
27 124
55 133
61 120
98 141
57 107
99 131
100 165
94 131
90 120
10 107
97 133
8 189
2 148
32 180
45 168
40 117
23 187
23 135
45 181
32 164
71 111
11 121
54 154
21 173
12 116
73 184
84 112
16 171
60 105
75 177
50 182
69 179
85 186
70 151
52 178
76 183
96 138
39 178
79 163
77 191
38 192
5 188
51 156
78 172
83 159
86 143
82 193
65 118
20 101
33 144
24 142
41 129
7 144
31 142
84 177
65 105
79 151
32 194
47 181
2 121
98 125
2 105
26 177
9 162
96 115
66 122
53 127
56 149
3 120
84 144
32 138
59 103
19 193
60 165
1 159
42 116
16 135
41 111
49 117
70 129
20 186
92 180
19 132
8 115
70 111
34 191
32 122
76 124
33 106
90 115
73 131
56 129
66 181
82 149
3 122
76 116
31 143
49 144
63 177
38 187
91 149
18 165
60 125
32 158
29 122
56 132
66 147
18 144
61 116
33 126
23 126
24 149
83 173
23 153
54 107
76 199
49 140
36 120
39 172
86 145
2 171
6 132
25 174
88 122
21 106
15 103
100 174
72 182
79 165
61 144
88 171
22 112
75 163
58 172
78 123
99 158
63 149
71 189
96 189
7 110
14 118
33 190
38 134
82 157
96 198
29 147
100 172
20 109
60 109
20 145
21 178
56 101
84 167
73 200
1 101
38 122
22 144
40 118
33 199
24 192
24 190
45 167
86 131
31 158
9 166
9 191
51 140
25 123
26 186
77 103
42 105
25 140
1 119
1 136
31 125
49 172
49 182
63 101
3 174
100 198
22 103
49 181
78 147
95 101
70 142
20 102
90 135
62 153
10 155
16 144
29 109
25 198
23 142
78 108
100 110
73 110
71 123
18 187
21 120
42 124
97 106
55 154
10 125
86 103
49 145
41 149
66 129
29 124
18 180
66 108
44 187
70 191
18 182
34 193
6 192
58 141
1 173
49 109
50 148
55 129
10 123
78 122
63 173
42 129
27 142
53 133
22 120
97 163
24 143
79 135
74 120
45 190
29 159
12 105
49 121
9 116
97 147
98 116
79 129
49 184
32 147
9 103
20 149
38 189
84 102
19 159
49 102
57 114
75 129
50 135
67 134
75 164
15 118
67 141
59 119
36 117
7 124
26 107
34 188
26 184
33 159
39 166
84 120
43 129
16 140
42 200
45 129
57 129
18 121
92 133
90 106
5 154
27 182
5 161
27 187
36 180
85 165
22 122
61 111
38 118
51 155
21 135
70 164
2 163
45 138
32 143
76 198
53 144
7 133
59 153
22 140
7 166
12 153
71 153
65 134
57 157
50 147
18 174
58 118
9 144
2 142
73 135
72 177
79 117
24 189
73 141
8 174
41 151
42 199
96 126
71 126
83 180
21 147
55 164
29 156
15 191
22 186
15 140
18 177
79 198
72 121
58 110
54 138
8 111
24 140
79 115
55 103
75 159
12 192
92 171
2 102
14 134
73 125
52 103
34 144
52 192
14 156
65 106
94 156
51 190
25 173
78 107
26 157
65 147
33 102
47 166
60 163
19 178
70 101
10 142
50 143
74 102
32 115
41 173
8 107
12 191
78 164
33 132
21 102
94 187
3 114
23 191
78 129
24 110
79 119
71 107
65 189
8 129
99 136
94 158
66 166
26 151
52 136
16 178
74 178
6 173
60 168
44 142
7 162
14 133
3 115
66 118
20 120
12 124
16 134
61 103
2 165
3 147
33 122
66 156
3 129
7 187
70 187
29 161
25 127
55 191
84 187
27 115
59 187
22 156
96 124
85 107
2 106
52 191
97 174
70 184
7 132
75 190
84 147
39 107
38 153
54 140
79 197
11 103
93 118
90 195
6 182
61 186
75 106
23 149
51 149
1 126
59 111
62 118
54 165
8 124
22 167
39 127
96 194
93 159
100 193
44 180
100 200
96 173
39 144
92 148
63 167
20 132
65 166
73 162
18 173
88 189
86 180
26 140
100 115
18 161
54 161
47 134
53 178
98 136
65 159
29 153
1 190
7 157
73 134
22 189
26 198
97 148
18 114
56 123
43 173
88 145
40 153
73 177
53 129
45 126
32 123
73 103
97 119
70 174
90 187
31 106
29 199
12 181
7 109
97 136
29 116
36 158
88 136
15 166
11 141
74 126
16 115
45 151
18 131
62 171
15 156
14 144
34 106
77 107
42 149
63 143
94 134
32 141
8 171
77 140
51 122
92 154
18 198
22 193
55 174
47 131
43 121
20 199
62 166
39 123
52 199
53 120
65 109
93 179
8 145
43 156
55 190
66 194
2 144
88 121
90 166
29 106
94 116
18 190
78 120
12 179
59 183
65 114
67 118
1 125
7 147
23 183
31 108
29 154
79 142
79 125
72 198
47 119
62 184
11 165
20 167
97 149
11 151
77 134
22 148
90 163
53 180
84 136
22 123
3 106
50 191
11 133
45 144
70 158
32 195
47 145
7 120
47 116
79 120
10 129
5 179
63 109
73 132
23 147
34 138
8 121
52 148
39 115
83 181
42 135
36 194
66 141
50 120
52 127
77 167
15 145
32 125
79 103
19 168
78 101
16 133
43 198
1 141
50 132
1 147
39 106
25 184
26 133
20 116
41 191
34 163
9 181
22 172
1 111
45 192
65 188
67 101
58 102
20 105
43 112
75 171
29 103
73 119
62 111
26 142
7 167
41 108
32 142
29 114
47 105
100 101
95 167
82 168
26 144
84 168
12 188
54 115
5 120
18 184
9 184
7 145
26 106
54 149
3 165
8 191
40 147
12 172
92 118
18 197
42 122
45 194
36 138
94 132
85 126
85 189
61 168
50 172
41 192
3 112
8 193
1 168
40 134
54 166
42 157
26 116
41 145
94 125
74 129
27 162
26 118
54 195
43 133
11 178
55 112
82 158
15 171
6 106
31 186
19 166
51 147
3 124
6 157
25 101
49 142
59 156
38 171
24 120
56 107
82 142
99 106
21 105
18 111
60 112
92 131
36 124
34 171
22 182
98 171
33 168
1 177
40 167
66 124
79 147
18 124
23 145
29 136
44 103
23 194
79 105
69 120
49 118
39 199
6 134
67 131
86 171
47 138
22 195
26 123
58 103
65 174
36 159
1 157
65 184
45 161
49 101
63 200
70 114
23 163
58 186
1 162
94 142
25 131
58 148
82 161
99 177
78 115
95 173
7 164
34 192
9 122
42 173
69 154
41 133
73 123
23 174
3 103
44 111
29 158
51 131
63 193
65 198
84 159
43 109
32 101
41 120
33 200
24 136
96 192
34 161
67 186
85 167
96 164
33 153
59 159
11 192
58 105
9 119
100 106
31 156
32 186
83 167
65 112
19 141
32 162
34 126
8 119
71 145
14 174
18 115
40 105
45 166
65 131
6 133
91 165
52 147
60 133
76 172
5 186
42 179
41 109
21 155
42 158
38 101
25 171
41 167
27 138
21 180
24 198
59 117
27 168
6 143
95 195
58 151
82 118
32 149
47 108
20 112
43 131
85 156
49 186
58 182
47 172
86 158
31 140
65 163
42 174
29 142
20 174
40 102
2 122
83 114
79 102
20 163
22 145
66 159
50 195
97 184
78 118
9 158
70 197
1 134
76 174
88 147
3 140
93 147
93 119
96 187
39 174
47 179
38 138
40 171
32 183
18 142
57 149
11 135
44 134
84 134
6 138
22 178
83 109
51 158
1 167
21 188
33 195
60 166
77 157
66 107
15 126
66 200
78 184
50 168
62 136
70 127
49 164
31 123
44 135
47 189
47 140
90 171
74 181
41 193
78 141
41 114
38 151
25 181
9 138
44 120
3 102
26 192
36 115
77 141
12 162
40 173
70 106
7 114
16 180
19 195
20 172
1 133
14 190
29 164
78 140
44 144
43 200
31 120
14 158
85 157
19 116
49 103
32 159
41 162
47 167
5 110
14 182
69 145
83 151
22 101
5 157
84 101
59 138
72 145
9 102
40 154
49 111
8 112
20 161
18 199
16 129
9 120
34 165
32 192
34 112
83 195
7 198
65 164
90 136
33 194
38 180
75 167
21 114
58 134
67 180
23 151
73 133
90 155
33 149
41 110
36 131
36 183
82 164
43 153
29 183
23 155
91 132
71 144
15 178
76 110
75 140
34 198
14 189
91 157
100 129
5 119
20 133
38 181
49 124
92 144
47 154
18 166
71 149
15
6 15 26 34 58 66 114 119 125 136 153 162 167 174 195 
1 18 29 42 44 102 108 123 132 140 145 
3 9 22 47 49 110 127 155 157 161 190 194 197 198 199 200 
43 56 59 63 72 88 91 92 93 106 115 126 134 158 166 
14 19 25 36 53 62 67 74 95 103 109 122 147 149 
10 27 55 57 61 90 94 97 98 99 100 107 120 124 131 133 141 165 
2 8 23 32 40 45 117 135 148 164 168 180 181 187 189 
11 12 16 21 54 71 73 84 111 112 116 121 154 171 173 184 
39 50 52 60 69 70 75 76 85 96 105 138 151 177 178 179 182 183 186 
5 38 51 77 78 79 82 83 86 143 156 159 163 172 188 191 192 193 
7 20 24 31 33 41 65 101 118 129 142 144 
4 13 28 30 37 46
17 35 48 64 68 80 81 87 89
104 113 128 130 137 146
139 150 152 160 169 170 175 176 185 196
