62 147.0
55 106.0
52 163.0
58 154.0
46 163.0
96 106.0
86 196.0
89 158.0
98 162.0
80 152.0
35 155.0
30 190.0
85 155.0
54 182.0
6 107.0
63 131.0
47 118.0
54 137.0
81 169.0
38 176.0
70 197.0
9 115.0
3 168.0
3 175.0
81 125.0
9 166.0
4 172.0
44 134.0
59 192.0
17 195.0
4 127.0
17 183.0
91 121.0
19 114.0
94 143.0
50 121.0
88 114.0
64 143.0
51 114.0
11 111.0
32 132.0
1 101.0
41 141.0
49 126.0
20 178.0
16 177.0
53 165.0
20 187.0
53 160.0
12 161.0
29 173.0
79 184.0
2 145.0
23 142.0
79 193.0
8 144.0
60 117.0
87 104.0
65 159.0
77 159.0
26 104.0
76 153.0
15 149.0
40 124.0
97 120.0
75 124.0
68 120.0
69 149.0
66 153.0
43 167.0
21 129.0
14 123.0
14 179.0
43 112.0
7 161.0
95 125.0
34 155.0
45 136.0
74 185.0
90 186.0
9 157.0
10 113.0
97 164.0
53 161.0
43 196.0
51 162.0
44 117.0
30 149.0
29 147.0
1 190.0
29 158.0
68 123.0
70 152.0
49 115.0
44 167.0
20 154.0
87 149.0
50 131.0
49 114.0
43 127.0
9 147.0
76 159.0
63 120.0
75 178.0
4 160.0
2 187.0
35 173.0
52 177.0
17 124.0
4 120.0
66 197.0
65 155.0
80 182.0
91 145.0
6 101.0
41 121.0
53 167.0
20 129.0
26 145.0
80 106.0
65 137.0
54 125.0
77 134.0
20 106.0
88 149.0
65 112.0
47 152.0
29 177.0
30 168.0
91 117.0
29 179.0
86 126.0
41 176.0
62 132.0
70 114.0
1 179.0
2 179.0
47 149.0
65 169.0
87 187.0
59 123.0
3 107.0
96 149.0
19 127.0
51 182.0
79 169.0
16 111.0
16 190.0
17 179.0
59 125.0
51 145.0
85 187.0
32 163.0
17 112.0
87 120.0
55 195.0
21 190.0
40 177.0
96 141.0
76 101.0
60 192.0
11 162.0
76 192.0
21 125.0
86 173.0
64 126.0
66 193.0
86 147.0
9 152.0
44 107.0
59 159.0
77 158.0
89 187.0
21 111.0
29 187.0
46 190.0
94 149.0
76 178.0
26 183.0
32 193.0
21 195.0
54 104.0
63 142.0
12 129.0
32 112.0
14 163.0
81 193.0
81 158.0
54 141.0
89 104.0
41 193.0
94 173.0
26 160.0
59 101.0
29 172.0
52 143.0
96 111.0
21 147.0
50 134.0
4 137.0
9 165.0
4 114.0
43 114.0
98 115.0
66 184.0
4 124.0
14 142.0
4 175.0
12 159.0
60 178.0
43 155.0
47 179.0
54 183.0
20 104.0
49 197.0
81 187.0
94 112.0
46 197.0
3 152.0
88 183.0
66 132.0
60 120.0
64 106.0
70 147.0
11 154.0
87 115.0
8 192.0
16 121.0
54 166.0
19 168.0
49 147.0
55 127.0
54 123.0
54 121.0
62 141.0
75 195.0
75 159.0
3 137.0
12 101.0
81 144.0
38 106.0
55 121.0
23 112.0
63 101.0
32 131.0
14 114.0
79 178.0
89 141.0
47 106.0
43 117.0
3 141.0
11 184.0
94 183.0
62 121.0
14 120.0
44 153.0
30 179.0
70 161.0
30 159.0
64 187.0
41 147.0
58 107.0
79 177.0
54 154.0
49 143.0
29 154.0
58 173.0
52 162.0
21 124.0
64 141.0
75 182.0
16 153.0
11 121.0
54 152.0
6 190.0
1 192.0
14 143.0
38 120.0
26 111.0
17 169.0
77 193.0
77 126.0
60 106.0
49 120.0
76 141.0
1 163.0
79 172.0
87 154.0
62 175.0
62 165.0
44 168.0
32 126.0
44 101.0
64 192.0
11 183.0
12 160.0
8 172.0
66 161.0
70 162.0
52 111.0
21 173.0
75 155.0
2 155.0
16 114.0
69 144.0
23 192.0
21 175.0
98 144.0
47 121.0
79 114.0
76 168.0
17 149.0
16 197.0
30 167.0
63 166.0
70 101.0
47 165.0
38 165.0
4 104.0
53 141.0
2 141.0
30 141.0
53 173.0
20 184.0
19 141.0
9 143.0
68 126.0
23 190.0
21 169.0
35 106.0
12 144.0
41 117.0
1 107.0
19 142.0
50 127.0
63 159.0
59 117.0
75 165.0
65 162.0
20 111.0
86 107.0
96 117.0
49 118.0
65 179.0
9 160.0
51 152.0
6 183.0
55 161.0
59 104.0
98 149.0
49 175.0
15 132.0
16 159.0
49 107.0
59 143.0
15 137.0
55 118.0
88 161.0
30 104.0
30 153.0
91 104.0
2 132.0
9 153.0
77 163.0
91 123.0
29 118.0
46 182.0
68 166.0
70 124.0
40 163.0
