61 146
54 105
51 162
57 153
45 162
95 105
85 195
88 157
97 161
79 151
34 154
29 189
84 154
53 181
5 106
62 130
46 117
53 136
80 168
37 175
69 196
8 114
2 167
2 174
80 124
8 165
3 171
43 133
58 191
16 194
3 126
16 182
90 120
18 113
93 142
49 120
87 113
63 142
50 113
10 110
31 131
0 100
40 140
48 125
19 177
15 176
52 164
19 186
52 159
11 160
28 172
78 183
1 144
22 141
78 192
7 143
59 116
86 103
64 158
76 158
25 103
75 152
14 148
39 123
96 119
74 123
67 119
68 148
65 152
42 166
20 128
13 122
13 178
42 111
6 160
94 124
33 154
44 135
73 184
89 185
8 156
9 112
96 163
52 160
42 195
50 161
43 116
29 148
28 146
0 189
28 157
67 122
69 151
48 114
43 166
19 153
86 148
49 130
48 113
42 126
8 146
75 158
62 119
74 177
3 159
1 186
34 172
51 176
16 123
3 119
65 196
64 154
79 181
90 144
5 100
40 120
52 166
19 128
25 144
79 105
64 136
53 124
76 133
19 105
87 148
64 111
46 151
28 176
29 167
90 116
28 178
85 125
40 175
61 131
69 113
0 178
1 178
46 148
64 168
86 186
58 122
2 106
95 148
18 126
50 181
78 168
15 110
15 189
16 178
58 124
50 144
84 186
31 162
16 111
86 119
54 194
20 189
39 176
95 140
75 100
59 191
10 161
75 191
20 124
85 172
63 125
65 192
85 146
8 151
43 106
58 158
76 157
88 186
20 110
28 186
45 189
93 148
75 177
25 182
31 192
20 194
53 103
62 141
11 128
31 111
13 162
80 192
80 157
53 140
88 103
40 192
93 172
25 159
58 100
28 171
51 142
95 110
20 146
49 133
3 136
8 164
3 113
42 113
97 114
65 183
3 123
13 141
3 174
11 158
59 177
42 154
46 178
53 182
19 103
48 196
80 186
93 111
45 196
2 151
87 182
65 131
59 119
63 105
69 146
10 153
86 114
7 191
15 120
53 165
18 167
48 146
54 126
53 122
53 120
61 140
74 194
74 158
2 136
11 100
80 143
37 105
54 120
22 111
62 100
31 130
13 113
78 177
88 140
46 105
42 116
2 140
10 183
93 182
61 120
13 119
43 152
29 178
69 160
29 158
63 186
40 146
57 106
78 176
53 153
48 142
28 153
57 172
51 161
20 123
63 140
74 181
15 152
10 120
53 151
5 189
0 191
13 142
37 119
25 110
16 168
76 192
76 125
59 105
48 119
75 140
0 162
78 171
86 153
61 174
61 164
43 167
31 125
43 100
63 191
10 182
11 159
7 171
65 160
69 161
51 110
20 172
74 154
1 154
15 113
68 143
22 191
20 174
97 143
46 120
78 113
75 167
16 148
15 196
29 166
62 165
69 100
46 164
37 164
3 103
52 140
1 140
29 140
52 172
19 183
18 140
8 142
67 125
22 189
20 168
34 105
11 143
40 116
0 106
18 141
49 126
62 158
58 116
74 164
64 161
19 110
85 106
95 116
48 117
64 178
8 159
50 151
5 182
54 160
58 103
97 148
48 174
14 131
15 158
48 106
58 142
14 136
54 117
87 160
29 103
29 152
90 103
1 131
8 152
76 162
90 122
28 117
45 181
67 165
69 123
39 162
