46 133.0
28 133.0
30 174.0
80 135.0
31 163.0
38 114.0
44 120.0
33 103.0
24 164.0
24 113.0
60 182.0
95 123.0
83 123.0
31 133.0
38 123.0
44 114.0
83 163.0
80 113.0
38 103.0
24 133.0
33 113.0
38 163.0
38 135.0
38 133.0
31 174.0
31 182.0
80 133.0
30 123.0
33 135.0
24 123.0
46 103.0
24 163.0
33 182.0
24 174.0
31 103.0
83 114.0
28 123.0
38 174.0
33 120.0
28 163.0
38 120.0
95 174.0
60 133.0
44 123.0
80 164.0
33 114.0
46 163.0
44 163.0
44 182.0
95 113.0
83 182.0
60 113.0
30 182.0
46 182.0
28 113.0
80 182.0
83 103.0
60 164.0
95 103.0
24 114.0
30 164.0
60 120.0
30 114.0
30 103.0
80 114.0
