6 131.0
34 133.0
58 120.0
66 124.0
15 141.0
15 165.0
29 142.0
44 129.0
1 144.0
42 101.0
47 151.0
3 183.0
49 138.0
9 179.0
9 177.0
47 182.0
3 178.0
74 189.0
19 148.0
36 187.0
67 135.0
25 180.0
53 164.0
95 181.0
84 103.0
12 149.0
21 147.0
11 122.0
54 103.0
71 147.0
65 113.0
33 130.0
20 137.0
31 104.0
24 146.0
41 104.0
30 183.0
91 102.0
92 103.0
98 186.0
10 128.0
2 113.0
89 101.0
35 196.0
75 109.0
85 151.0
77 156.0
5 137.0
83 166.0
55 191.0
18 143.0
10 153.0
60 167.0
53 194.0
1 200.0
90 102.0
14 154.0
76 121.0
32 139.0
8 196.0
29 144.0
25 187.0
44 142.0
41 113.0
34 131.0
1 129.0
19 189.0
47 179.0
42 129.0
34 141.0
58 133.0
6 124.0
