63 114.0
46 151.0
41 126.0
2 111.0
44 114.0
11 138.0
14 133.0
51 134.0
3 135.0
14 159.0
37 109.0
54 112.0
16 110.0
25 121.0
56 109.0
20 197.0
28 181.0
27 105.0
22 145.0
28 143.0
27 199.0
20 191.0
22 189.0
79 184.0
78 172.0
57 185.0
71 153.0
87 148.0
86 190.0
94 200.0
78 176.0
7 142.0
6 168.0
23 101.0
31 139.0
31 175.0
23 167.0
42 196.0
39 195.0
1 162.0
58 119.0
40 183.0
68 180.0
39 192.0
53 127.0
76 128.0
48 122.0
98 120.0
100 122.0
72 128.0
77 127.0
84 120.0
70 155.0
49 113.0
55 169.0
13 149.0
30 130.0
69 161.0
73 129.0
9 189.0
34 164.0
99 187.0
95 149.0
69 124.0
76 146.0
87 152.0
56 171.0
37 131.0
78 159.0
23 192.0
68 120.0
51 176.0
30 183.0
55 189.0
78 168.0
40 191.0
16 130.0
76 167.0
54 199.0
28 190.0
3 168.0
69 105.0
25 127.0
22 149.0
40 175.0
20 180.0
16 161.0
51 184.0
7 172.0
57 121.0
54 151.0
6 191.0
7 120.0
44 184.0
87 155.0
28 149.0
86 128.0
