49 155.0
18 175.0
36 168.0
4 197.0
4 199.0
49 150.0
36 160.0
48 163.0
61 102.0
79 105.0
35 134.0
16 134.0
10 174.0
13 181.0
21 173.0
23 165.0
21 115.0
10 182.0
39 145.0
41 142.0
7 153.0
64 117.0
54 162.0
88 125.0
72 194.0
70 159.0
96 192.0
80 147.0
89 193.0
88 177.0
96 101.0
77 112.0
59 132.0
94 176.0
25 186.0
28 190.0
47 156.0
29 137.0
1 190.0
86 189.0
50 107.0
38 173.0
51 123.0
44 141.0
5 157.0
78 178.0
15 146.0
2 138.0
41 108.0
40 179.0
59 110.0
79 187.0
81 144.0
5 164.0
52 180.0
89 142.0
35 174.0
4 112.0
7 137.0
39 150.0
89 162.0
23 159.0
41 163.0
96 162.0
48 177.0
61 174.0
7 199.0
18 173.0
47 192.0
77 194.0
13 159.0
54 105.0
70 160.0
48 147.0
96 199.0
49 156.0
28 159.0
80 102.0
29 174.0
48 173.0
41 182.0
13 153.0
70 156.0
79 159.0
61 159.0
41 160.0
49 176.0
79 175.0
61 142.0
61 137.0
25 182.0
28 193.0
23 117.0
61 117.0
48 145.0
4 192.0
47 165.0
77 142.0
72 163.0
79 112.0
4 105.0
94 159.0
10 112.0
48 112.0
54 156.0
29 197.0
39 182.0
36 176.0
49 177.0
39 177.0
16 101.0
72 175.0
89 155.0
79 115.0
88 168.0
88 181.0
47 147.0
54 176.0
54 181.0
21 105.0
25 181.0
21 153.0
70 155.0
4 102.0
28 165.0
10 193.0
39 165.0
47 197.0
29 165.0
77 145.0
23 186.0
21 134.0
77 177.0
47 168.0
1 197.0
10 163.0
7 105.0
54 165.0
94 105.0
28 115.0
64 105.0
94 162.0
36 163.0
28 177.0
13 137.0
23 142.0
72 134.0
21 190.0
13 145.0
23 134.0
96 176.0
10 155.0
10 175.0
16 117.0
79 182.0
10 102.0
49 181.0
72 142.0
54 173.0
89 137.0
21 193.0
13 102.0
49 162.0
35 165.0
35 192.0
21 156.0
48 192.0
54 102.0
10 190.0
54 137.0
4 177.0
41 155.0
4 101.0
35 182.0
35 175.0
23 101.0
89 132.0
4 142.0
41 105.0
23 102.0
36 105.0
48 193.0
4 181.0
21 192.0
61 173.0
21 137.0
21 125.0
10 194.0
48 197.0
35 199.0
88 105.0
49 102.0
39 197.0
10 150.0
4 182.0
