75 102.0
98 134.0
97 105.0
50 102.0
55 134.0
16 167.0
61 158.0
48 140.0
43 138.0
6 116.0
13 148.0
21 135.0
13 161.0
66 175.0
51 168.0
69 160.0
14 197.0
85 199.0
5 115.0
34 165.0
2 173.0
5 181.0
31 189.0
89 188.0
96 170.0
52 131.0
80 180.0
90 197.0
38 194.0
49 181.0
24 156.0
45 139.0
39 114.0
77 143.0
65 103.0
76 186.0
2 149.0
10 113.0
41 191.0
85 126.0
47 162.0
27 107.0
52 101.0
48 134.0
51 173.0
6 134.0
21 102.0
6 131.0
69 131.0
16 134.0
98 131.0
14 131.0
66 181.0
31 175.0
21 160.0
13 167.0
96 102.0
96 161.0
14 158.0
16 170.0
6 102.0
98 197.0
21 105.0
80 160.0
98 180.0
98 115.0
75 161.0
85 102.0
