64 182.0
17 189.0
47 197.0
93 191.0
44 108.0
2 127.0
11 109.0
51 110.0
25 200.0
37 176.0
25 177.0
37 148.0
8 107.0
20 131.0
57 149.0
94 170.0
87 113.0
79 113.0
12 150.0
32 144.0
6 167.0
7 101.0
6 140.0
89 137.0
81 154.0
74 137.0
45 154.0
75 188.0
67 160.0
58 117.0
75 164.0
77 195.0
84 165.0
85 162.0
98 180.0
62 134.0
80 136.0
96 134.0
18 136.0
36 158.0
49 111.0
14 126.0
27 171.0
52 157.0
44 164.0
85 182.0
94 109.0
20 144.0
64 110.0
8 109.0
2 191.0
94 127.0
47 113.0
94 189.0
6 134.0
8 177.0
44 110.0
37 162.0
96 144.0
64 117.0
85 140.0
18 140.0
44 101.0
67 108.0
64 144.0
2 150.0
57 107.0
85 107.0
96 110.0
98 137.0
93 140.0
2 189.0
6 136.0
67 165.0
84 154.0
7 113.0
37 134.0
32 154.0
67 149.0
18 127.0
12 107.0
32 160.0
51 180.0
18 150.0
64 170.0
7 127.0
85 110.0
62 101.0
77 134.0
47 131.0
7 144.0
75 167.0
11 137.0
6 108.0
11 127.0
11 117.0
12 137.0
44 180.0
89 144.0
98 197.0
93 150.0
96 167.0
6 191.0
98 160.0
2 117.0
77 109.0
44 150.0
81 182.0
45 107.0
20 109.0
7 137.0
11 148.0
67 127.0
20 177.0
79 189.0
98 108.0
44 154.0
8 149.0
93 170.0
47 108.0
77 113.0
51 134.0
74 176.0
25 189.0
77 101.0
45 160.0
12 148.0
6 144.0
12 136.0
51 167.0
79 109.0
17 107.0
81 136.0
79 188.0
57 176.0
94 148.0
37 131.0
57 127.0
37 108.0
8 113.0
77 136.0
7 149.0
51 197.0
25 108.0
93 195.0
79 165.0
62 191.0
17 134.0
87 188.0
2 180.0
47 195.0
45 110.0
2 107.0
37 167.0
79 108.0
74 109.0
44 188.0
96 149.0
45 109.0
75 154.0
79 180.0
2 195.0
57 134.0
45 150.0
75 108.0
94 134.0
96 154.0
25 131.0
98 177.0
45 149.0
7 109.0
32 197.0
67 131.0
84 167.0
51 107.0
81 107.0
8 127.0
51 137.0
75 113.0
37 191.0
44 189.0
17 144.0
84 197.0
12 113.0
47 154.0
57 137.0
77 154.0
20 137.0
6 107.0
11 170.0
44 167.0
6 110.0
32 167.0
47 136.0
25 136.0
