63 181
16 188
46 196
92 190
43 107
1 126
10 108
50 109
24 199
36 175
24 176
36 147
7 106
19 130
56 148
93 169
86 112
78 112
11 149
31 143
5 166
6 100
5 139
88 136
80 153
73 136
44 153
74 187
66 159
57 116
74 163
76 194
83 164
84 161
97 179
61 133
79 135
95 133
17 135
35 157
48 110
13 125
26 170
51 156
43 163
84 181
93 108
19 143
63 109
7 108
1 190
93 126
46 112
93 188
5 133
7 176
43 109
36 161
95 143
63 116
84 139
17 139
43 100
66 107
63 143
1 149
56 106
84 106
95 109
97 136
92 139
1 188
5 135
66 164
83 153
6 112
36 133
31 153
66 148
17 126
11 106
31 159
50 179
17 149
63 169
6 126
84 109
61 100
76 133
46 130
6 143
74 166
10 136
5 107
10 126
10 116
11 136
43 179
88 143
97 196
92 149
95 166
5 190
97 159
1 116
76 108
43 149
80 181
44 106
19 108
6 136
10 147
66 126
19 176
78 188
97 107
43 153
7 148
92 169
46 107
76 112
50 133
73 175
24 188
76 100
44 159
11 147
5 143
11 135
50 166
78 108
16 106
80 135
78 187
56 175
93 147
36 130
56 126
36 107
7 112
76 135
6 148
50 196
24 107
92 194
78 164
61 190
16 133
86 187
1 179
46 194
44 109
1 106
36 166
78 107
73 108
43 187
95 148
44 108
74 153
78 179
1 194
56 133
44 149
74 107
93 133
95 153
24 130
97 176
44 148
6 108
31 196
66 130
83 166
50 106
80 106
7 126
50 136
74 112
36 190
43 188
16 143
83 196
11 112
46 153
56 136
76 153
19 136
5 106
10 169
43 166
5 109
31 166
46 135
24 135
