43 136
0 145
17 112
0 103
92 172
42 115
90 183
62 153
91 110
18 151
73 159
13 149
66 138
24 168
13 184
44 125
39 114
7 105
31 157
11 128
70 141
15 143
53 141
10 128
84 113
68 161
95 135
38 173
59 118
69 173
81 102
76 148
77 146
50 148
37 102
30 186
64 188
19 179
6 163
64 134
5 155
45 172
2 172
9 184
54 103
79 194
16 152
39 192
71 191
71 126
21 199
19 107
69 185
83 104
60 106
81 136
7 138
38 105
6 148
77 184
81 110
39 146
77 113
68 146
7 153
10 145
73 118
17 186
73 134
62 161
43 157
39 186
66 114
30 148
37 143
38 143
95 172
64 148
44 103
69 141
64 113
95 112
50 103
11 168
30 103
37 141
17 184
15 114
59 168
31 153
84 102
81 114
50 113
81 143
70 118
91 145
64 102
77 188
10 161
6 153
