15 126.0
20 133.0
4 151.0
62 145.0
72 154.0
71 157.0
28 125.0
75 131.0
24 157.0
7 133.0
26 119.0
25 118.0
33 108.0
51 148.0
54 106.0
57 134.0
31 101.0
45 101.0
32 140.0
56 130.0
64 146.0
74 177.0
10 163.0
47 176.0
50 168.0
42 152.0
22 121.0
50 158.0
3 113.0
17 135.0
84 129.0
41 102.0
44 139.0
55 137.0
94 111.0
100 102.0
73 137.0
67 139.0
60 111.0
95 135.0
90 129.0
1 183.0
18 188.0
8 196.0
19 186.0
12 166.0
34 185.0
6 197.0
19 136.0
12 189.0
8 193.0
34 180.0
18 181.0
1 170.0
6 178.0
12 198.0
77 143.0
63 122.0
30 174.0
69 142.0
65 132.0
68 164.0
58 110.0
76 156.0
21 161.0
40 132.0
2 173.0
37 155.0
16 200.0
35 194.0
29 160.0
13 141.0
11 103.0
13 182.0
37 167.0
29 138.0
11 190.0
2 184.0
16 191.0
2 146.0
17 174.0
84 154.0
17 176.0
77 135.0
6 148.0
62 146.0
50 157.0
26 133.0
18 121.0
7 118.0
58 135.0
90 133.0
68 111.0
33 170.0
30 119.0
84 103.0
75 198.0
40 200.0
13 125.0
25 125.0
6 122.0
68 160.0
32 182.0
64 145.0
28 129.0
19 134.0
40 157.0
35 143.0
1 106.0
75 130.0
62 168.0
30 139.0
34 158.0
71 166.0
63 145.0
75 102.0
50 110.0
25 181.0
16 148.0
29 130.0
26 174.0
95 170.0
72 130.0
10 166.0
31 122.0
65 190.0
29 135.0
63 168.0
67 152.0
95 160.0
16 142.0
60 180.0
71 101.0
51 151.0
44 178.0
42 170.0
22 122.0
57 155.0
57 129.0
54 157.0
32 160.0
18 110.0
67 174.0
37 106.0
57 145.0
16 188.0
45 181.0
37 119.0
6 102.0
18 190.0
28 178.0
26 198.0
75 194.0
19 182.0
20 158.0
24 135.0
17 101.0
54 194.0
