58 182.0
34 151.0
26 183.0
66 179.0
15 105.0
15 178.0
34 186.0
1 119.0
18 153.0
29 167.0
44 125.0
44 195.0
29 114.0
1 174.0
62 185.0
74 176.0
53 196.0
67 160.0
36 175.0
95 139.0
19 152.0
74 169.0
17 149.0
48 103.0
87 109.0
68 122.0
89 149.0
80 109.0
81 122.0
78 115.0
83 158.0
77 106.0
38 166.0
82 126.0
5 126.0
86 166.0
20 145.0
41 123.0
7 108.0
24 132.0
65 140.0
31 145.0
78 125.0
66 145.0
66 140.0
87 139.0
15 109.0
53 103.0
24 109.0
95 103.0
86 153.0
68 106.0
17 152.0
1 126.0
74 126.0
78 176.0
44 140.0
29 126.0
38 119.0
48 108.0
58 169.0
48 139.0
7 109.0
44 115.0
36 186.0
44 126.0
15 145.0
67 153.0
83 178.0
41 106.0
89 151.0
80 185.0
38 182.0
65 109.0
80 139.0
62 103.0
34 149.0
36 108.0
36 140.0
29 109.0
62 153.0
19 140.0
20 174.0
86 176.0
67 158.0
38 109.0
95 149.0
66 126.0
77 139.0
80 145.0
68 139.0
24 158.0
26 114.0
74 105.0
58 185.0
18 123.0
67 115.0
48 196.0
81 185.0
24 186.0
87 115.0
89 152.0
17 179.0
15 125.0
5 132.0
58 109.0
15 152.0
34 122.0
41 196.0
31 166.0
95 140.0
81 114.0
26 108.0
29 122.0
62 167.0
34 109.0
83 195.0
65 160.0
18 140.0
31 195.0
78 114.0
87 105.0
53 140.0
5 151.0
89 186.0
5 182.0
15 119.0
26 109.0
65 126.0
67 166.0
67 126.0
20 103.0
58 123.0
36 182.0
66 123.0
83 140.0
74 151.0
53 126.0
19 149.0
26 139.0
34 158.0
48 166.0
38 160.0
31 178.0
36 151.0
83 132.0
1 103.0
18 115.0
62 151.0
80 195.0
36 132.0
20 122.0
58 114.0
80 125.0
19 186.0
5 109.0
82 179.0
83 123.0
86 174.0
58 108.0
18 186.0
66 132.0
77 151.0
62 132.0
24 152.0
81 123.0
20 166.0
34 167.0
87 160.0
89 153.0
1 179.0
78 152.0
17 106.0
89 158.0
5 175.0
62 122.0
1 185.0
48 169.0
68 140.0
81 195.0
31 103.0
31 179.0
68 166.0
34 140.0
1 166.0
15 166.0
65 167.0
77 145.0
18 126.0
15 115.0
20 195.0
78 139.0
62 195.0
48 186.0
65 186.0
86 105.0
24 178.0
15 196.0
31 151.0
66 106.0
66 109.0
44 166.0
82 196.0
83 108.0
74 178.0
65 179.0
78 182.0
81 174.0
80 153.0
18 106.0
