33 154
58 160
37 129
32 168
48 140
29 101
68 162
54 143
86 153
70 151
77 136
14 115
85 115
63 151
87 135
3 158
1 144
40 158
25 196
50 191
24 197
36 106
7 195
21 197
8 139
11 133
22 171
28 193
73 156
42 130
96 195
57 126
0 113
75 141
52 153
89 116
94 152
79 115
95 131
3 123
60 192
87 159
92 110
2 102
79 107
63 121
20 186
34 165
58 178
58 120
54 111
1 128
18 122
95 133
39 132
37 188
54 180
41 144
77 174
70 138
2 152
52 176
72 171
43 179
26 164
99 182
37 160
29 162
85 136
33 160
29 140
54 101
85 151
54 140
37 154
58 154
54 162
86 136
37 168
33 129
