16 109
63 111
46 120
72 109
59 120
49 110
62 125
40 150
43 125
21 199
26 152
19 183
19 184
26 176
21 171
65 145
93 101
56 162
77 140
14 140
8 126
31 121
9 127
30 116
5 159
28 163
5 103
30 172
34 158
33 135
37 133
58 134
73 188
80 173
44 144
88 181
42 104
90 190
57 141
74 167
41 166
67 139
39 174
71 106
99 105
47 128
52 128
97 105
75 106
17 151
91 115
95 124
64 153
94 151
54 161
69 194
12 182
60 179
12 164
25 198
2 134
55 123
53 190
37 186
99 165
2 170
79 148
84 168
30 140
90 172
49 183
47 139
63 105
37 182
90 127
52 120
40 190
14 121
26 133
43 144
44 111
33 172
80 125
69 171
64 111
97 181
74 164
64 127
59 106
39 110
37 194
47 190
67 133
62 161
56 190
31 150
33 127
28 133
74 152
58 150
57 124
59 181
28 115
62 166
41 171
14 176
40 135
57 127
16 194
94 159
63 104
72 162
12 190
93 151
80 163
64 166
31 163
47 103
8 172
73 109
90 184
60 104
54 124
21 161
31 161
26 150
19 115
5 106
69 120
58 103
52 144
28 109
62 158
54 121
60 141
62 115
47 184
99 116
26 115
42 150
5 152
72 134
14 125
60 115
37 164
17 176
67 101
72 188
67 173
72 121
47 162
39 124
73 105
14 174
19 126
59 141
62 173
63 158
57 162
21 158
57 116
59 128
43 153
31 162
9 106
19 128
17 181
91 188
17 171
41 126
33 140
26 106
93 164
94 139
17 116
28 106
44 128
93 166
54 172
49 144
95 152
9 179
93 125
9 190
52 145
9 162
59 126
42 111
72 106
31 120
56 111
93 120
34 111
14 115
62 139
67 111
46 152
62 133
14 109
94 179
93 194
28 140
57 125
44 139
47 120
47 109
30 151
91 190
69 150
54 120
80 120
26 181
12 111
30 182
21 145
43 163
43 190
39 116
69 111
26 120
43 166
73 126
63 183
64 101
93 103
37 163
57 179
46 121
37 174
17 106
95 164
5 194
43 128
71 176
19 134
80 110
64 176
41 105
49 126
73 101
67 164
39 126
26 101
75 135
43 121
59 150
31 152
71 150
75 194
30 125
54 125
60 145
5 158
69 159
28 124
44 159
9 101
57 184
33 152
64 174
21 109
65 164
28 145
67 182
41 179
21 120
44 121
39 161
97 172
40 161
64 172
14 126
90 145
44 150
26 188
42 128
34 151
17 127
26 166
39 153
62 171
60 181
16 121
99 158
37 140
69 144
37 127
28 120
31 116
75 199
69 103
5 110
46 150
39 120
97 179
