60 185.0
93 184.0
24 177.0
4 190.0
73 200.0
93 153.0
50 110.0
46 112.0
41 109.0
63 112.0
11 150.0
26 141.0
51 163.0
26 144.0
54 166.0
37 157.0
52 178.0
56 186.0
54 194.0
28 170.0
8 161.0
22 155.0
22 149.0
71 120.0
78 127.0
86 108.0
87 108.0
57 120.0
10 188.0
21 124.0
9 160.0
9 147.0
10 104.0
97 139.0
5 158.0
89 101.0
81 167.0
45 140.0
99 158.0
1 116.0
67 125.0
68 154.0
75 156.0
40 125.0
76 105.0
85 181.0
53 145.0
77 191.0
100 174.0
48 189.0
19 159.0
80 138.0
95 136.0
96 133.0
62 136.0
61 107.0
69 129.0
55 131.0
30 107.0
7 150.0
36 154.0
47 114.0
93 195.0
100 153.0
76 188.0
4 127.0
100 131.0
24 161.0
28 110.0
87 170.0
61 149.0
9 161.0
54 155.0
46 156.0
5 110.0
28 150.0
51 136.0
95 166.0
1 181.0
100 147.0
30 109.0
4 160.0
28 108.0
95 131.0
46 177.0
68 141.0
86 174.0
46 136.0
63 155.0
10 158.0
69 101.0
9 185.0
78 156.0
57 110.0
86 129.0
22 138.0
11 107.0
56 184.0
76 116.0
93 158.0
73 116.0
50 124.0
81 110.0
55 166.0
63 190.0
8 157.0
28 184.0
1 131.0
19 156.0
8 188.0
22 101.0
52 154.0
95 156.0
56 138.0
99 157.0
10 185.0
85 185.0
28 107.0
1 150.0
69 167.0
24 170.0
85 147.0
11 161.0
75 155.0
21 129.0
75 136.0
96 101.0
100 177.0
86 155.0
62 129.0
67 186.0
52 191.0
100 188.0
73 157.0
21 158.0
26 120.0
26 154.0
95 191.0
97 120.0
69 159.0
76 157.0
69 153.0
89 127.0
45 186.0
73 159.0
22 110.0
37 133.0
63 181.0
28 153.0
96 120.0
97 160.0
40 133.0
86 131.0
4 159.0
60 129.0
40 104.0
93 145.0
50 150.0
21 136.0
69 189.0
45 159.0
61 104.0
75 188.0
89 163.0
60 110.0
41 105.0
19 184.0
21 120.0
97 131.0
99 170.0
99 108.0
76 136.0
71 125.0
52 177.0
67 149.0
73 191.0
78 159.0
99 127.0
71 191.0
11 178.0
97 109.0
95 124.0
61 159.0
9 149.0
56 191.0
85 159.0
71 104.0
62 186.0
48 112.0
86 104.0
56 107.0
1 109.0
22 159.0
67 157.0
85 190.0
68 174.0
22 194.0
26 167.0
5 120.0
8 145.0
30 140.0
57 177.0
26 112.0
55 161.0
41 177.0
24 116.0
77 194.0
71 150.0
96 154.0
37 129.0
78 105.0
68 167.0
56 140.0
87 186.0
40 163.0
76 125.0
73 186.0
52 140.0
75 200.0
69 200.0
48 110.0
67 127.0
69 140.0
21 189.0
96 185.0
41 161.0
63 178.0
11 147.0
26 136.0
62 181.0
37 159.0
76 104.0
93 124.0
80 149.0
9 157.0
69 109.0
24 104.0
48 136.0
55 141.0
75 127.0
76 166.0
41 107.0
50 160.0
87 112.0
63 194.0
8 116.0
71 133.0
54 129.0
41 124.0
78 178.0
68 153.0
53 154.0
55 101.0
97 127.0
67 159.0
48 141.0
69 191.0
4 138.0
67 155.0
24 144.0
24 120.0
60 127.0
86 166.0
22 108.0
55 155.0
10 109.0
21 110.0
46 129.0
99 156.0
10 150.0
10 153.0
55 136.0
96 125.0
52 101.0
54 107.0
56 167.0
4 129.0
24 127.0
28 144.0
24 154.0
10 125.0
41 190.0
57 105.0
10 159.0
40 177.0
56 133.0
28 191.0
11 120.0
46 127.0
45 109.0
41 149.0
53 153.0
9 145.0
8 105.0
68 109.0
