59 184
92 183
23 176
3 189
72 199
92 152
49 109
45 111
40 108
62 111
10 149
25 140
50 162
25 143
53 165
36 156
51 177
55 185
53 193
27 169
7 160
21 154
21 148
70 119
77 126
85 107
86 107
56 119
9 187
20 123
8 159
8 146
9 103
96 138
4 157
88 100
80 166
44 139
98 157
0 115
66 124
67 153
74 155
39 124
75 104
84 180
52 144
76 190
99 173
47 188
18 158
79 137
94 135
95 132
61 135
60 106
68 128
54 130
29 106
6 149
35 153
46 113
92 194
99 152
75 187
3 126
99 130
23 160
27 109
86 169
60 148
8 160
53 154
45 155
4 109
27 149
50 135
94 165
0 180
99 146
29 108
3 159
27 107
94 130
45 176
67 140
85 173
45 135
62 154
9 157
68 100
8 184
77 155
56 109
85 128
21 137
10 106
55 183
75 115
92 157
72 115
49 123
80 109
54 165
62 189
7 156
27 183
0 130
18 155
7 187
21 100
51 153
94 155
55 137
98 156
9 184
84 184
27 106
0 149
68 166
23 169
84 146
10 160
74 154
20 128
74 135
95 100
99 176
85 154
61 128
66 185
51 190
99 187
72 156
20 157
25 119
25 153
94 190
96 119
68 158
75 156
68 152
88 126
44 185
72 158
21 109
36 132
62 180
27 152
95 119
96 159
39 132
85 130
3 158
59 128
39 103
92 144
49 149
20 135
68 188
44 158
60 103
74 187
88 162
59 109
40 104
18 183
20 119
96 130
98 169
98 107
75 135
70 124
51 176
66 148
72 190
77 158
98 126
70 190
10 177
96 108
94 123
60 158
8 148
55 190
84 158
70 103
61 185
47 111
85 103
55 106
0 108
21 158
66 156
84 189
67 173
21 193
25 166
4 119
7 144
29 139
56 176
25 111
54 160
40 176
23 115
76 193
70 149
95 153
36 128
77 104
67 166
55 139
86 185
39 162
75 124
72 185
51 139
74 199
68 199
47 109
66 126
68 139
20 188
95 184
40 160
62 177
10 146
25 135
61 180
36 158
75 103
92 123
79 148
8 156
68 108
23 103
47 135
54 140
74 126
75 165
40 106
49 159
86 111
62 193
7 115
70 132
53 128
40 123
77 177
67 152
52 153
54 100
96 126
66 158
47 140
68 190
3 137
66 154
23 143
23 119
59 126
85 165
21 107
54 154
9 108
20 109
45 128
98 155
9 149
9 152
54 135
95 124
51 100
53 106
55 166
3 128
23 126
27 143
23 153
9 124
40 189
56 104
9 158
39 176
55 132
27 190
10 119
45 126
44 108
40 148
52 152
8 144
7 104
67 108
