54 104
98 133
49 133
97 104
56 132
39 129
35 171
48 188
35 151
5 118
22 143
70 138
84 153
13 138
86 153
77 193
52 158
52 176
77 128
53 165
63 186
63 150
53 194
29 177
10 144
73 111
64 131
72 145
64 155
89 175
34 187
23 185
26 146
71 183
76 152
22 159
60 137
47 107
2 147
33 109
43 172
53 118
98 153
56 150
63 143
22 128
48 143
35 104
77 165
56 104
73 104
70 155
53 151
13 128
53 176
56 176
48 133
10 104
72 171
10 133
97 129
54 144
63 158
73 144
52 153
13 132
49 118
35 111
72 177
5 176
72 165
22 177
63 188
53 144
53 177
86 155
53 133
29 131
72 133
22 194
97 177
97 193
54 155
97 144
72 138
13 158
70 150
56 118
84 193
39 176
72 128
77 129
56 186
10 111
52 145
22 131
35 143
73 138
97 153
63 177
5 132
39 131
54 177
53 138
13 133
48 177
22 186
98 143
48 194
54 143
5 111
86 193
29 145
73 118
86 194
53 193
10 188
64 118
97 132
35 118
77 144
5 144
72 143
63 171
22 144
73 133
77 145
70 129
72 151
56 111
84 171
35 138
48 104
39 150
5 138
72 158
13 188
86 132
73 143
77 177
56 153
97 158
72 144
13 155
73 176
