42 195.0
42 167.0
28 116.0
28 171.0
9 117.0
9 189.0
53 123.0
14 123.0
100 120.0
99 120.0
45 150.0
45 169.0
35 191.0
64 156.0
12 129.0
84 129.0
50 106.0
69 106.0
77 146.0
78 146.0
20 109.0
6 110.0
88 121.0
21 127.0
98 105.0
20 189.0
45 120.0
100 109.0
45 123.0
69 191.0
50 146.0
45 109.0
28 146.0
28 191.0
42 116.0
35 150.0
20 146.0
77 129.0
28 109.0
78 109.0
64 120.0
12 150.0
20 150.0
42 169.0
84 106.0
84 156.0
69 123.0
53 167.0
9 123.0
100 129.0
9 106.0
84 123.0
50 129.0
100 116.0
69 129.0
64 146.0
42 106.0
42 171.0
78 191.0
42 120.0
28 106.0
9 109.0
99 116.0
50 191.0
35 123.0
35 120.0
69 167.0
50 123.0
42 146.0
20 167.0
45 146.0
9 191.0
42 189.0
12 123.0
12 120.0
12 146.0
53 120.0
28 129.0
78 117.0
53 116.0
50 120.0
20 171.0
45 129.0
12 156.0
64 106.0
14 129.0
45 171.0
35 109.0
78 129.0
9 171.0
78 120.0
14 117.0
14 191.0
28 123.0
100 106.0
28 156.0
99 129.0
20 123.0
84 189.0
100 189.0
9 129.0
9 150.0
78 116.0
9 169.0
9 120.0
