58 159.0
52 105.0
46 104.0
96 159.0
90 105.0
35 165.0
86 177.0
85 178.0
30 160.0
56 160.0
82 109.0
71 181.0
37 157.0
7 103.0
6 116.0
63 153.0
54 120.0
3 189.0
70 180.0
38 135.0
9 130.0
9 185.0
4 166.0
59 199.0
5 140.0
59 169.0
5 197.0
4 176.0
50 179.0
51 167.0
88 129.0
19 123.0
13 167.0
20 131.0
24 107.0
49 171.0
49 118.0
65 191.0
87 119.0
77 188.0
78 194.0
77 164.0
72 133.0
100 101.0
83 141.0
92 101.0
27 141.0
75 147.0
76 106.0
97 163.0
40 147.0
99 106.0
15 163.0
10 162.0
14 158.0
10 146.0
14 155.0
14 190.0
1 106.0
79 183.0
73 101.0
50 195.0
74 127.0
24 110.0
67 142.0
24 188.0
71 104.0
49 167.0
58 160.0
19 107.0
51 106.0
87 129.0
15 120.0
6 104.0
14 133.0
35 162.0
56 130.0
63 104.0
99 133.0
40 130.0
54 180.0
24 165.0
54 164.0
90 188.0
50 159.0
50 153.0
77 163.0
9 153.0
35 129.0
35 190.0
40 104.0
54 101.0
52 197.0
92 165.0
92 147.0
56 197.0
3 140.0
15 157.0
51 194.0
5 157.0
58 135.0
9 140.0
50 181.0
50 146.0
52 107.0
49 109.0
54 118.0
97 130.0
63 164.0
38 197.0
82 185.0
14 165.0
56 163.0
56 159.0
20 160.0
71 133.0
54 155.0
3 188.0
56 155.0
86 129.0
52 131.0
50 163.0
14 129.0
7 167.0
87 147.0
14 116.0
52 109.0
90 129.0
88 188.0
72 163.0
4 158.0
77 141.0
30 163.0
78 185.0
87 123.0
49 162.0
38 118.0
56 147.0
37 179.0
51 135.0
83 105.0
51 181.0
56 101.0
13 191.0
14 140.0
19 190.0
6 135.0
92 157.0
83 140.0
85 167.0
37 106.0
97 133.0
87 105.0
99 197.0
56 188.0
78 190.0
10 177.0
19 133.0
20 180.0
86 169.0
14 118.0
82 179.0
72 185.0
49 158.0
37 194.0
87 106.0
40 194.0
9 131.0
63 129.0
70 181.0
27 140.0
97 119.0
77 104.0
6 131.0
49 123.0
77 101.0
10 135.0
96 131.0
87 141.0
5 104.0
46 131.0
59 153.0
14 180.0
71 129.0
6 140.0
27 181.0
13 118.0
75 169.0
65 106.0
7 188.0
59 133.0
65 167.0
19 135.0
87 116.0
6 141.0
65 176.0
63 101.0
27 190.0
27 163.0
63 166.0
83 147.0
46 169.0
20 120.0
71 191.0
20 140.0
4 147.0
7 131.0
6 163.0
82 190.0
6 165.0
59 160.0
27 105.0
71 140.0
65 129.0
71 116.0
10 163.0
4 190.0
50 160.0
30 107.0
90 153.0
82 178.0
75 191.0
3 141.0
6 109.0
3 178.0
97 141.0
100 185.0
92 116.0
65 155.0
70 190.0
20 189.0
85 157.0
88 104.0
14 191.0
3 157.0
15 103.0
75 103.0
77 105.0
71 153.0
24 130.0
52 171.0
35 104.0
20 141.0
85 147.0
87 189.0
99 160.0
77 178.0
52 179.0
85 155.0
65 109.0
59 129.0
27 178.0
100 162.0
77 177.0
59 163.0
35 101.0
51 133.0
46 157.0
82 123.0
72 105.0
49 147.0
3 146.0
10 188.0
4 163.0
35 181.0
5 105.0
54 141.0
82 177.0
82 116.0
90 191.0
59 109.0
35 119.0
9 109.0
4 106.0
4 118.0
71 179.0
78 123.0
4 153.0
71 164.0
5 171.0
7 106.0
5 179.0
24 135.0
7 159.0
14 119.0
50 177.0
49 176.0
5 155.0
71 123.0
96 157.0
