57 158
51 104
45 103
95 158
89 104
34 164
85 176
84 177
29 159
55 159
81 108
70 180
36 156
6 102
5 115
62 152
53 119
2 188
69 179
37 134
8 129
8 184
3 165
58 198
4 139
58 168
4 196
3 175
49 178
50 166
87 128
18 122
12 166
19 130
23 106
48 170
48 117
64 190
86 118
76 187
77 193
76 163
71 132
99 100
82 140
91 100
26 140
74 146
75 105
96 162
39 146
98 105
14 162
9 161
13 157
9 145
13 154
13 189
0 105
78 182
72 100
49 194
73 126
23 109
66 141
23 187
70 103
48 166
57 159
18 106
50 105
86 128
14 119
5 103
13 132
34 161
55 129
62 103
98 132
39 129
53 179
23 164
53 163
89 187
49 158
49 152
76 162
8 152
34 128
34 189
39 103
53 100
51 196
91 164
91 146
55 196
2 139
14 156
50 193
4 156
57 134
8 139
49 180
49 145
51 106
48 108
53 117
96 129
62 163
37 196
81 184
13 164
55 162
55 158
19 159
70 132
53 154
2 187
55 154
85 128
51 130
49 162
13 128
6 166
86 146
13 115
51 108
89 128
87 187
71 162
3 157
76 140
29 162
77 184
86 122
48 161
37 117
55 146
36 178
50 134
82 104
50 180
55 100
12 190
13 139
18 189
5 134
91 156
82 139
84 166
36 105
96 132
86 104
98 196
55 187
77 189
9 176
18 132
19 179
85 168
13 117
81 178
71 184
48 157
36 193
86 105
39 193
8 130
62 128
69 180
26 139
96 118
76 103
5 130
48 122
76 100
9 134
95 130
86 140
4 103
45 130
58 152
13 179
70 128
5 139
26 180
12 117
74 168
64 105
6 187
58 132
64 166
18 134
86 115
5 140
64 175
62 100
26 189
26 162
62 165
82 146
45 168
19 119
70 190
19 139
3 146
6 130
5 162
81 189
5 164
58 159
26 104
70 139
64 128
70 115
9 162
3 189
49 159
29 106
89 152
81 177
74 190
2 140
5 108
2 177
96 140
99 184
91 115
64 154
69 189
19 188
84 156
87 103
13 190
2 156
14 102
74 102
76 104
70 152
23 129
51 170
34 103
19 140
84 146
86 188
98 159
76 177
51 178
84 154
64 108
58 128
26 177
99 161
76 176
58 162
34 100
50 132
45 156
81 122
71 104
48 146
2 145
9 187
3 162
34 180
4 104
53 140
81 176
81 115
89 190
58 108
34 118
8 108
3 105
3 117
70 178
77 122
3 152
70 163
4 170
6 105
4 178
23 134
6 158
13 118
49 176
48 175
4 154
70 122
95 156
