12 198.0
76 160.0
32 175.0
37 183.0
86 168.0
38 173.0
40 181.0
58 184.0
67 174.0
13 147.0
6 177.0
23 128.0
6 101.0
23 193.0
13 192.0
19 162.0
9 145.0
26 142.0
26 178.0
2 134.0
34 102.0
27 163.0
62 148.0
53 143.0
78 135.0
42 116.0
64 109.0
39 126.0
20 144.0
7 109.0
89 149.0
72 118.0
70 104.0
52 104.0
96 149.0
84 154.0
82 164.0
74 139.0
65 107.0
76 109.0
13 149.0
12 104.0
67 154.0
6 148.0
19 126.0
19 149.0
27 109.0
40 139.0
74 163.0
26 139.0
9 168.0
70 175.0
32 142.0
86 163.0
37 178.0
39 177.0
96 107.0
82 143.0
20 145.0
13 104.0
23 184.0
65 192.0
58 139.0
42 139.0
6 126.0
