96 156.0
62 180.0
52 135.0
28 198.0
55 189.0
89 147.0
30 163.0
80 106.0
74 106.0
35 147.0
71 105.0
31 159.0
37 117.0
18 105.0
54 197.0
48 168.0
6 125.0
54 115.0
48 199.0
6 176.0
59 111.0
4 101.0
5 132.0
33 121.0
1 114.0
11 114.0
20 171.0
49 107.0
53 131.0
53 118.0
2 126.0
79 187.0
12 160.0
23 177.0
77 103.0
26 109.0
8 181.0
87 138.0
72 116.0
95 153.0
100 120.0
83 120.0
92 153.0
97 179.0
25 129.0
69 123.0
76 102.0
68 102.0
15 179.0
10 191.0
43 113.0
43 136.0
10 151.0
10 194.0
9 112.0
13 145.0
73 148.0
13 128.0
46 134.0
82 142.0
1 177.0
15 131.0
33 106.0
20 147.0
83 163.0
4 163.0
31 156.0
1 197.0
25 135.0
6 113.0
79 180.0
5 160.0
37 121.0
1 156.0
10 103.0
10 153.0
96 101.0
83 123.0
28 106.0
1 132.0
100 101.0
87 121.0
20 121.0
54 113.0
79 101.0
87 191.0
25 159.0
59 129.0
11 147.0
2 198.0
96 151.0
43 179.0
53 197.0
20 120.0
83 156.0
12 159.0
37 138.0
10 171.0
72 109.0
80 114.0
15 187.0
43 114.0
59 179.0
43 107.0
95 198.0
71 114.0
49 106.0
6 105.0
62 106.0
28 120.0
49 179.0
25 153.0
15 153.0
25 160.0
80 135.0
15 163.0
43 199.0
49 114.0
15 180.0
5 171.0
53 153.0
48 111.0
49 120.0
33 159.0
43 189.0
55 176.0
96 102.0
18 136.0
12 113.0
37 163.0
100 156.0
2 163.0
72 131.0
1 163.0
43 115.0
