52 108.0
96 177.0
58 165.0
46 126.0
55 108.0
80 122.0
35 193.0
89 161.0
85 184.0
30 161.0
48 110.0
63 121.0
47 121.0
9 140.0
81 197.0
38 125.0
57 166.0
9 115.0
57 199.0
19 181.0
36 157.0
88 138.0
91 103.0
50 138.0
53 183.0
20 192.0
24 172.0
24 134.0
53 139.0
87 182.0
60 118.0
26 107.0
77 171.0
27 116.0
39 124.0
95 153.0
34 153.0
100 124.0
21 196.0
10 152.0
10 158.0
21 146.0
10 128.0
82 150.0
37 167.0
4 106.0
44 198.0
41 132.0
33 141.0
67 120.0
79 138.0
99 115.0
97 192.0
15 119.0
84 190.0
22 108.0
44 156.0
77 135.0
75 189.0
93 154.0
80 147.0
3 144.0
90 104.0
54 188.0
13 150.0
80 194.0
100 141.0
19 111.0
71 112.0
40 179.0
26 182.0
47 110.0
88 157.0
81 199.0
85 193.0
88 181.0
95 116.0
89 184.0
21 158.0
96 108.0
81 115.0
10 196.0
87 171.0
