36 132
11 129
75 132
89 129
55 129
54 109
74 105
59 122
49 109
98 105
66 104
39 126
21 162
56 104
42 151
78 187
60 169
47 130
60 171
84 121
65 166
86 139
94 137
70 166
1 143
26 108
33 125
87 152
95 177
88 161
71 144
79 177
0 119
24 106
58 140
28 138
46 138
91 106
10 114
32 181
32 180
10 183
35 172
9 141
8 181
16 180
40 195
14 142
68 136
39 175
24 197
61 198
35 103
46 147
65 165
73 150
3 191
72 128
39 122
95 132
10 144
47 104
47 122
1 180
56 177
10 125
65 129
98 166
86 171
84 132
11 166
89 162
47 166
66 143
10 152
89 180
71 140
26 171
26 161
60 104
98 162
95 129
98 181
26 114
66 152
10 137
26 177
56 109
58 143
54 152
46 105
66 181
94 108
60 125
36 125
79 180
98 143
32 108
47 105
0 151
59 183
94 177
91 104
66 137
56 132
60 152
66 177
95 125
24 143
88 109
28 122
79 130
11 114
28 105
74 161
60 109
42 177
32 143
21 187
32 104
91 161
87 114
21 119
91 180
87 129
86 122
46 143
54 129
26 121
36 121
58 137
95 166
87 132
1 161
84 161
21 143
1 105
71 183
89 139
87 109
95 137
59 119
33 162
26 119
54 181
87 106
94 105
42 144
49 180
39 143
28 108
88 143
49 130
10 130
95 104
39 177
56 180
75 143
32 129
1 171
60 162
32 152
95 105
98 126
66 129
55 180
33 126
47 161
42 106
56 139
65 104
26 129
33 161
1 166
11 162
46 132
0 109
0 129
10 162
33 171
36 114
42 181
87 162
36 109
84 109
89 130
78 132
26 105
10 104
10 126
24 114
66 183
55 137
87 126
10 143
98 177
1 119
32 169
47 125
1 162
0 161
24 144
66 105
42 104
32 139
21 125
49 108
46 139
78 121
87 140
