58 159.0
52 117.0
90 104.0
46 117.0
96 159.0
74 118.0
89 137.0
56 171.0
35 107.0
85 171.0
71 112.0
82 129.0
18 123.0
37 167.0
63 146.0
54 162.0
47 155.0
54 190.0
63 152.0
70 153.0
57 149.0
9 116.0
38 116.0
64 168.0
13 175.0
50 169.0
19 140.0
88 197.0
19 125.0
49 121.0
20 114.0
24 121.0
29 157.0
12 170.0
67 109.0
2 103.0
34 106.0
39 147.0
72 163.0
92 106.0
83 147.0
68 185.0
69 180.0
99 135.0
15 156.0
76 130.0
97 185.0
43 172.0
21 134.0
21 195.0
43 127.0
21 139.0
73 178.0
93 108.0
45 160.0
61 165.0
5 148.0
11 126.0
77 156.0
68 164.0
5 151.0
45 132.0
16 161.0
43 106.0
2 123.0
35 112.0
19 114.0
82 106.0
45 116.0
49 112.0
46 121.0
93 121.0
93 103.0
21 103.0
12 190.0
63 147.0
19 104.0
38 159.0
12 163.0
63 114.0
83 107.0
37 106.0
63 127.0
58 118.0
73 109.0
85 116.0
72 170.0
20 171.0
49 140.0
18 106.0
9 118.0
20 125.0
89 160.0
20 112.0
