57 158
51 116
89 103
45 116
95 158
73 117
88 136
55 170
34 106
84 170
70 111
81 128
17 122
36 166
62 145
53 161
46 154
53 189
62 151
69 152
56 148
8 115
37 115
63 167
12 174
49 168
18 139
87 196
18 124
48 120
19 113
23 120
28 156
11 169
66 108
1 102
33 105
38 146
71 162
91 105
82 146
67 184
68 179
98 134
14 155
75 129
96 184
42 171
20 133
20 194
42 126
20 138
72 177
92 107
44 159
60 164
4 147
10 125
76 155
67 163
4 150
44 131
15 160
42 105
1 122
34 111
18 113
81 105
44 115
48 111
45 120
92 120
92 102
20 102
11 189
62 146
18 103
37 158
11 162
62 113
82 106
36 105
62 126
57 117
72 108
84 115
71 169
19 170
48 139
17 105
8 117
19 124
88 159
19 111
