30 192.0
86 172.0
92 180.0
34 198.0
61 111.0
90 108.0
28 137.0
71 161.0
31 198.0
63 106.0
54 120.0
70 197.0
38 118.0
4 149.0
44 153.0
94 157.0
51 174.0
64 191.0
41 173.0
11 107.0
16 130.0
20 132.0
29 191.0
2 190.0
26 110.0
60 189.0
25 193.0
66 171.0
69 133.0
14 195.0
68 162.0
66 155.0
58 118.0
62 182.0
70 147.0
94 154.0
5 181.0
63 109.0
41 105.0
88 159.0
62 150.0
90 151.0
2 119.0
36 149.0
30 124.0
61 167.0
4 179.0
13 177.0
58 160.0
76 168.0
94 125.0
57 169.0
15 114.0
30 122.0
32 173.0
92 198.0
34 180.0
86 192.0
30 172.0
