45 124
75 192
36 193
85 128
31 158
89 127
11 146
45 191
96 108
98 123
54 125
82 143
97 108
49 123
74 125
56 185
39 189
21 145
37 155
57 199
57 175
21 111
17 150
3 194
48 190
35 170
17 184
3 168
35 113
12 104
20 162
5 133
22 126
68 147
13 134
94 178
90 142
65 160
50 134
84 142
25 173
23 114
8 183
43 172
43 181
25 180
19 116
6 152
38 161
40 144
53 177
51 159
95 174
30 149
71 167
79 196
87 197
95 198
27 187
28 188
58 171
93 179
91 169
76 195
24 187
92 188
10 122
32 120
29 112
29 109
81 129
14 102
73 132
72 129
64 102
80 132
39 194
28 177
95 179
8 129
79 144
24 142
11 113
22 149
8 196
50 168
82 120
57 149
48 144
8 168
6 133
10 171
75 195
5 113
29 152
