86 102.0
76 134.0
56 127.0
90 127.0
12 102.0
49 197.0
4 198.0
36 155.0
36 183.0
4 168.0
91 187.0
85 195.0
51 166.0
66 169.0
95 171.0
26 113.0
24 110.0
44 123.0
62 182.0
78 165.0
45 173.0
17 181.0
39 170.0
7 196.0
20 172.0
54 152.0
54 180.0
1 103.0
25 130.0
28 103.0
94 130.0
93 103.0
29 130.0
3 126.0
30 119.0
30 109.0
84 107.0
82 120.0
65 154.0
81 141.0
83 164.0
38 195.0
79 156.0
6 161.0
63 172.0
89 124.0
81 112.0
50 140.0
56 108.0
22 161.0
71 153.0
90 194.0
44 195.0
20 169.0
29 183.0
44 134.0
49 165.0
26 134.0
17 107.0
17 154.0
17 141.0
44 141.0
30 130.0
26 182.0
54 126.0
91 155.0
24 130.0
24 152.0
20 123.0
7 123.0
24 168.0
20 130.0
84 173.0
26 198.0
39 103.0
25 110.0
51 109.0
49 172.0
82 155.0
62 196.0
62 154.0
4 107.0
84 166.0
82 171.0
39 183.0
7 134.0
12 171.0
93 181.0
78 134.0
44 126.0
20 187.0
86 126.0
1 166.0
39 130.0
93 168.0
30 127.0
56 171.0
12 126.0
7 165.0
30 110.0
30 172.0
66 183.0
44 103.0
3 173.0
3 102.0
44 130.0
65 130.0
45 126.0
17 130.0
78 198.0
7 126.0
81 168.0
24 170.0
1 172.0
30 171.0
84 103.0
29 141.0
95 155.0
30 173.0
3 113.0
39 197.0
76 196.0
62 180.0
85 134.0
7 102.0
90 172.0
82 182.0
26 195.0
26 155.0
93 127.0
62 109.0
62 123.0
36 123.0
95 110.0
36 195.0
56 172.0
26 173.0
49 173.0
3 127.0
24 126.0
26 166.0
20 182.0
86 109.0
76 103.0
91 134.0
24 197.0
30 198.0
30 197.0
12 130.0
36 172.0
65 181.0
28 110.0
1 154.0
29 119.0
56 130.0
65 168.0
49 123.0
39 141.0
84 126.0
62 102.0
7 120.0
20 183.0
17 102.0
26 119.0
51 130.0
85 110.0
49 181.0
17 119.0
30 169.0
81 102.0
39 102.0
85 168.0
1 180.0
54 102.0
56 119.0
76 181.0
24 103.0
1 182.0
78 141.0
29 173.0
3 130.0
91 110.0
29 102.0
7 182.0
3 165.0
24 102.0
76 119.0
95 134.0
39 127.0
95 183.0
24 119.0
3 123.0
1 113.0
49 102.0
12 123.0
65 187.0
12 119.0
94 120.0
65 134.0
51 134.0
