95 116
57 143
89 143
97 125
84 159
85 107
79 159
46 135
5 190
5 118
46 150
80 113
69 120
3 117
16 130
32 179
40 129
32 184
40 134
15 133
19 191
15 194
22 148
66 119
59 139
76 174
7 175
59 196
98 146
75 105
96 146
65 105
42 166
13 178
72 180
21 102
41 102
17 148
36 150
87 101
93 126
12 145
38 198
33 196
28 151
0 154
75 100
42 110
52 160
27 121
84 116
5 116
46 196
7 150
16 105
59 119
46 117
15 113
16 196
69 116
19 105
5 117
42 194
46 133
32 119
16 113
13 117
79 143
75 107
19 139
96 119
69 148
59 179
75 116
41 146
66 166
80 178
84 113
16 175
89 119
22 191
69 159
59 166
15 119
69 146
42 148
95 190
80 166
7 148
3 146
97 180
66 116
15 120
13 129
16 120
15 150
95 125
3 107
65 180
69 107
5 139
22 120
40 105
3 194
3 175
42 150
79 178
80 107
15 102
40 191
95 180
89 134
75 194
65 125
7 116
97 143
66 159
19 113
13 143
41 134
65 174
84 150
16 146
32 120
40 113
21 107
72 130
42 130
3 129
69 117
79 105
13 119
46 143
85 194
15 134
69 143
85 143
96 113
96 120
46 148
7 125
32 175
89 194
59 133
7 191
19 166
42 180
13 139
69 196
21 146
96 133
95 148
32 166
19 148
89 148
3 178
76 178
42 119
66 133
80 175
32 105
40 116
15 190
65 178
72 175
66 180
96 148
96 166
40 194
75 139
7 180
42 116
66 113
76 105
66 194
59 143
66 184
42 120
13 179
21 125
5 120
40 107
46 130
76 102
89 175
