58 140.0
6 132.0
15 123.0
34 108.0
26 145.0
28 109.0
37 122.0
30 147.0
46 103.0
13 147.0
91 165.0
63 124.0
72 133.0
56 107.0
59 131.0
88 120.0
92 120.0
74 185.0
19 160.0
95 175.0
36 150.0
25 169.0
53 170.0
62 152.0
74 139.0
100 159.0
99 191.0
90 143.0
10 193.0
97 163.0
98 172.0
27 156.0
55 159.0
61 193.0
2 144.0
40 118.0
45 101.0
8 142.0
23 118.0
87 134.0
48 158.0
64 115.0
68 126.0
17 166.0
89 126.0
81 166.0
73 104.0
21 146.0
71 137.0
84 130.0
16 128.0
54 146.0
85 114.0
96 167.0
70 136.0
69 195.0
60 153.0
50 125.0
39 119.0
76 167.0
78 155.0
77 157.0
5 197.0
51 110.0
38 190.0
82 194.0
86 161.0
78 127.0
38 198.0
65 151.0
20 177.0
41 178.0
33 179.0
7 186.0
24 182.0
24 183.0
1 153.0
47 196.0
67 148.0
63 173.0
20 103.0
25 167.0
61 145.0
23 109.0
82 193.0
37 179.0
84 167.0
16 183.0
50 193.0
81 101.0
46 125.0
41 140.0
27 126.0
92 115.0
50 128.0
23 140.0
88 108.0
61 147.0
92 186.0
87 139.0
23 182.0
70 101.0
82 123.0
62 161.0
51 133.0
13 166.0
87 131.0
16 123.0
23 136.0
2 104.0
54 133.0
25 191.0
19 125.0
73 198.0
30 127.0
26 163.0
10 175.0
40 170.0
65 133.0
96 128.0
16 167.0
6 133.0
85 128.0
28 123.0
87 110.0
6 115.0
51 131.0
60 191.0
2 124.0
82 151.0
8 114.0
70 155.0
6 142.0
55 137.0
30 179.0
54 197.0
89 161.0
10 107.0
40 109.0
48 118.0
37 134.0
96 132.0
8 143.0
71 133.0
21 133.0
58 156.0
45 160.0
91 126.0
37 167.0
86 133.0
89 139.0
69 145.0
48 163.0
17 140.0
6 166.0
5 146.0
19 122.0
46 123.0
50 123.0
76 132.0
89 144.0
6 160.0
28 145.0
17 195.0
45 163.0
37 128.0
53 144.0
6 177.0
30 101.0
23 146.0
39 131.0
46 101.0
16 159.0
38 156.0
100 110.0
63 172.0
28 132.0
86 101.0
69 147.0
37 132.0
45 193.0
13 136.0
30 145.0
7 166.0
26 170.0
56 104.0
23 167.0
51 177.0
48 167.0
24 137.0
