45 106
99 106
66 182
66 197
34 110
20 157
94 135
70 135
18 109
26 180
44 151
44 187
69 184
88 186
46 125
0 125
2 146
2 128
81 141
82 172
35 190
6 114
68 155
26 115
3 101
18 141
0 110
99 157
2 141
26 187
45 141
88 106
66 125
81 106
66 141
2 135
99 110
2 197
26 157
94 157
0 157
69 125
44 109
34 182
66 157
70 125
18 182
20 151
2 186
20 125
18 135
88 180
26 141
46 110
0 186
81 125
44 180
94 197
81 180
66 187
69 157
20 109
70 187
88 125
44 110
26 109
44 197
2 106
45 109
88 109
88 110
70 106
2 180
26 125
45 125
20 186
0 146
44 125
18 151
66 106
0 197
81 184
99 125
18 125
20 146
88 182
18 187
88 141
2 187
46 141
69 141
0 151
44 106
70 197
26 182
