95 127
68 103
69 112
74 129
51 129
84 127
46 149
2 174
48 175
46 151
48 169
2 159
58 196
55 156
91 154
90 198
92 126
91 197
90 189
14 113
57 101
17 114
41 122
12 197
45 167
13 162
24 167
35 107
26 166
56 146
93 160
7 120
31 143
86 126
63 146
88 103
53 111
10 184
81 116
85 140
4 194
6 114
40 160
40 125
51 157
63 143
10 128
60 146
47 121
72 155
95 162
49 190
82 135
19 118
59 161
54 131
16 107
46 147
61 186
55 116
84 172
98 183
60 150
65 176
18 104
55 140
62 164
46 174
58 198
48 149
68 129
51 127
95 103
91 196
2 169
