34 171.0
34 184.0
18 157.0
18 155.0
4 141.0
9 136.0
9 125.0
91 139.0
63 176.0
74 134.0
67 134.0
100 103.0
27 103.0
80 191.0
81 163.0
71 102.0
12 102.0
78 168.0
38 164.0
7 101.0
32 131.0
76 199.0
70 103.0
45 130.0
73 182.0
38 105.0
7 102.0
38 157.0
7 139.0
81 171.0
12 136.0
74 101.0
78 103.0
7 157.0
80 136.0
74 102.0
67 184.0
91 163.0
9 184.0
91 134.0
63 141.0
9 103.0
74 139.0
9 141.0
7 155.0
78 101.0
78 176.0
74 184.0
27 168.0
18 134.0
18 136.0
67 102.0
4 134.0
34 101.0
7 134.0
18 103.0
63 101.0
63 171.0
67 163.0
80 101.0
34 139.0
71 134.0
100 164.0
63 184.0
7 191.0
71 191.0
80 171.0
74 164.0
12 125.0
27 125.0
27 176.0
7 163.0
38 102.0
34 125.0
34 134.0
9 102.0
27 134.0
81 139.0
67 155.0
18 101.0
34 141.0
81 155.0
9 163.0
7 184.0
18 139.0
27 157.0
27 101.0
100 136.0
34 191.0
81 136.0
9 139.0
18 125.0
18 163.0
81 184.0
80 168.0
18 141.0
12 163.0
7 103.0
7 171.0
100 102.0
