2
1 2 3 4 5 6 7 8 9 10 11 12 13 14 15 16 17 18 19 20 21 22 23 24 25 26 27 28 29 30 31 32 33 34 35 36 37 38 39 40 41 42 43 44 45 46 47 48 49 50 51 52 53 54 55 56 57 58 59 60 61 62 63 64 65 66 67 68 69 70 71 72 73 74 75 76 77 78 79 80 81 82 83 84 85 86 87 88 89 90 91 92 93 94 95 96 97 98 99 100 
502
1 2
1 3
1 4
1 37
1 6
1 7
1 8
1 9
1 10
1 11
1 12
1 52
1 5
2 40
2 1
2 4
2 38
3 1
3 74
3 43
3 77
3 7
4 40
4 1
4 2
4 38
5 1
5 26
5 35
5 61
6 41
6 19
6 76
6 51
6 1
7 1
7 3
7 38
7 74
7 43
7 77
8 17
8 1
8 25
9 1
9 53
9 78
9 23
10 73
10 82
10 1
10 50
10 49
11 1
11 99
11 52
11 37
12 1
12 67
12 69
12 70
12 48
12 93
13 32
13 33
13 75
13 22
14 64
14 21
14 46
15 42
15 59
15 29
15 30
16 63
16 62
16 55
17 8
17 25
18 97
18 34
18 100
18 98
18 56
18 88
18 90
18 91
18 31
19 40
19 41
19 51
19 76
19 6
20 24
20 68
20 60
20 54
21 64
21 14
21 46
22 32
22 33
22 75
22 13
23 9
23 53
23 78
24 20
24 68
24 54
24 60
25 8
25 17
26 35
26 5
27 44
27 58
27 36
27 66
28 65
28 99
28 39
28 35
28 85
28 87
28 89
28 95
29 42
29 59
29 30
29 15
30 42
30 59
30 29
30 15
31 97
31 98
31 100
31 34
31 18
31 56
31 90
31 91
32 33
32 75
32 13
32 22
33 32
33 75
33 13
33 22
34 97
34 98
34 100
34 18
34 56
34 90
34 91
34 31
35 26
35 28
35 5
36 66
36 27
36 44
37 1
37 11
37 52
37 78
38 40
38 2
38 4
38 7
39 65
39 99
39 85
39 87
39 89
39 28
39 95
40 2
40 19
40 4
40 38
41 19
41 51
41 76
41 6
42 45
42 59
42 29
42 30
42 15
43 74
43 3
43 52
43 77
43 7
44 66
44 27
44 36
45 42
45 58
45 61
46 64
46 21
46 14
47 96
47 71
47 81
47 86
47 92
47 93
47 94
48 67
48 12
48 69
48 70
48 93
49 73
49 50
49 10
49 82
50 49
50 82
50 10
50 73
51 41
51 19
51 76
51 6
52 1
52 11
52 37
52 43
53 9
53 78
53 23
54 24
54 68
54 60
54 20
55 16
55 62
55 63
56 97
56 98
56 100
56 34
56 18
56 90
56 91
56 31
57 72
57 79
57 80
57 83
57 84
57 88
58 27
58 61
58 45
59 42
59 29
59 30
59 15
60 24
60 68
60 20
60 54
61 58
61 5
61 45
62 16
62 63
62 55
63 16
63 94
63 62
63 55
64 46
64 21
64 14
65 99
65 39
65 85
65 87
65 89
65 28
65 95
66 44
66 27
66 36
67 48
67 12
67 69
67 70
67 93
68 24
68 60
68 20
68 54
69 48
69 67
69 12
69 93
69 70
70 48
70 67
70 12
70 69
70 93
71 96
71 47
71 81
71 86
71 92
71 94
72 79
72 80
72 83
72 84
72 88
72 57
73 49
73 10
73 82
73 50
74 43
74 3
74 77
74 7
75 32
75 33
75 13
75 22
76 41
76 19
76 6
76 51
77 43
77 74
77 3
77 7
78 9
78 53
78 37
78 23
79 72
79 80
79 82
79 83
79 84
79 88
79 57
80 72
80 79
80 83
80 84
80 88
80 57
81 96
81 71
81 47
81 86
81 92
81 94
82 49
82 10
82 79
82 50
82 73
83 72
83 79
83 80
83 84
83 88
83 57
84 72
84 79
84 80
84 83
84 88
84 57
85 65
85 99
85 39
85 87
85 89
85 28
85 95
86 96
86 71
86 47
86 81
86 92
86 94
87 65
87 99
87 39
87 85
87 89
87 90
87 28
87 95
88 72
88 79
88 80
88 18
88 83
88 84
88 57
89 65
89 99
89 39
89 85
89 87
89 28
89 95
90 97
90 98
90 100
90 34
90 18
90 87
90 56
90 91
90 31
91 97
91 98
91 100
91 34
91 18
91 56
91 90
91 31
92 96
92 71
92 47
92 81
92 86
92 94
93 67
93 69
93 70
93 12
93 47
93 48
94 96
94 71
94 47
94 81
94 86
94 92
94 63
95 65
95 99
95 39
95 85
95 87
95 89
95 28
96 100
96 71
96 47
96 81
96 86
96 92
96 94
97 98
97 100
97 34
97 18
97 56
97 90
97 91
97 31
98 97
98 34
98 100
98 18
98 56
98 90
98 91
98 31
99 65
99 39
99 11
99 85
99 87
99 89
99 28
99 95
100 96
100 97
100 34
100 98
100 18
100 56
100 90
100 91
100 31
101 102 103 104 105 106 107 108 109 110 111 112 113 114 115 116 117 118 119 120 121 122 123 124 125 126 127 128 129 130 131 132 133 134 135 136 137 138 139 140 141 142 143 144 145 146 147 148 149 150 151 152 153 154 155 156 157 158 159 160 161 162 163 164 165 166 167 168 169 170 171 172 173 174 175 176 177 178 179 180 181 182 183 184 185 186 187 188 189 190 191 192 193 194 195 196 197 198 199 200 
502
101 102
101 103
101 104
101 137
101 106
101 107
101 108
101 109
101 110
101 111
101 112
101 105
101 152
102 104
102 138
102 140
102 101
103 177
103 107
103 101
103 174
103 143
104 138
104 140
104 101
104 102
105 161
105 101
105 126
105 135
106 176
106 119
106 101
106 141
106 151
107 101
107 103
107 138
107 174
107 143
107 177
108 101
108 117
108 125
109 153
109 178
109 123
109 101
110 101
110 150
110 173
110 182
110 149
111 152
111 137
111 101
111 199
112 193
112 101
112 167
112 169
112 170
112 148
113 122
113 132
113 133
113 175
114 121
114 146
114 164
115 129
115 130
115 142
115 159
116 162
116 155
116 163
117 108
117 125
118 198
118 131
118 197
118 134
118 200
118 188
118 156
118 190
118 191
119 176
119 106
119 140
119 141
119 151
120 160
120 168
120 154
120 124
121 146
121 164
121 114
122 113
122 132
122 133
122 175
123 153
123 178
123 109
124 168
124 120
124 154
124 160
125 108
125 117
126 105
126 135
127 136
127 144
127 166
127 158
128 195
128 165
128 199
128 139
128 185
128 187
128 135
128 189
129 130
129 115
129 142
129 159
130 129
130 115
130 142
130 159
131 197
131 134
131 198
131 200
131 118
131 156
131 190
131 191
132 113
132 122
132 133
132 175
133 113
133 122
133 132
133 175
134 131
134 197
134 198
134 200
134 118
134 156
134 190
134 191
135 128
135 105
135 126
136 144
136 166
136 127
137 152
137 178
137 101
137 111
138 104
138 107
138 140
138 102
139 128
139 195
139 165
139 199
139 185
139 187
139 189
140 104
140 138
140 102
140 119
141 176
141 106
141 119
141 151
142 129
142 145
142 130
142 115
142 159
143 152
143 177
143 107
143 174
143 103
144 136
144 166
144 127
145 161
145 158
145 142
146 121
146 114
146 164
147 192
147 193
147 194
147 196
147 171
147 181
147 186
148 112
148 169
148 193
148 170
148 167
149 110
149 173
149 150
149 182
150 110
150 149
150 182
150 173
151 176
151 106
151 141
151 119
152 137
152 143
152 101
152 111
153 178
153 123
153 109
154 160
154 168
154 124
154 120
155 162
155 163
155 116
156 131
156 197
156 198
156 200
156 190
156 118
156 134
156 191
157 172
157 179
157 180
157 183
157 184
157 188
158 145
158 161
158 127
159 129
159 130
159 115
159 142
160 120
160 168
160 154
160 124
161 105
161 158
161 145
162 155
162 116
162 163
163 162
163 155
163 116
163 194
164 121
164 114
164 146
165 128
165 195
165 199
165 139
165 185
165 187
165 189
166 136
166 144
166 127
167 112
167 169
167 170
167 148
167 193
168 120
168 160
168 154
168 124
169 112
169 193
169 170
169 148
169 167
170 112
170 169
170 193
170 148
170 167
171 192
171 194
171 196
171 147
171 181
171 186
172 179
172 180
172 183
172 184
172 188
172 157
173 182
173 149
173 110
173 150
174 177
174 107
174 143
174 103
175 113
175 122
175 132
175 133
176 106
176 151
176 141
176 119
177 107
177 143
177 174
177 103
178 137
178 123
178 109
178 153
179 172
179 180
179 182
179 183
179 184
179 188
179 157
180 172
180 179
180 183
180 184
180 188
180 157
181 192
181 194
181 196
181 171
181 147
181 186
182 179
182 150
182 149
182 110
182 173
183 172
183 179
183 180
183 184
183 188
183 157
184 172
184 179
184 180
184 183
184 188
184 157
185 128
185 195
185 165
185 199
185 139
185 187
185 189
186 192
186 194
186 196
186 171
186 147
186 181
187 128
187 195
187 165
187 199
187 139
187 185
187 189
187 190
188 172
188 179
188 180
188 118
188 183
188 184
188 157
189 128
189 195
189 165
189 199
189 139
189 185
189 187
190 131
190 197
190 198
190 200
190 118
190 187
190 156
190 134
190 191
191 131
191 197
191 198
191 200
191 118
191 134
191 156
191 190
192 194
192 196
192 171
192 147
192 181
192 186
193 167
193 169
193 170
193 112
193 147
193 148
194 192
194 163
194 196
194 171
194 147
194 181
194 186
195 128
195 165
195 199
195 139
195 185
195 187
195 189
196 192
196 194
196 200
196 171
196 147
196 181
196 186
197 131
197 134
197 198
197 200
197 118
197 156
197 190
197 191
198 131
198 197
198 134
198 200
198 118
198 156
198 190
198 191
199 128
199 195
199 165
199 139
199 111
199 185
199 187
199 189
200 131
200 196
200 197
200 198
200 118
200 134
200 156
200 190
200 191
1
1 2
172
2 114
3 192
3 187
3 126
4 192
4 146
4 194
4 126
7 196
8 178
8 138
9 188
9 117
11 126
12 129
13 134
15 155
15 140
17 153
17 123
18 154
20 116
21 184
21 101
22 200
22 118
23 108
24 116
27 128
27 195
30 138
32 131
34 168
37 192
37 105
37 196
38 140
38 164
38 126
42 102
43 194
43 147
44 192
44 114
44 139
44 187
45 184
45 180
45 134
46 152
48 123
48 115
52 105
54 162
59 102
60 155
61 172
61 140
61 188
61 157
64 137
64 180
66 185
66 123
66 189
67 142
71 196
71 143
74 186
75 128
75 190
75 191
78 108
81 177
90 154
91 120
91 116
92 160
92 174
93 152
93 130
94 103
96 103
97 120
100 160
100 164
101 21
102 42
102 59
103 96
103 94
105 52
105 37
108 78
108 23
114 2
114 44
115 48
116 24
116 91
116 20
117 9
118 22
120 97
120 91
123 48
123 17
123 66
126 3
126 11
126 4
126 38
128 75
128 27
129 12
130 93
131 32
134 13
134 45
137 64
138 8
138 30
139 44
140 61
140 38
140 15
142 67
143 71
146 4
147 43
152 93
152 46
153 17
154 90
154 18
155 60
155 15
157 61
160 92
160 100
162 54
164 100
164 38
168 34
172 61
174 92
177 81
178 8
180 64
180 45
184 45
184 21
185 66
186 74
187 3
187 44
188 9
188 61
189 66
190 75
191 75
192 4
192 3
192 44
192 37
194 43
194 4
195 27
196 71
196 37
196 7
200 22
26
160 97 34 100 168 98 120 18 56 90 91 124 154 31  
102 104 42 140 15 138 59 29 30  
1 37 135 105 11 52 126  
9 108 78 117 23 125 53  
128 66 187 36 165 199 139 44 195 185 27 189  
96 107 71 177 103 174 47 81 86 143 92 94  
64 101 137 14 46 111 21 152  
162 163 68 20 54 24 116 155 60  
129 130 67 69 70 12 142 48 115 93 159  
172 45 61 179 180 183 184 58 188 157  
32 33 197 131 22 134 200 75 13 118 198 156 190 191  
192 194 3 196 7 74 43 77 147 171 186 181  
8 109 17 178 25 153 123  
2 164 4 38 40 146 114 121  
72 79 80 83 84 88 57  
16 63 62 55  
49 10 82 50 73  
65 99 39 85 87 89 28 95  
41 19 76 6 51  
26 35 5  
136 144 166 127  
173 182 149 110 150  
193 167 169 170 112 148  
145 158 161  
113 122 132 133 175  
176 106 151 141 119  
