18 185.0
42 170.0
42 169.0
18 150.0
56 119.0
72 174.0
88 125.0
63 136.0
36 165.0
19 141.0
25 133.0
53 165.0
97 158.0
10 115.0
99 115.0
61 158.0
69 144.0
60 118.0
75 118.0
50 144.0
86 105.0
83 178.0
5 186.0
77 183.0
15 189.0
4 175.0
49 170.0
40 138.0
68 120.0
16 121.0
20 145.0
22 146.0
52 109.0
54 143.0
39 161.0
49 132.0
10 187.0
97 173.0
56 133.0
99 133.0
75 169.0
83 150.0
60 105.0
25 118.0
60 141.0
10 183.0
75 136.0
99 141.0
83 185.0
36 174.0
75 125.0
18 186.0
69 158.0
72 183.0
53 169.0
19 185.0
86 165.0
42 158.0
36 136.0
72 118.0
