23 110
59 102
72 125
63 125
46 110
1 106
43 128
62 122
40 122
10 162
13 101
2 145
10 140
53 119
51 126
55 107
24 126
93 180
14 181
70 196
78 190
86 142
14 104
5 165
28 178
22 156
28 186
5 193
33 134
37 133
32 135
34 132
73 115
44 153
42 151
88 155
98 153
4 115
57 197
66 183
67 147
41 189
38 152
66 171
76 148
71 160
47 154
75 169
89 154
52 169
64 167
82 174
61 141
91 100
18 157
60 163
29 146
54 192
69 172
69 159
62 148
1 102
57 174
61 147
28 192
47 119
33 178
61 102
29 122
55 128
42 102
55 132
24 135
22 119
38 196
38 160
51 148
28 151
29 167
76 122
28 189
75 178
76 153
66 181
57 163
33 172
13 142
98 106
63 189
13 148
76 140
41 128
62 171
34 167
38 115
13 133
86 110
29 181
89 135
41 119
4 128
69 133
72 140
78 145
33 193
53 163
24 197
24 100
91 154
5 132
88 193
14 145
70 125
71 189
28 125
53 171
61 153
41 115
43 152
52 153
53 151
1 147
38 140
54 183
28 190
75 171
75 156
82 125
89 146
67 154
10 153
28 160
47 151
88 190
37 140
34 169
14 152
60 122
59 107
2 171
28 132
98 165
34 163
86 106
59 169
5 189
63 101
51 152
23 152
23 128
