98 185.0
60 171.0
68 191.0
99 169.0
57 108.0
38 104.0
36 160.0
4 197.0
4 183.0
36 168.0
16 126.0
79 144.0
13 162.0
21 153.0
51 190.0
69 132.0
14 156.0
87 112.0
44 130.0
26 103.0
42 140.0
53 138.0
31 148.0
52 179.0
88 148.0
59 172.0
47 189.0
77 196.0
25 189.0
30 134.0
33 163.0
84 147.0
82 177.0
73 192.0
73 125.0
90 104.0
63 170.0
20 198.0
16 106.0
35 141.0
80 173.0
73 132.0
26 153.0
84 138.0
87 126.0
30 147.0
52 126.0
73 172.0
60 144.0
73 126.0
21 132.0
84 103.0
21 197.0
53 126.0
13 134.0
51 103.0
87 179.0
82 153.0
84 190.0
79 153.0
52 134.0
30 108.0
69 168.0
73 191.0
21 196.0
53 130.0
36 147.0
4 185.0
36 196.0
52 156.0
30 140.0
26 191.0
42 179.0
73 140.0
53 134.0
4 163.0
21 134.0
87 134.0
36 104.0
57 160.0
59 160.0
82 162.0
36 163.0
60 148.0
51 147.0
30 171.0
26 112.0
44 189.0
16 104.0
51 126.0
21 190.0
21 185.0
25 148.0
25 130.0
42 163.0
52 153.0
4 103.0
30 144.0
36 162.0
13 197.0
69 177.0
82 130.0
53 156.0
69 138.0
4 162.0
13 163.0
38 192.0
16 130.0
36 112.0
13 148.0
33 153.0
36 125.0
98 189.0
4 140.0
26 162.0
99 144.0
33 177.0
57 177.0
47 138.0
99 163.0
79 192.0
26 183.0
36 189.0
84 140.0
44 132.0
77 177.0
79 179.0
87 169.0
99 108.0
47 132.0
60 153.0
30 130.0
68 162.0
73 179.0
77 144.0
53 148.0
44 112.0
79 163.0
42 191.0
79 190.0
84 134.0
31 169.0
21 163.0
26 140.0
98 148.0
13 140.0
87 153.0
47 103.0
73 112.0
21 130.0
47 104.0
79 138.0
21 192.0
84 163.0
44 148.0
53 104.0
69 104.0
73 183.0
38 103.0
16 140.0
47 162.0
16 163.0
84 108.0
73 169.0
44 168.0
36 156.0
42 134.0
47 169.0
36 108.0
44 140.0
47 108.0
30 104.0
53 168.0
47 185.0
60 156.0
