97 184
59 170
67 190
98 168
56 107
37 103
35 159
3 196
3 182
35 167
15 125
78 143
12 161
20 152
50 189
68 131
13 155
86 111
43 129
25 102
41 139
52 137
30 147
51 178
87 147
58 171
46 188
76 195
24 188
29 133
32 162
83 146
81 176
72 191
72 124
89 103
62 169
19 197
15 105
34 140
79 172
72 131
25 152
83 137
86 125
29 146
51 125
72 171
59 143
72 125
20 131
83 102
20 196
52 125
12 133
50 102
86 178
81 152
83 189
78 152
51 133
29 107
68 167
72 190
20 195
52 129
35 146
3 184
35 195
51 155
29 139
25 190
41 178
72 139
52 133
3 162
20 133
86 133
35 103
56 159
58 159
81 161
35 162
59 147
50 146
29 170
25 111
43 188
15 103
50 125
20 189
20 184
24 147
24 129
41 162
51 152
3 102
29 143
35 161
12 196
68 176
81 129
52 155
68 137
3 161
12 162
37 191
15 129
35 111
12 147
32 152
35 124
97 188
3 139
25 161
98 143
32 176
56 176
46 137
98 162
78 191
25 182
35 188
83 139
43 131
76 176
78 178
86 168
98 107
46 131
59 152
29 129
67 161
72 178
76 143
52 147
43 111
78 162
41 190
78 189
83 133
30 168
20 162
25 139
97 147
12 139
86 152
46 102
72 111
20 129
46 103
78 137
20 191
83 162
43 147
52 103
68 103
72 182
37 102
15 139
46 161
15 162
83 107
72 168
43 167
35 155
41 133
46 168
35 107
43 139
46 107
29 103
52 167
46 184
59 155
