2
1 2 3 4 5 6 7 8 9 10 11 12 13 14 15 16 17 18 19 20 21 22 23 24 25 26 27 28 29 30 31 32 33 34 35 36 37 38 39 40 41 42 43 44 45 46 47 48 49 50 51 52 53 54 55 56 57 58 59 60 61 62 63 64 65 66 67 68 69 70 71 72 73 74 75 76 77 78 79 80 81 82 83 84 85 86 87 88 89 90 91 92 93 94 95 96 97 98 99 100 
190
60 92
71 95
73 78
74 91
78 73
80 97
80 98
80 99
80 88
80 92
80 93
81 96
81 97
81 98
81 83
81 85
81 86
81 87
81 88
81 92
81 93
82 100
82 84
82 90
82 91
82 94
82 95
83 96
83 97
83 98
83 99
83 81
83 87
83 89
83 92
83 93
84 100
84 82
84 86
84 90
84 91
84 94
84 95
85 96
85 97
85 98
85 99
85 81
85 86
85 87
85 88
85 89
85 92
86 96
86 97
86 98
86 99
86 81
86 84
86 85
86 88
86 89
86 92
87 96
87 97
87 98
87 99
87 81
87 83
87 85
87 88
87 89
87 92
87 93
88 96
88 97
88 99
88 80
88 81
88 85
88 86
88 87
88 89
88 92
88 93
89 96
89 98
89 99
89 83
89 85
89 86
89 87
89 88
89 92
89 93
90 100
90 82
90 84
90 91
90 94
90 95
91 100
91 74
91 82
91 84
91 90
91 94
91 95
92 97
92 98
92 99
92 80
92 81
92 83
92 85
92 86
92 87
92 88
92 89
92 60
93 96
93 99
93 80
93 81
93 83
93 87
93 88
93 89
94 100
94 82
94 84
94 90
94 91
94 95
95 100
95 71
95 82
95 84
95 90
95 91
95 94
96 98
96 99
96 81
96 83
96 85
96 86
96 87
96 88
96 89
96 93
97 98
97 99
97 80
97 81
97 83
97 85
97 86
97 87
97 88
97 92
98 96
98 97
98 99
98 80
98 81
98 83
98 85
98 86
98 87
98 89
98 92
99 96
99 97
99 98
99 80
99 83
99 85
99 86
99 87
99 88
99 89
99 92
99 93
100 82
100 84
100 90
100 91
100 94
100 95
101 102 103 104 105 106 107 108 109 110 111 112 113 114 115 116 117 118 119 120 121 122 123 124 125 126 127 128 129 130 131 132 133 134 135 136 137 138 139 140 141 142 143 144 145 146 147 148 149 150 151 152 153 154 155 156 157 158 159 160 161 162 163 164 165 166 167 168 169 170 171 172 173 174 175 176 177 178 179 180 181 182 183 184 185 186 187 188 189 190 191 192 193 194 195 196 197 198 199 200 
114
173 178
174 191
178 173
184 186
185 192
185 196
185 197
185 198
185 199
185 187
185 188
185 189
186 192
186 196
186 197
186 198
186 199
186 184
186 188
186 189
187 192
187 193
187 196
187 197
187 199
187 185
187 188
187 189
187 198
188 192
188 193
188 196
188 197
188 199
188 185
188 186
188 187
188 189
189 192
189 193
189 187
189 196
189 198
189 199
189 185
189 186
189 188
190 194
190 195
190 200
190 191
191 194
191 195
191 200
191 174
191 190
192 197
192 198
192 199
192 185
192 186
192 187
192 188
192 189
193 196
193 199
193 187
193 188
193 189
194 195
194 200
194 190
194 191
195 194
195 200
195 190
195 191
196 193
196 198
196 199
196 185
196 186
196 187
196 188
196 189
197 192
197 198
197 199
197 185
197 186
197 187
197 188
198 192
198 196
198 197
198 199
198 186
198 187
198 189
198 185
199 192
199 193
199 196
199 197
199 185
199 186
199 187
199 188
199 189
199 198
200 194
200 195
200 190
200 191
1
1 2
76
129 80
129 66
135 98
135 99
136 55
11 150
11 119
141 72
152 18
18 152
18 184
67 180
67 198
20 200
150 11
150 51
24 184
24 176
24 191
154 61
154 55
156 57
157 56
34 176
34 116
163 19
37 118
169 57
169 19
42 125
44 181
45 110
176 24
176 34
49 195
49 198
178 90
51 150
180 67
181 44
55 136
55 154
56 157
57 169
57 156
61 154
191 24
66 129
195 49
198 49
198 67
200 20
13 127
80 129
184 24
184 18
86 116
185 19
185 91
90 178
91 185
97 116
98 135
99 135
110 45
19 169
19 163
19 185
116 97
116 34
116 86
118 37
119 11
72 141
125 42
127 13
9
4 5 7 138 141 15 144 20 24 155 28 160 167 173 49 53 182 184 62 191 194 195 71 72 75 190 103 117 200  
161 33 164 132 150 142 9 147 174 45 110 143 51 57 54 23 25 26 156 122 31  
32 64 131 133 125 10 43 109 61 47 157 145 50 74 22 151 56 154 123 42 126  
3 136 17 166 41 170 44 178 179 180 181 55 185 186 187 60 189 192 193 67 196 197 198 199 73 183 82 84 90 91 94 95 100 38 188  
1 130 6 8 140 18 19 152 27 158 159 48 34 163 165 168 169 176 177 12 146 121  
112 2 35 37 134 39 106 11 108 13 14 16 148 118 119 127 29 101  
129 135 137 139 36 66 70 78 79 80 81 83 85 86 87 88 89 92 93 96 97 98 99 102 111 113 114 116  
65 68 69 40 76 77 46 52 21 58 59 30 63  
128 162 171 104 105 107 172 175 115 149 120 153 124  
