44 114.0
2 151.0
94 136.0
78 135.0
66 135.0
87 136.0
21 129.0
12 106.0
23 147.0
31 164.0
23 193.0
31 173.0
42 137.0
1 156.0
40 137.0
53 105.0
84 189.0
76 145.0
100 191.0
47 195.0
64 199.0
24 139.0
3 190.0
14 161.0
16 141.0
25 135.0
22 172.0
28 191.0
35 163.0
33 163.0
82 160.0
5 147.0
89 157.0
96 142.0
18 114.0
62 172.0
49 104.0
69 101.0
100 102.0
75 150.0
37 120.0
55 128.0
29 178.0
79 186.0
53 171.0
75 112.0
22 132.0
78 140.0
84 158.0
62 176.0
6 200.0
31 172.0
38 119.0
35 162.0
11 118.0
54 169.0
53 161.0
23 164.0
44 151.0
21 106.0
1 137.0
42 156.0
40 156.0
87 135.0
53 189.0
100 189.0
78 136.0
2 114.0
94 135.0
84 191.0
12 129.0
53 145.0
31 147.0
