43 113
1 150
93 135
77 134
65 134
86 135
20 128
11 105
22 146
30 163
22 192
30 172
41 136
0 155
39 136
52 104
83 188
75 144
99 190
46 194
63 198
23 138
2 189
13 160
15 140
24 134
21 171
27 190
34 162
32 162
81 159
4 146
88 156
95 141
17 113
61 171
48 103
68 100
99 101
74 149
36 119
54 127
28 177
78 185
52 170
74 111
21 131
77 139
83 157
61 175
5 199
30 171
37 118
34 161
10 117
53 168
52 160
22 163
43 150
20 105
0 136
41 155
39 155
86 134
52 188
99 188
77 135
1 113
93 134
83 190
11 128
52 144
30 146
