62 190
40 104
43 198
45 173
62 144
43 142
89 106
47 105
71 122
52 122
99 106
84 105
42 164
81 195
80 161
44 194
88 179
90 179
3 183
46 123
63 109
13 192
2 187
15 129
55 150
19 192
21 160
56 117
85 118
70 156
8 167
9 194
5 154
28 169
34 119
58 109
57 167
0 108
94 136
17 171
95 119
12 140
60 128
30 187
6 163
76 103
25 143
16 140
23 125
28 113
35 151
24 153
15 121
59 127
35 165
10 178
78 185
35 109
67 108
23 134
92 158
78 166
86 174
84 147
55 176
8 199
92 154
41 160
88 164
43 104
45 142
81 164
40 173
42 161
52 106
84 106
40 198
42 195
40 144
52 105
89 105
43 144
84 122
88 161
43 190
80 195
47 122
90 194
81 161
80 164
88 195
88 194
43 173
71 106
90 164
45 144
40 190
42 194
44 195
80 179
44 164
80 194
71 105
44 179
62 104
