5 135
33 194
25 166
57 124
57 118
29 105
36 125
27 157
12 133
21 151
8 184
48 174
48 138
21 159
8 195
62 122
90 144
42 131
55 139
87 139
52 117
24 141
94 128
66 141
35 117
99 121
96 108
26 102
60 108
89 102
9 121
56 102
88 186
63 179
79 188
80 116
34 167
83 115
53 120
11 153
70 110
72 170
69 106
75 123
74 130
49 140
38 140
59 106
85 192
82 142
78 191
50 162
77 171
6 156
19 196
32 193
30 109
32 189
19 197
30 126
29 128
24 123
29 115
57 106
6 139
38 191
8 141
48 157
62 102
75 197
85 102
50 102
24 116
53 109
32 171
