25 120
24 138
24 157
26 105
86 148
70 148
28 136
44 161
42 164
74 134
67 134
75 183
83 189
82 107
18 107
72 113
46 114
87 120
43 191
40 164
11 198
20 134
33 109
58 114
12 133
29 158
51 103
50 172
21 146
42 101
83 145
63 102
5 110
36 177
96 178
25 165
51 142
40 188
16 198
83 107
25 107
18 189
83 148
26 164
42 134
24 136
24 134
74 161
28 148
28 107
26 134
24 105
83 161
28 134
86 183
44 105
82 161
70 164
82 120
18 161
75 136
44 148
18 105
28 183
70 189
26 148
82 183
28 138
74 120
75 157
28 105
86 107
75 148
67 138
42 183
