58 143.0
34 193.0
15 188.0
66 163.0
34 159.0
29 119.0
42 174.0
1 195.0
1 125.0
29 162.0
32 127.0
8 155.0
40 110.0
23 198.0
32 190.0
40 157.0
23 161.0
48 144.0
89 101.0
64 142.0
17 144.0
87 101.0
84 150.0
12 196.0
71 175.0
21 169.0
16 160.0
12 176.0
76 128.0
85 137.0
50 130.0
70 146.0
96 128.0
60 130.0
78 133.0
83 131.0
5 120.0
38 124.0
51 131.0
65 166.0
7 115.0
41 126.0
33 106.0
46 195.0
3 197.0
88 187.0
19 159.0
10 106.0
30 147.0
75 140.0
83 181.0
32 154.0
51 183.0
7 195.0
29 101.0
51 125.0
15 195.0
85 142.0
41 125.0
34 137.0
96 159.0
29 160.0
12 159.0
50 127.0
32 143.0
5 163.0
38 142.0
8 124.0
48 176.0
60 169.0
83 196.0
65 143.0
48 120.0
41 188.0
32 106.0
58 162.0
5 190.0
33 188.0
71 106.0
96 188.0
89 110.0
15 157.0
96 125.0
65 119.0
50 115.0
50 150.0
17 159.0
71 128.0
15 161.0
42 142.0
5 196.0
48 128.0
83 137.0
76 195.0
8 142.0
34 119.0
38 150.0
21 124.0
32 159.0
58 169.0
34 142.0
78 126.0
42 128.0
5 115.0
5 127.0
7 142.0
42 188.0
41 146.0
40 174.0
42 126.0
71 119.0
41 120.0
76 126.0
16 131.0
64 137.0
33 160.0
17 137.0
7 124.0
85 106.0
58 195.0
83 162.0
41 198.0
87 163.0
89 120.0
21 163.0
32 124.0
15 128.0
60 142.0
33 120.0
7 188.0
64 163.0
23 126.0
64 119.0
84 163.0
78 150.0
7 155.0
76 125.0
58 150.0
40 124.0
42 120.0
83 126.0
1 161.0
51 128.0
17 125.0
7 128.0
78 162.0
34 125.0
89 115.0
87 190.0
16 101.0
78 115.0
66 110.0
66 146.0
29 120.0
84 157.0
50 159.0
65 174.0
51 127.0
58 146.0
32 176.0
1 175.0
65 159.0
76 115.0
17 174.0
51 115.0
42 144.0
50 161.0
87 188.0
66 162.0
42 159.0
50 174.0
60 195.0
7 131.0
33 119.0
41 163.0
66 101.0
32 144.0
21 106.0
76 120.0
84 146.0
32 126.0
71 142.0
16 146.0
17 130.0
66 166.0
87 157.0
12 161.0
87 119.0
51 130.0
85 188.0
17 161.0
60 124.0
7 133.0
38 101.0
89 137.0
21 146.0
65 137.0
5 169.0
12 115.0
50 106.0
64 131.0
85 162.0
42 146.0
70 125.0
12 166.0
41 157.0
64 196.0
48 160.0
33 124.0
8 163.0
16 120.0
78 166.0
5 101.0
42 106.0
33 142.0
