45 183
51 172
54 141
95 192
89 160
57 121
85 134
73 179
97 188
55 197
84 173
79 155
88 184
81 103
6 158
36 116
17 143
70 116
62 198
53 165
47 168
5 139
62 175
47 114
53 124
5 196
8 111
2 122
37 128
69 178
56 166
10 107
32 186
40 176
0 164
40 177
0 159
66 109
78 120
28 113
11 120
22 113
86 195
77 127
76 161
25 189
7 151
64 157
82 110
71 100
94 140
99 132
33 100
91 110
74 187
98 149
68 193
24 112
96 150
39 190
75 163
67 149
20 133
9 199
42 126
20 194
9 191
42 171
21 170
60 130
83 106
41 117
44 136
92 170
43 122
87 104
23 186
29 147
66 108
80 123
79 113
89 127
0 116
10 173
9 159
68 178
57 113
99 151
91 193
74 158
6 160
32 112
71 175
