32 163.0
100 102.0
37 134.0
56 163.0
86 134.0
97 159.0
55 194.0
99 147.0
75 193.0
68 177.0
97 101.0
49 130.0
4 133.0
8 130.0
79 189.0
35 188.0
61 180.0
43 170.0
61 152.0
14 164.0
69 107.0
91 139.0
87 120.0
85 164.0
9 113.0
24 106.0
26 121.0
5 104.0
34 136.0
2 108.0
45 178.0
17 142.0
62 153.0
53 162.0
64 143.0
41 116.0
39 161.0
7 135.0
88 119.0
31 144.0
80 126.0
72 119.0
70 144.0
3 137.0
30 186.0
30 132.0
3 146.0
30 156.0
84 167.0
82 158.0
74 157.0
81 138.0
67 180.0
23 191.0
28 119.0
59 197.0
100 197.0
2 150.0
5 169.0
94 114.0
53 174.0
97 113.0
43 136.0
8 177.0
3 134.0
4 147.0
72 157.0
32 159.0
75 119.0
3 126.0
3 180.0
9 177.0
39 163.0
87 108.0
39 152.0
88 153.0
72 121.0
53 108.0
9 157.0
49 167.0
84 104.0
61 146.0
24 188.0
49 104.0
2 120.0
5 164.0
49 170.0
99 163.0
43 162.0
86 108.0
70 106.0
53 134.0
24 126.0
97 106.0
64 107.0
61 162.0
14 130.0
24 102.0
61 120.0
2 133.0
34 147.0
43 137.0
70 163.0
37 119.0
56 178.0
45 194.0
100 159.0
31 143.0
3 108.0
30 130.0
62 144.0
3 157.0
56 158.0
69 178.0
31 156.0
30 157.0
2 189.0
7 180.0
39 164.0
2 167.0
5 133.0
45 144.0
7 170.0
88 130.0
7 126.0
45 133.0
74 170.0
69 134.0
70 178.0
3 161.0
37 144.0
4 126.0
4 108.0
82 119.0
17 119.0
9 139.0
80 143.0
74 188.0
79 119.0
24 144.0
79 130.0
99 162.0
88 152.0
37 147.0
55 136.0
5 157.0
61 143.0
34 177.0
64 119.0
26 120.0
3 159.0
14 126.0
39 134.0
70 153.0
100 188.0
2 156.0
9 163.0
30 106.0
24 178.0
34 158.0
34 137.0
9 108.0
7 113.0
45 130.0
81 193.0
43 161.0
37 136.0
26 102.0
37 189.0
62 102.0
4 121.0
4 159.0
31 107.0
74 133.0
53 188.0
82 130.0
34 153.0
24 147.0
30 104.0
31 180.0
55 186.0
14 143.0
3 138.0
84 113.0
30 158.0
72 162.0
100 157.0
81 116.0
24 158.0
26 170.0
72 134.0
87 126.0
91 106.0
72 158.0
24 133.0
4 106.0
61 167.0
100 119.0
41 130.0
85 130.0
3 139.0
49 156.0
62 107.0
32 108.0
43 126.0
7 138.0
8 101.0
32 153.0
2 106.0
4 153.0
41 177.0
26 133.0
87 133.0
80 120.0
64 146.0
99 119.0
9 133.0
86 133.0
91 137.0
53 106.0
8 152.0
97 178.0
49 119.0
56 106.0
99 107.0
72 189.0
87 186.0
3 133.0
14 108.0
53 138.0
97 108.0
34 167.0
41 133.0
61 161.0
5 116.0
24 162.0
39 126.0
72 152.0
86 139.0
70 167.0
79 108.0
56 120.0
56 107.0
99 157.0
62 138.0
62 193.0
62 170.0
53 157.0
81 106.0
34 134.0
37 106.0
39 167.0
64 167.0
91 126.0
99 178.0
39 144.0
4 152.0
62 134.0
37 133.0
24 107.0
