63 108.0
59 140.0
72 108.0
91 140.0
57 146.0
100 130.0
90 130.0
97 146.0
80 149.0
17 109.0
68 149.0
87 109.0
84 176.0
12 152.0
16 169.0
84 150.0
70 178.0
75 151.0
52 179.0
60 182.0
33 194.0
24 127.0
41 200.0
24 197.0
15 180.0
66 155.0
29 193.0
44 170.0
46 121.0
37 148.0
22 167.0
9 174.0
14 161.0
67 123.0
19 197.0
45 109.0
32 122.0
82 161.0
77 148.0
51 153.0
70 106.0
16 166.0
20 144.0
89 101.0
32 143.0
48 163.0
5 156.0
77 195.0
76 174.0
32 153.0
27 148.0
85 180.0
82 189.0
32 184.0
82 112.0
7 107.0
66 131.0
87 146.0
52 130.0
59 130.0
