46 168.0
86 150.0
12 160.0
76 198.0
57 102.0
38 127.0
49 196.0
8 188.0
49 180.0
48 132.0
35 200.0
48 137.0
35 186.0
17 171.0
42 195.0
42 185.0
17 166.0
52 107.0
31 154.0
89 107.0
93 140.0
28 122.0
77 140.0
29 122.0
33 124.0
30 109.0
65 104.0
74 108.0
84 104.0
83 194.0
50 191.0
10 125.0
71 171.0
51 190.0
24 144.0
5 161.0
54 195.0
79 161.0
97 123.0
20 145.0
44 125.0
75 128.0
68 111.0
36 182.0
89 198.0
49 124.0
93 195.0
17 127.0
57 150.0
31 127.0
17 198.0
8 171.0
93 154.0
33 171.0
89 132.0
30 107.0
49 109.0
49 154.0
28 166.0
31 122.0
17 107.0
28 188.0
30 127.0
84 154.0
29 137.0
76 122.0
84 166.0
93 107.0
30 102.0
17 168.0
42 154.0
28 124.0
46 140.0
52 102.0
89 124.0
52 160.0
33 127.0
49 108.0
52 196.0
49 127.0
89 186.0
42 107.0
77 198.0
33 180.0
29 124.0
8 108.0
65 160.0
38 185.0
84 127.0
29 127.0
42 196.0
48 188.0
48 154.0
8 107.0
49 185.0
48 124.0
46 124.0
38 107.0
38 122.0
38 104.0
42 108.0
48 107.0
49 200.0
12 107.0
17 122.0
89 140.0
48 108.0
38 160.0
77 160.0
35 104.0
35 108.0
17 124.0
65 124.0
31 185.0
42 160.0
33 140.0
52 168.0
30 154.0
35 180.0
65 140.0
42 109.0
57 185.0
65 102.0
57 171.0
12 137.0
38 137.0
29 109.0
77 104.0
31 109.0
35 140.0
35 124.0
12 109.0
38 198.0
86 108.0
57 109.0
33 154.0
65 107.0
49 166.0
76 107.0
8 104.0
74 137.0
77 185.0
17 102.0
42 168.0
28 160.0
