45 167
85 149
11 159
75 197
56 101
37 126
48 195
7 187
48 179
47 131
34 199
47 136
34 185
16 170
41 194
41 184
16 165
51 106
30 153
88 106
92 139
27 121
76 139
28 121
32 123
29 108
64 103
73 107
83 103
82 193
49 190
9 124
70 170
50 189
23 143
4 160
53 194
78 160
96 122
19 144
43 124
74 127
67 110
35 181
88 197
48 123
92 194
16 126
56 149
30 126
16 197
7 170
92 153
32 170
88 131
29 106
48 108
48 153
27 165
30 121
16 106
27 187
29 126
83 153
28 136
75 121
83 165
92 106
29 101
16 167
41 153
27 123
45 139
51 101
88 123
51 159
32 126
48 107
51 195
48 126
88 185
41 106
76 197
32 179
28 123
7 107
64 159
37 184
83 126
28 126
41 195
47 187
47 153
7 106
48 184
47 123
45 123
37 106
37 121
37 103
41 107
47 106
48 199
11 106
16 121
88 139
47 107
37 159
76 159
34 103
34 107
16 123
64 123
30 184
41 159
32 139
51 167
29 153
34 179
64 139
41 108
56 184
64 101
56 170
11 136
37 136
28 108
76 103
30 108
34 139
34 123
11 108
37 197
85 107
56 108
32 153
64 106
48 165
75 106
7 103
73 136
76 184
16 101
41 167
27 159
