34 166.0
58 106.0
66 134.0
6 115.0
26 126.0
93 102.0
72 123.0
88 108.0
56 132.0
59 145.0
91 123.0
63 108.0
14 133.0
19 124.0
62 165.0
74 120.0
67 107.0
53 141.0
95 133.0
98 159.0
100 192.0
90 163.0
97 193.0
10 143.0
57 156.0
61 188.0
99 193.0
55 159.0
32 146.0
23 104.0
8 137.0
40 113.0
2 128.0
89 189.0
80 164.0
35 117.0
87 148.0
48 187.0
81 180.0
17 135.0
85 149.0
50 147.0
52 109.0
75 103.0
39 109.0
69 147.0
70 103.0
76 149.0
7 142.0
41 144.0
31 129.0
33 118.0
65 118.0
24 129.0
42 103.0
1 118.0
4 195.0
46 105.0
9 152.0
47 103.0
71 198.0
11 135.0
79 198.0
51 149.0
86 103.0
19 174.0
20 195.0
52 167.0
67 197.0
75 110.0
50 190.0
58 121.0
39 111.0
47 196.0
98 176.0
22 150.0
76 105.0
70 186.0
10 151.0
95 124.0
65 142.0
69 109.0
8 128.0
56 108.0
32 113.0
23 146.0
90 156.0
69 103.0
89 180.0
