37 129
21 102
56 129
66 102
7 116
48 141
35 144
7 161
53 146
6 191
63 158
19 124
63 128
19 192
87 104
51 162
95 126
79 104
71 126
2 167
32 196
32 182
2 159
32 154
80 115
72 134
81 147
64 142
85 137
31 155
11 173
49 117
98 113
67 186
47 104
78 149
12 187
20 137
65 128
13 125
50 100
23 121
8 187
62 143
26 180
77 199
41 176
92 162
58 104
27 138
81 111
26 136
90 199
26 137
67 156
51 107
42 103
51 120
61 112
68 184
5 168
36 165
20 125
76 108
13 153
86 140
76 188
84 169
34 173
60 114
71 104
2 154
37 102
19 191
2 196
53 192
51 104
72 147
95 162
19 146
6 128
63 192
79 126
72 142
