58 153.0
46 149.0
55 116.0
28 149.0
52 116.0
98 184.0
35 173.0
80 142.0
30 122.0
89 173.0
37 144.0
18 159.0
71 117.0
31 159.0
6 179.0
63 112.0
48 102.0
6 129.0
70 175.0
9 197.0
57 140.0
81 168.0
70 166.0
81 199.0
4 143.0
44 114.0
59 114.0
53 178.0
20 126.0
24 108.0
20 177.0
79 183.0
23 195.0
12 172.0
2 192.0
2 127.0
95 135.0
92 174.0
34 185.0
27 180.0
39 156.0
69 158.0
99 196.0
76 146.0
75 162.0
97 190.0
66 146.0
10 138.0
21 157.0
21 109.0
10 170.0
93 150.0
61 119.0
84 188.0
22 151.0
61 191.0
84 144.0
24 122.0
48 108.0
34 159.0
80 157.0
52 151.0
44 184.0
23 140.0
9 184.0
6 196.0
48 177.0
23 114.0
20 192.0
84 159.0
