2
1 2 3 4 5 6 7 8 9 10 11 12 13 14 15 16 17 18 19 20 21 22 23 24 25 26 27 28 29 30 31 32 33 34 35 36 37 38 39 40 41 42 43 44 45 46 47 48 49 50 51 52 53 54 55 56 57 58 59 60 61 62 63 64 65 66 67 68 69 70 71 72 73 74 75 76 77 78 79 80 81 82 83 84 85 86 87 88 89 90 91 92 93 94 95 96 97 98 99 100 
520
39 97
42 70
43 64
43 56
43 74
43 61
44 73
44 82
44 83
44 84
44 90
44 60
44 94
44 95
45 57
45 51
45 54
46 65
46 68
46 69
46 72
46 76
46 77
46 52
46 59
46 63
47 64
47 56
47 50
47 74
47 61
48 98
49 72
49 75
49 53
49 62
49 71
50 64
50 96
50 74
50 47
50 56
50 61
51 57
51 45
51 54
52 65
52 68
52 69
52 76
52 77
52 46
52 58
52 59
52 63
53 72
53 49
53 75
53 62
53 71
54 57
54 51
54 45
55 100
55 73
55 84
55 89
55 90
55 91
55 94
55 95
56 64
56 74
56 43
56 47
56 50
56 61
57 54
57 51
57 45
57 62
58 65
58 68
58 69
58 76
58 77
58 52
58 63
59 65
59 68
59 69
59 76
59 77
59 46
59 52
60 100
60 44
60 84
60 90
60 91
60 92
60 94
60 95
61 64
61 74
61 43
61 47
61 50
61 56
62 71
62 72
62 75
62 49
62 53
62 57
63 65
63 68
63 69
63 76
63 77
63 46
63 52
63 58
64 74
64 43
64 47
64 50
64 56
64 61
65 68
65 69
65 76
65 77
65 46
65 52
65 58
65 59
65 63
66 96
66 97
66 99
66 80
66 86
66 87
66 89
66 92
66 93
67 100
67 73
67 82
67 84
67 90
67 91
67 94
67 95
68 65
68 69
68 76
68 77
68 46
68 52
68 58
68 59
68 63
69 65
69 68
69 76
69 77
69 46
69 52
69 58
69 59
69 63
70 96
70 97
70 98
70 42
70 78
70 80
70 83
70 86
70 88
70 89
70 93
71 49
71 75
71 53
71 62
71 95
72 46
72 49
72 75
72 53
72 62
73 67
73 100
73 44
73 78
73 82
73 84
73 55
73 90
73 91
73 94
74 64
74 43
74 47
74 50
74 56
74 91
74 61
75 72
75 49
75 53
75 62
75 71
76 65
76 68
76 69
76 77
76 46
76 52
76 58
76 59
76 63
77 65
77 68
77 69
77 76
77 46
77 52
77 58
77 59
77 63
78 96
78 97
78 98
78 99
78 70
78 73
78 80
78 81
78 83
78 86
78 88
78 93
79 97
79 98
79 99
79 80
79 85
79 87
79 88
79 89
79 92
79 93
80 97
80 66
80 99
80 70
80 98
80 78
80 79
80 81
80 83
80 85
80 88
80 92
80 93
81 96
81 97
81 98
81 78
81 80
81 83
81 85
81 86
81 87
81 88
81 92
81 93
82 67
82 100
82 73
82 44
82 84
82 90
82 91
82 94
82 95
83 96
83 97
83 98
83 99
83 70
83 44
83 78
83 80
83 81
83 87
83 89
83 92
83 93
84 67
84 100
84 73
84 44
84 82
84 86
84 55
84 90
84 91
84 60
84 94
84 95
85 96
85 97
85 98
85 99
85 79
85 80
85 81
85 86
85 87
85 88
85 89
85 92
86 96
86 97
86 66
86 99
86 70
86 98
86 78
86 81
86 84
86 85
86 88
86 89
86 92
87 96
87 97
87 66
87 99
87 98
87 79
87 81
87 83
87 85
87 88
87 89
87 92
87 93
88 96
88 97
88 99
88 70
88 78
88 79
88 80
88 81
88 85
88 86
88 87
88 89
88 92
88 93
89 96
89 66
89 99
89 70
89 87
89 98
89 79
89 83
89 85
89 86
89 55
89 88
89 92
89 93
90 67
90 100
90 73
90 44
90 82
90 84
90 55
90 91
90 60
90 94
90 95
91 67
91 100
91 73
91 74
91 82
91 84
91 55
91 90
91 60
91 94
91 95
92 97
92 66
92 99
92 98
92 79
92 80
92 81
92 83
92 85
92 86
92 87
92 88
92 89
92 60
93 96
93 66
93 99
93 70
93 78
93 79
93 80
93 81
93 83
93 87
93 88
93 89
94 67
94 100
94 73
94 44
94 82
94 84
94 55
94 90
94 91
94 60
94 95
95 67
95 100
95 71
95 44
95 82
95 84
95 55
95 90
95 91
95 60
95 94
96 66
96 99
96 70
96 98
96 78
96 81
96 50
96 83
96 85
96 86
96 87
96 88
96 89
96 93
97 66
97 99
97 70
97 39
97 98
97 78
97 79
97 80
97 81
97 83
97 85
97 86
97 87
97 88
97 92
98 96
98 97
98 99
98 70
98 80
98 78
98 79
98 48
98 81
98 83
98 85
98 86
98 87
98 89
98 92
99 96
99 97
99 66
99 98
99 78
99 79
99 80
99 83
99 85
99 86
99 87
99 88
99 89
99 92
99 93
100 67
100 73
100 82
100 84
100 55
100 90
100 91
100 60
100 94
100 95
101 102 103 104 105 106 107 108 109 110 111 112 113 114 115 116 117 118 119 120 121 122 123 124 125 126 127 128 129 130 131 132 133 134 135 136 137 138 139 140 141 142 143 144 145 146 147 148 149 150 151 152 153 154 155 156 157 158 159 160 161 162 163 164 165 166 167 168 169 170 171 172 173 174 175 176 177 178 179 180 181 182 183 184 185 186 187 188 189 190 191 192 193 194 195 196 197 198 199 200 
32
184 186
186 184
191 195
191 200
192 197
192 198
192 199
193 196
193 199
194 195
194 200
195 194
195 200
195 191
196 193
196 198
196 199
197 192
197 198
197 199
198 192
198 196
198 197
198 199
199 192
199 193
199 196
199 197
199 198
200 194
200 195
200 191
1
1 2
208
129 83
129 29
129 30
129 61
131 25
131 42
4 149
4 110
4 109
6 192
6 193
6 149
6 104
6 109
136 89
136 18
136 9
9 136
9 141
9 109
9 146
9 117
9 182
141 9
141 25
141 61
141 70
141 29
14 168
14 114
14 149
14 103
18 198
18 103
18 136
18 174
18 168
18 110
18 123
18 149
147 80
147 96
147 76
147 25
20 104
20 110
149 18
149 4
149 6
149 14
149 23
23 168
23 123
23 149
23 174
25 131
25 196
25 165
25 103
25 141
25 174
25 147
25 120
29 104
29 129
29 196
29 141
29 174
30 120
30 129
30 110
159 48
159 89
159 37
159 70
37 107
37 174
37 182
37 102
37 159
146 96
146 9
146 50
146 76
146 49
168 80
168 18
168 83
168 14
168 23
42 131
42 190
42 103
174 37
174 75
174 18
174 23
174 25
174 58
174 29
174 63
48 196
48 165
48 103
48 182
48 183
48 159
49 120
49 114
49 198
49 110
49 146
50 146
50 123
50 114
50 182
182 48
182 9
182 50
182 75
182 37
183 48
58 198
58 196
58 117
58 174
58 165
70 109
70 141
70 159
61 129
61 193
61 109
61 141
61 114
61 117
190 42
63 174
63 103
192 6
193 61
193 6
196 48
196 25
196 58
196 29
198 49
198 18
198 76
198 58
75 107
75 182
75 174
76 114
76 147
76 146
76 198
80 168
80 123
80 147
83 168
83 129
89 136
89 159
165 48
165 25
165 58
165 99
96 146
96 147
99 165
102 37
103 42
103 14
103 48
103 18
103 25
103 63
104 20
104 29
104 6
107 75
107 37
109 9
109 6
109 4
109 61
109 70
110 49
110 18
110 4
110 30
110 20
114 49
114 50
114 76
114 61
114 14
117 9
117 58
117 61
120 49
120 30
120 25
123 80
123 50
123 18
123 23
9
128 4 5 7 15 20 149 24 153 28 162 171 172 175 49 53 62 71 72 75 104 105 107 115 120 124  
33 131 133 9 151 154 45 109 157 145 51 57 54 23 25 26 123 125 126 31  
10 141 144 22 155 32 167 42 43 173 47 50 182 184 138 190 191 64 160 194 195 200 74 56 103 61 117  
1 6 8 12 18 19 27 34 166 170 48 136 178 179 180 181 183 185 186 187 188 189 192 193 196 197 198 199  
132 142 143 147 21 150 156 30 161 164 40 46 52 58 59 63 65 68 69 76 77 110 174 122  
129 2 35 37 102 39 137 11 13 14 111 16 113 114 116 139 135 29  
130 140 146 152 158 159 163 36 165 168 169 176 177 66 70 78 79 80 81 83 85 86 87 88 89 92 93 96 97 98 99 121  
3 100 38 41 44 17 82 67 84 73 55 90 91 60 94 95  
101 134 106 108 112 148 118 119 127  
