2
1 2 3 4 5 6 7 8 9 10 11 12 13 14 15 16 17 18 19 20 21 22 23 24 25 26 27 28 29 30 31 32 33 34 35 36 37 38 39 40 41 42 43 44 45 46 47 48 49 50 51 52 53 54 55 56 57 58 59 60 61 62 63 64 65 66 67 68 69 70 71 72 73 74 75 76 77 78 79 80 81 82 83 84 85 86 87 88 89 90 91 92 93 94 95 96 97 98 99 100 
48
84 86
86 84
89 96
89 98
89 99
90 91
90 100
90 94
90 95
91 90
91 100
91 94
91 95
92 97
92 98
92 99
93 96
93 99
94 90
94 91
94 100
94 95
95 90
95 91
95 100
95 94
96 89
96 98
96 99
96 93
97 98
97 99
97 92
98 96
98 97
98 99
98 92
98 89
99 96
99 97
99 98
99 89
99 92
99 93
100 90
100 91
100 94
100 95
101 102 103 104 105 106 107 108 109 110 111 112 113 114 115 116 117 118 119 120 121 122 123 124 125 126 127 128 129 130 131 132 133 134 135 136 137 138 139 140 141 142 143 144 145 146 147 148 149 150 151 152 153 154 155 156 157 158 159 160 161 162 163 164 165 166 167 168 169 170 171 172 173 174 175 176 177 178 179 180 181 182 183 184 185 186 187 188 189 190 191 192 193 194 195 196 197 198 199 200 
204
160 192
171 195
173 178
174 191
178 173
179 193
179 197
179 198
179 199
180 192
180 193
180 197
180 199
180 181
180 183
180 185
180 188
180 198
181 192
181 193
181 196
181 197
181 198
181 180
181 183
181 185
181 186
181 187
181 188
182 194
182 195
182 200
182 184
182 190
182 191
183 192
183 193
183 196
183 197
183 198
183 199
183 180
183 181
183 187
183 189
184 194
184 195
184 200
184 182
184 186
184 190
184 191
185 192
185 196
185 197
185 198
185 199
185 180
185 181
185 186
185 187
185 188
185 189
186 192
186 196
186 197
186 198
186 199
186 181
186 184
186 185
186 188
186 189
187 192
187 193
187 196
187 197
187 199
187 181
187 183
187 185
187 188
187 189
187 198
188 192
188 193
188 196
188 197
188 199
188 180
188 181
188 185
188 186
188 187
188 189
189 192
189 193
189 187
189 196
189 198
189 199
189 183
189 185
189 186
189 188
190 194
190 195
190 200
190 182
190 184
190 191
191 194
191 195
191 200
191 174
191 182
191 184
191 190
192 160
192 197
192 198
192 199
192 180
192 181
192 183
192 185
192 186
192 187
192 188
192 189
193 196
193 199
193 179
193 180
193 181
193 183
193 187
193 188
193 189
194 195
194 200
194 182
194 184
194 190
194 191
195 194
195 200
195 171
195 182
195 184
195 190
195 191
196 193
196 198
196 199
196 181
196 183
196 185
196 186
196 187
196 188
196 189
197 192
197 198
197 199
197 179
197 180
197 181
197 183
197 185
197 186
197 187
197 188
198 192
198 196
198 197
198 199
198 179
198 180
198 181
198 183
198 186
198 187
198 189
198 185
199 192
199 193
199 196
199 197
199 179
199 180
199 183
199 185
199 186
199 187
199 188
199 189
199 198
200 194
200 195
200 182
200 184
200 190
200 191
1
1 2
136
1 113
2 189
2 166
3 107
5 109
8 139
10 177
10 165
11 185
11 180
14 192
14 179
15 145
17 115
19 154
19 102
20 154
20 134
21 118
22 168
27 111
28 131
28 127
29 178
29 198
30 106
34 107
34 137
34 131
38 104
39 154
39 107
39 197
39 183
42 140
42 166
43 130
43 143
44 120
46 134
49 154
53 131
60 172
61 159
64 146
65 131
65 127
69 106
70 132
72 126
76 108
77 109
77 134
78 143
80 122
84 120
84 146
84 122
85 110
86 150
88 122
88 106
90 162
92 150
93 156
98 156
99 110
100 128
102 19
104 38
106 88
106 69
106 30
107 34
107 3
107 39
108 76
109 5
109 77
110 99
110 85
111 27
113 1
115 17
118 21
120 44
120 84
122 80
122 88
122 84
126 72
127 65
127 28
128 100
130 43
131 65
131 34
131 28
131 53
132 70
134 20
134 77
134 46
137 34
139 8
140 42
143 43
143 78
145 15
146 64
146 84
150 92
150 86
154 49
154 19
154 20
154 39
156 98
156 93
159 61
162 90
165 10
166 2
166 42
168 22
172 60
177 10
178 29
179 14
180 11
183 39
185 11
189 2
192 14
197 39
198 29
9
131 4 5 7 15 145 20 151 24 154 28 157 133 49 53 62 71 72 75 109 123 125 126  
130 10 140 146 22 152 158 159 32 163 165 168 169 42 43 47 176 177 50 56 61 64 74 121  
128 3 172 17 149 153 162 38 41 171 44 175 55 60 67 73 82 84 90 91 94 95 100 104 105 107 115 120 124  
1 34 139 102 6 129 8 137 135 12 114 111 48 113 18 19 116 27  
134 148 21 30 40 46 52 58 59 63 65 68 69 76 77 101 106 108 112 118 119 127  
2 136 11 13 14 16 29 35 37 166 39 170 178 179 180 181 183 185 186 187 188 189 192 193 196 197 198 199  
132 142 143 147 150 156 161 36 174 66 164 70 78 79 80 81 83 85 86 87 88 89 92 93 96 97 98 99 110 122  
33 9 45 51 57 54 23 25 26 31  
160 194 195 103 200 138 167 141 173 144 117 182 184 155 190 191  
