72 106
63 128
23 105
59 122
87 122
16 128
46 106
40 129
1 154
45 148
62 112
43 169
40 160
50 150
10 125
13 113
2 110
36 142
53 190
24 104
15 173
55 144
24 198
55 181
15 196
21 164
26 194
7 191
19 195
19 179
21 182
7 117
8 145
9 143
31 149
20 140
8 101
5 115
30 153
28 136
6 124
6 151
34 172
35 116
58 192
32 187
33 159
32 163
33 103
80 133
81 134
88 137
98 158
73 135
90 158
44 133
4 135
39 121
0 127
57 119
74 126
38 127
41 121
82 111
61 131
79 109
95 120
17 109
18 111
64 120
12 186
68 114
48 178
69 170
29 177
60 156
68 165
28 142
8 134
58 196
6 119
7 131
0 110
1 101
58 133
50 151
69 101
2 194
35 115
1 150
79 153
5 137
2 173
38 195
19 136
69 163
50 114
