45 127
55 100
31 128
11 146
85 193
89 176
36 191
55 158
48 151
3 169
35 195
17 179
35 187
17 130
15 105
42 112
78 120
47 122
60 112
9 172
20 164
22 181
5 180
9 183
5 114
71 155
79 136
88 189
87 131
30 111
95 185
88 145
80 147
72 142
81 178
14 134
83 115
73 115
82 161
54 111
98 154
37 188
57 126
86 137
13 122
70 114
43 148
8 178
1 174
62 189
41 159
52 131
19 169
38 195
24 169
46 126
28 135
2 149
36 174
42 182
13 149
0 139
16 137
16 135
41 107
30 194
49 113
59 184
51 123
71 108
53 126
8 162
62 116
91 152
44 138
97 140
91 132
30 112
35 164
73 131
87 105
42 164
78 181
35 131
30 122
79 195
14 128
15 142
73 111
45 172
20 189
22 158
30 130
15 115
22 105
48 112
71 105
5 195
9 189
80 193
80 105
5 176
78 158
85 172
15 164
9 100
11 136
14 187
20 122
3 146
48 134
31 114
89 169
71 180
87 179
79 130
42 169
72 105
88 128
87 134
80 172
80 122
45 120
95 151
83 164
83 181
89 134
78 128
79 183
79 114
85 122
3 112
78 189
42 189
3 134
45 181
85 147
15 111
72 127
79 120
73 112
30 127
22 142
48 189
73 176
22 128
20 142
79 105
85 105
78 164
95 120
31 189
9 130
89 112
42 179
60 111
48 122
89 164
30 181
79 176
42 183
5 145
35 178
42 181
11 142
83 195
5 193
73 128
35 115
35 191
85 145
60 193
81 176
79 158
11 180
71 127
83 169
72 112
30 134
78 131
55 179
81 127
5 115
20 115
55 180
22 176
3 172
42 185
45 142
36 136
