59 179
97 187
82 171
96 130
67 151
54 169
74 130
21 173
39 180
57 164
37 172
56 183
39 181
22 156
9 157
5 139
20 137
5 166
43 154
23 196
8 149
18 167
43 174
23 182
18 198
62 189
26 131
1 145
33 175
26 111
1 185
62 155
87 119
71 153
30 140
88 138
51 106
79 140
55 153
75 188
3 131
60 180
68 182
90 130
41 141
38 192
27 106
24 196
10 189
72 129
13 107
59 160
76 120
15 184
53 150
64 123
7 133
23 161
90 191
36 192
4 132
57 198
22 131
67 174
37 185
18 138
20 169
33 180
23 138
22 111
5 153
87 137
1 106
23 106
23 131
30 183
97 140
59 172
1 179
74 172
97 175
88 196
1 181
88 166
5 151
96 173
23 164
59 189
59 164
67 196
39 156
82 149
9 167
1 139
37 130
79 183
62 167
43 166
56 145
1 180
22 149
20 196
1 169
51 130
37 171
26 179
51 151
62 154
8 139
54 156
54 153
39 182
21 171
74 166
26 139
37 138
88 154
56 151
97 182
26 157
9 198
56 169
87 131
79 189
87 189
26 106
51 167
9 145
5 169
43 181
39 111
54 119
62 157
22 106
20 175
96 172
9 169
18 185
20 111
74 119
1 182
56 198
59 198
37 179
30 156
88 181
96 175
79 175
82 174
43 140
9 171
71 164
51 137
5 130
1 151
82 153
79 155
71 173
9 106
9 151
9 174
97 139
97 156
57 174
22 173
8 156
56 196
82 180
43 157
26 119
56 153
8 166
51 156
79 187
56 187
62 130
82 166
43 172
56 156
23 175
22 179
57 167
67 167
21 166
1 119
22 119
43 175
57 179
87 169
57 171
