28 197
41 156
17 160
17 199
28 196
41 189
28 126
29 141
12 143
3 128
45 143
62 185
90 178
92 104
87 150
71 181
94 175
66 149
61 169
18 159
35 151
61 184
97 145
26 112
93 129
60 136
89 145
98 136
99 129
7 142
31 162
39 155
1 171
31 158
16 110
67 172
79 153
80 111
34 120
20 101
15 107
70 139
83 131
11 107
74 125
84 165
51 105
49 114
38 125
69 165
78 106
50 164
4 132
81 130
85 106
19 134
6 163
40 186
23 167
23 180
14 173
33 138
21 123
8 117
62 121
64 108
43 173
15 118
42 166
83 164
51 104
93 130
60 169
97 142
19 131
71 132
35 165
4 136
99 120
12 199
87 111
11 106
70 181
4 120
97 125
17 125
79 160
12 110
93 111
51 189
17 141
41 106
70 125
23 153
85 120
71 101
74 101
80 185
83 196
16 106
67 131
80 126
50 175
66 131
28 171
3 134
89 164
50 162
1 169
81 153
92 180
1 180
60 126
7 101
45 162
41 165
79 132
16 139
92 101
41 128
87 114
78 160
26 163
7 150
67 162
18 129
41 169
15 136
40 128
23 106
90 163
38 153
20 134
41 186
78 120
16 125
98 114
80 125
16 131
19 162
98 162
81 111
1 165
3 184
35 162
7 199
90 134
61 139
69 111
39 126
