38 111.0
22 103.0
67 133.0
40 111.0
58 133.0
4 181.0
49 184.0
18 173.0
8 174.0
18 182.0
49 165.0
93 198.0
94 155.0
59 199.0
25 197.0
1 183.0
28 160.0
29 168.0
77 198.0
100 133.0
86 172.0
32 127.0
98 141.0
55 192.0
68 106.0
43 158.0
35 146.0
23 115.0
6 185.0
71 119.0
91 173.0
95 151.0
26 114.0
19 106.0
34 192.0
63 190.0
78 116.0
42 102.0
20 181.0
39 123.0
80 111.0
72 168.0
30 136.0
82 149.0
74 141.0
8 132.0
87 186.0
44 112.0
41 140.0
77 167.0
53 108.0
13 118.0
97 179.0
3 135.0
69 121.0
41 113.0
48 191.0
31 185.0
90 114.0
48 124.0
24 126.0
29 102.0
1 105.0
47 178.0
21 153.0
71 120.0
69 164.0
38 189.0
12 152.0
54 177.0
5 101.0
7 192.0
93 197.0
94 197.0
4 173.0
59 183.0
40 133.0
29 183.0
18 184.0
25 198.0
28 199.0
77 155.0
22 133.0
93 160.0
8 173.0
77 183.0
28 155.0
59 168.0
38 103.0
22 111.0
67 103.0
49 181.0
67 111.0
8 165.0
8 184.0
8 181.0
28 197.0
