51 159
45 125
89 107
79 151
84 145
88 157
97 151
30 123
36 148
47 179
5 173
5 134
47 155
43 116
16 103
0 146
40 153
23 140
48 110
78 170
22 130
59 141
77 144
25 121
94 120
38 109
33 109
20 191
42 133
20 138
21 166
60 111
92 111
37 150
87 191
74 161
5 137
97 118
15 139
59 159
92 123
60 125
30 121
0 170
16 191
40 155
25 153
36 151
78 111
45 148
5 140
40 166
33 121
51 109
16 153
84 107
84 116
30 130
89 116
30 146
36 116
22 157
60 121
16 155
22 166
30 153
88 179
0 130
22 191
59 133
20 103
25 146
51 166
60 141
47 103
23 121
16 109
0 103
23 148
42 151
38 134
42 110
40 111
60 153
30 116
30 107
22 148
20 166
79 179
97 170
78 138
20 111
33 155
36 130
48 153
25 130
20 144
5 166
48 133
60 145
59 110
23 130
97 134
42 130
92 107
92 148
45 133
16 121
33 141
79 110
97 166
94 123
45 146
48 166
30 191
88 125
84 170
5 103
23 153
20 155
47 125
43 109
51 153
22 153
38 170
43 170
30 109
51 170
23 170
47 123
47 116
42 140
23 103
79 130
43 125
51 140
79 109
30 133
60 116
0 157
33 144
45 123
48 107
77 120
40 121
78 151
59 146
25 103
47 144
60 103
51 151
97 103
48 170
60 140
43 144
97 159
88 146
30 145
16 123
47 145
78 144
25 191
48 144
20 116
60 170
