88 107.0
73 129.0
24 129.0
17 107.0
52 160.0
56 124.0
56 188.0
52 173.0
27 187.0
22 194.0
22 166.0
27 179.0
66 153.0
86 200.0
71 176.0
78 177.0
21 138.0
32 134.0
7 113.0
31 149.0
31 155.0
34 163.0
59 146.0
45 165.0
74 192.0
89 119.0
97 118.0
75 182.0
42 199.0
68 145.0
42 197.0
90 154.0
48 152.0
53 154.0
76 152.0
18 103.0
19 111.0
65 103.0
62 111.0
30 127.0
13 120.0
70 120.0
46 135.0
26 153.0
38 110.0
64 142.0
52 175.0
71 160.0
78 188.0
70 103.0
89 182.0
22 154.0
70 134.0
59 182.0
73 138.0
71 120.0
19 107.0
68 194.0
19 163.0
22 149.0
17 160.0
90 119.0
90 179.0
32 179.0
88 182.0
71 149.0
45 166.0
56 113.0
78 166.0
48 192.0
34 107.0
56 103.0
21 155.0
66 127.0
70 199.0
68 113.0
48 107.0
59 200.0
66 165.0
42 118.0
88 118.0
48 177.0
31 120.0
32 111.0
68 118.0
18 145.0
74 188.0
19 138.0
71 188.0
78 113.0
71 154.0
45 134.0
90 177.0
68 107.0
86 187.0
56 146.0
34 155.0
65 120.0
42 120.0
30 107.0
71 192.0
78 111.0
59 179.0
88 200.0
86 163.0
