2
1 2 3 4 5 6 7 8 9 10 11 12 13 14 15 16 17 18 19 20 21 22 23 24 25 26 27 28 29 30 31 32 33 34 35 36 37 38 39 40 41 42 43 44 45 46 47 48 49 50 51 52 53 54 55 56 57 58 59 60 61 62 63 64 65 66 67 68 69 70 71 72 73 74 75 76 77 78 79 80 81 82 83 84 85 86 87 88 89 90 91 92 93 94 95 96 97 98 99 100 
126
73 78
74 91
78 73
84 100
84 86
84 90
84 91
84 94
84 95
85 96
85 97
85 98
85 99
85 86
85 87
85 88
85 89
85 92
86 96
86 97
86 98
86 99
86 84
86 85
86 88
86 89
86 92
87 96
87 97
87 98
87 99
87 85
87 88
87 89
87 92
87 93
88 96
88 97
88 99
88 85
88 86
88 87
88 89
88 92
88 93
89 96
89 98
89 99
89 85
89 86
89 87
89 88
89 92
89 93
90 100
90 91
90 84
90 94
90 95
91 100
91 74
91 84
91 90
91 94
91 95
92 97
92 98
92 99
92 85
92 86
92 87
92 88
92 89
93 96
93 88
93 87
93 99
93 89
94 100
94 90
94 91
94 84
94 95
95 100
95 90
95 91
95 84
95 94
96 98
96 99
96 85
96 86
96 87
96 88
96 89
96 93
97 98
97 99
97 85
97 86
97 87
97 88
97 92
98 96
98 97
98 99
98 85
98 86
98 87
98 89
98 92
99 96
99 97
99 98
99 85
99 86
99 87
99 88
99 89
99 92
99 93
100 90
100 91
100 84
100 94
100 95
101 102 103 104 105 106 107 108 109 110 111 112 113 114 115 116 117 118 119 120 121 122 123 124 125 126 127 128 129 130 131 132 133 134 135 136 137 138 139 140 141 142 143 144 145 146 147 148 149 150 151 152 153 154 155 156 157 158 159 160 161 162 163 164 165 166 167 168 169 170 171 172 173 174 175 176 177 178 179 180 181 182 183 184 185 186 187 188 189 190 191 192 193 194 195 196 197 198 199 200 
378
146 172
148 198
150 196
155 189
157 162
159 168
159 169
159 176
159 177
160 192
160 194
160 195
160 200
160 184
160 190
160 191
161 174
161 164
162 171
162 172
162 175
162 157
163 165
163 168
163 169
163 176
163 177
164 161
164 174
165 163
165 168
165 169
165 176
165 177
166 192
166 193
166 196
166 197
166 199
166 180
166 186
166 187
166 189
167 194
167 195
167 200
167 173
167 182
167 184
167 190
167 191
168 163
168 165
168 169
168 176
168 177
168 159
169 163
169 165
169 168
169 176
169 177
169 159
170 193
170 196
170 197
170 198
170 178
170 180
170 183
170 186
170 188
170 189
171 162
171 195
171 175
172 162
172 175
172 146
173 194
173 167
173 200
173 178
173 182
173 184
173 190
173 191
174 161
174 164
174 191
175 162
175 171
175 172
176 163
176 165
176 168
176 169
176 177
176 159
177 163
177 165
177 168
177 169
177 176
177 159
178 193
178 196
178 197
178 198
178 199
178 170
178 173
178 180
178 181
178 183
178 186
178 188
179 192
179 193
179 197
179 198
179 199
179 180
179 185
179 187
179 188
179 189
180 192
180 193
180 197
180 166
180 199
180 170
180 178
180 179
180 181
180 183
180 185
180 188
180 198
181 192
181 193
181 196
181 197
181 198
181 178
181 180
181 183
181 185
181 186
181 187
181 188
182 194
182 195
182 167
182 200
182 173
182 184
182 190
182 191
183 192
183 193
183 196
183 197
183 198
183 199
183 170
183 178
183 180
183 181
183 187
183 189
184 160
184 194
184 195
184 167
184 200
184 173
184 182
184 186
184 190
184 191
185 192
185 196
185 197
185 198
185 199
185 179
185 180
185 181
185 186
185 187
185 188
185 189
186 192
186 196
186 197
186 198
186 199
186 170
186 178
186 181
186 184
186 185
186 188
186 189
186 166
187 192
187 193
187 196
187 197
187 166
187 199
187 179
187 181
187 183
187 185
187 188
187 189
187 198
188 192
188 193
188 196
188 197
188 199
188 170
188 178
188 179
188 180
188 181
188 185
188 186
188 187
188 189
189 192
189 193
189 187
189 196
189 198
189 166
189 199
189 170
189 179
189 183
189 185
189 186
189 155
189 188
190 160
190 194
190 195
190 200
190 167
190 173
190 182
190 184
190 191
191 160
191 194
191 195
191 167
191 200
191 174
191 173
191 182
191 184
191 190
192 160
192 197
192 198
192 199
192 179
192 180
192 181
192 183
192 185
192 186
192 187
192 188
192 189
192 166
193 196
193 166
193 170
193 199
193 178
193 179
193 180
193 181
193 183
193 187
193 188
193 189
194 160
194 195
194 167
194 200
194 173
194 182
194 184
194 190
194 191
195 160
195 194
195 167
195 200
195 171
195 182
195 184
195 190
195 191
196 193
196 198
196 166
196 199
196 170
196 178
196 181
196 150
196 183
196 185
196 186
196 187
196 188
196 189
197 192
197 198
197 166
197 199
197 170
197 178
197 179
197 180
197 181
197 183
197 185
197 186
197 187
197 188
198 192
198 196
198 197
198 199
198 170
198 178
198 179
198 180
198 181
198 183
198 148
198 186
198 187
198 189
198 185
199 192
199 193
199 196
199 197
199 166
199 178
199 179
199 180
199 183
199 185
199 186
199 187
199 188
199 189
199 198
200 160
200 194
200 195
200 167
200 173
200 182
200 184
200 190
200 191
1
1 2
84
128 32
1 174
1 191
3 200
8 200
8 144
8 143
143 8
143 56
144 8
144 44
17 105
17 173
19 120
19 161
19 195
19 110
19 103
149 64
22 104
27 122
27 103
32 128
161 19
162 61
41 120
41 115
41 195
44 144
173 17
174 1
48 147
55 105
55 194
55 122
56 115
56 143
61 120
61 162
61 122
61 103
190 90
191 1
191 91
64 195
64 149
194 55
195 64
195 41
195 19
147 48
147 100
200 8
200 3
74 105
74 122
74 110
90 120
90 105
90 190
91 191
100 147
100 103
103 19
103 27
103 100
103 61
104 22
105 17
105 74
105 90
105 55
110 74
110 19
115 56
115 41
120 41
120 90
120 19
120 61
122 74
122 27
122 61
122 55
13
128 171 10 149 22 153 175 32 162 42 43 172 47 50 56 61 64 74 104 105 107 115 120 124  
3 138 141 144 17 195 155 160 38 167 41 44 173 182 55 184 60 190 191 194 67 200 73 82 84 90 91 94 95 100 103 117  
1 34 132 6 161 8 147 12 110 143 48 18 19 142 150 164 122 27 156 174  
75 4 5 7 72 71 15 49 20 53 24 28 62  
33 9 45 51 57 54 23 25 26 31  
65 68 69 40 76 77 46 52 21 58 59 30 63  
2 35 37 39 11 13 14 16 29  
96 97 66 99 36 70 98 78 79 80 81 83 85 86 87 88 89 92 93  
131 133 109 157 145 151 154 123 125 126  
101 134 106 108 112 148 118 119 127  
130 163 165 168 169 140 176 177 146 152 121 158 159  
129 102 135 137 139 111 113 114 116  
192 193 196 197 166 199 136 170 178 179 180 181 183 185 186 187 188 189 198  
