44 136.0
50 138.0
41 134.0
63 159.0
46 135.0
10 140.0
21 158.0
12 139.0
9 168.0
9 167.0
12 101.0
7 166.0
23 186.0
31 157.0
6 179.0
23 171.0
6 178.0
31 187.0
97 121.0
5 112.0
91 132.0
74 110.0
89 121.0
99 112.0
45 132.0
43 110.0
75 126.0
67 151.0
68 111.0
40 103.0
39 151.0
58 111.0
84 129.0
90 123.0
100 131.0
77 107.0
53 129.0
85 123.0
72 131.0
48 107.0
93 183.0
26 189.0
16 181.0
27 144.0
86 172.0
33 125.0
95 117.0
69 179.0
26 117.0
46 163.0
69 137.0
72 108.0
40 174.0
89 185.0
42 192.0
38 161.0
97 129.0
31 136.0
50 126.0
75 187.0
89 158.0
99 135.0
23 158.0
45 134.0
100 121.0
97 157.0
63 158.0
9 134.0
9 103.0
63 178.0
91 107.0
91 123.0
85 179.0
6 131.0
77 168.0
75 123.0
40 134.0
40 123.0
48 111.0
63 168.0
68 101.0
90 157.0
58 178.0
21 110.0
21 111.0
50 101.0
40 168.0
44 126.0
40 171.0
31 151.0
100 110.0
41 111.0
89 179.0
67 178.0
31 121.0
74 136.0
63 179.0
46 168.0
72 139.0
89 129.0
75 101.0
9 157.0
45 131.0
12 110.0
58 135.0
7 138.0
44 186.0
85 171.0
9 179.0
48 110.0
74 126.0
85 132.0
43 166.0
5 123.0
12 187.0
100 151.0
41 178.0
43 131.0
77 136.0
31 167.0
99 158.0
48 103.0
90 103.0
7 111.0
74 103.0
9 131.0
90 136.0
68 171.0
7 126.0
7 134.0
48 132.0
6 134.0
23 136.0
84 139.0
12 186.0
72 111.0
90 138.0
100 136.0
31 131.0
21 107.0
67 140.0
23 112.0
100 166.0
23 101.0
58 167.0
45 159.0
77 139.0
90 135.0
53 132.0
91 103.0
6 151.0
31 159.0
7 132.0
74 129.0
31 103.0
68 166.0
9 138.0
23 135.0
6 167.0
46 103.0
77 138.0
31 132.0
75 178.0
10 151.0
7 167.0
91 171.0
7 129.0
46 139.0
10 103.0
9 178.0
21 135.0
74 158.0
31 138.0
9 111.0
89 101.0
85 136.0
67 107.0
44 121.0
6 139.0
40 138.0
53 111.0
46 179.0
48 126.0
44 129.0
21 129.0
6 138.0
77 151.0
67 131.0
89 107.0
7 103.0
45 111.0
10 131.0
12 126.0
50 168.0
23 138.0
75 110.0
46 186.0
58 129.0
90 132.0
9 186.0
