46 168.0
32 175.0
37 198.0
12 197.0
90 183.0
56 160.0
100 155.0
50 127.0
68 163.0
99 134.0
75 105.0
60 163.0
83 134.0
55 127.0
8 130.0
4 111.0
49 133.0
18 111.0
13 157.0
21 167.0
6 158.0
23 140.0
13 122.0
24 132.0
44 176.0
19 200.0
9 112.0
19 190.0
44 156.0
24 137.0
63 131.0
5 189.0
34 188.0
2 180.0
63 172.0
2 196.0
17 139.0
45 120.0
42 141.0
62 107.0
53 154.0
1 121.0
29 106.0
47 123.0
92 113.0
94 121.0
77 123.0
93 106.0
59 113.0
33 149.0
3 108.0
11 104.0
33 118.0
40 106.0
67 116.0
35 136.0
43 153.0
69 107.0
66 180.0
14 114.0
64 155.0
7 175.0
88 135.0
31 119.0
82 113.0
73 124.0
28 143.0
15 148.0
48 187.0
51 195.0
64 191.0
14 119.0
75 124.0
61 178.0
86 142.0
41 159.0
20 192.0
23 101.0
98 184.0
80 182.0
34 131.0
33 108.0
13 167.0
12 183.0
3 104.0
17 107.0
44 190.0
2 131.0
19 137.0
42 120.0
3 118.0
