52 105.0
96 127.0
31 102.0
89 163.0
72 105.0
80 127.0
10 108.0
13 104.0
23 136.0
21 118.0
30 121.0
11 113.0
33 106.0
30 123.0
86 199.0
100 119.0
37 129.0
68 163.0
98 112.0
50 134.0
40 192.0
57 192.0
36 111.0
8 142.0
35 103.0
79 134.0
66 126.0
87 197.0
69 151.0
19 141.0
26 171.0
5 167.0
63 141.0
78 163.0
17 172.0
39 144.0
7 200.0
59 143.0
94 181.0
28 122.0
84 189.0
82 135.0
33 132.0
75 137.0
46 190.0
70 168.0
87 175.0
70 150.0
88 167.0
45 138.0
20 135.0
78 179.0
97 195.0
64 185.0
10 169.0
68 126.0
69 109.0
49 178.0
47 145.0
90 141.0
74 154.0
51 196.0
28 131.0
50 129.0
15 128.0
54 159.0
77 111.0
2 182.0
80 184.0
72 127.0
21 136.0
13 118.0
33 121.0
30 106.0
33 113.0
13 136.0
11 106.0
72 102.0
52 102.0
52 163.0
31 105.0
52 127.0
31 127.0
