51 104
95 126
30 101
88 162
71 104
79 126
9 107
12 103
22 135
20 117
29 120
10 112
32 105
29 122
85 198
99 118
36 128
67 162
97 111
49 133
39 191
56 191
35 110
7 141
34 102
78 133
65 125
86 196
68 150
18 140
25 170
4 166
62 140
77 162
16 171
38 143
6 199
58 142
93 180
27 121
83 188
81 134
32 131
74 136
45 189
69 167
86 174
69 149
87 166
44 137
19 134
77 178
96 194
63 184
9 168
67 125
68 108
48 177
46 144
89 140
73 153
50 195
27 130
49 128
14 127
53 158
76 110
1 181
79 183
71 126
20 135
12 117
32 120
29 105
32 112
12 135
10 105
71 101
51 101
51 162
30 104
51 126
30 126
