71 165.0
15 177.0
4 140.0
72 168.0
5 152.0
49 159.0
28 130.0
51 102.0
54 116.0
45 129.0
9 114.0
25 135.0
55 148.0
73 112.0
60 101.0
100 118.0
82 119.0
67 119.0
17 112.0
95 148.0
12 125.0
34 126.0
48 131.0
1 133.0
6 109.0
77 194.0
69 191.0
65 184.0
63 117.0
21 200.0
46 195.0
52 173.0
63 141.0
37 174.0
2 150.0
14 156.0
29 161.0
35 164.0
14 143.0
85 171.0
97 120.0
78 105.0
80 172.0
92 162.0
36 153.0
79 124.0
86 171.0
89 162.0
87 120.0
15 125.0
35 168.0
95 164.0
71 141.0
63 126.0
60 116.0
17 116.0
79 141.0
63 130.0
95 156.0
14 118.0
29 168.0
80 125.0
55 200.0
6 130.0
49 174.0
55 171.0
86 119.0
55 168.0
63 118.0
4 191.0
29 118.0
21 177.0
36 161.0
45 156.0
37 116.0
9 140.0
17 143.0
37 118.0
5 171.0
82 126.0
46 143.0
48 129.0
29 159.0
2 116.0
65 102.0
48 171.0
1 177.0
65 156.0
87 168.0
21 174.0
37 117.0
72 143.0
1 135.0
34 171.0
48 112.0
92 109.0
67 120.0
6 116.0
35 171.0
85 102.0
9 133.0
48 116.0
80 152.0
52 148.0
36 156.0
48 195.0
45 171.0
54 174.0
48 174.0
63 129.0
72 171.0
55 161.0
80 156.0
4 164.0
28 112.0
14 191.0
45 112.0
73 152.0
34 141.0
4 133.0
69 131.0
67 194.0
12 102.0
21 172.0
54 117.0
55 105.0
4 109.0
21 148.0
21 161.0
28 118.0
35 194.0
28 174.0
87 125.0
67 173.0
82 114.0
21 165.0
45 173.0
25 161.0
36 129.0
54 156.0
48 150.0
72 194.0
60 125.0
80 126.0
71 195.0
48 119.0
97 143.0
37 114.0
1 168.0
48 130.0
69 101.0
86 130.0
100 135.0
51 173.0
51 124.0
60 156.0
25 164.0
87 174.0
54 120.0
28 109.0
25 173.0
54 118.0
97 133.0
14 162.0
