34 181
73 117
29 136
55 106
84 130
85 181
97 106
81 124
70 139
17 165
30 174
6 175
30 196
81 168
6 167
58 123
3 152
43 148
4 115
39 176
96 125
65 164
67 177
98 159
14 107
74 125
68 164
9 104
13 158
42 116
9 103
44 131
41 140
72 110
60 100
83 131
21 100
54 114
47 164
56 102
49 154
0 186
15 163
28 181
86 163
38 177
31 157
10 179
22 153
76 102
49 190
20 122
80 182
11 192
21 103
39 124
83 107
3 116
29 103
43 106
97 196
13 136
42 131
70 136
98 152
9 140
4 124
9 175
41 125
96 103
42 159
68 131
74 140
21 148
58 139
41 104
14 123
4 175
4 106
6 116
34 104
85 104
39 106
6 115
68 124
9 152
42 115
21 152
68 130
9 125
81 125
70 131
43 100
