56 109.0
46 124.0
37 144.0
32 126.0
100 124.0
76 144.0
86 109.0
60 179.0
99 116.0
75 161.0
50 143.0
55 148.0
98 116.0
68 143.0
67 123.0
38 113.0
57 106.0
40 121.0
22 106.0
71 170.0
14 172.0
91 196.0
51 180.0
85 152.0
95 188.0
69 196.0
9 137.0
26 112.0
24 186.0
44 156.0
24 200.0
26 176.0
9 132.0
17 138.0
53 167.0
78 158.0
42 122.0
62 140.0
96 108.0
80 104.0
70 149.0
89 136.0
52 136.0
88 149.0
92 134.0
1 105.0
47 127.0
29 102.0
94 105.0
25 127.0
28 102.0
93 134.0
65 115.0
74 181.0
84 173.0
73 184.0
81 182.0
15 174.0
36 181.0
48 167.0
6 160.0
63 149.0
41 125.0
33 112.0
91 155.0
73 160.0
11 185.0
66 191.0
37 142.0
18 154.0
93 101.0
71 177.0
31 133.0
65 152.0
15 123.0
32 113.0
28 108.0
81 113.0
95 113.0
60 186.0
28 124.0
71 186.0
88 123.0
73 144.0
76 104.0
53 196.0
50 170.0
67 149.0
99 180.0
93 106.0
55 182.0
56 113.0
26 127.0
28 132.0
28 109.0
91 149.0
26 179.0
53 174.0
9 179.0
69 132.0
99 156.0
25 156.0
15 108.0
70 179.0
67 184.0
38 188.0
93 152.0
24 152.0
86 127.0
53 156.0
17 186.0
17 137.0
46 170.0
38 104.0
62 137.0
56 179.0
85 115.0
78 123.0
26 143.0
1 113.0
70 134.0
75 115.0
57 148.0
92 188.0
50 122.0
57 170.0
71 123.0
29 174.0
70 140.0
9 188.0
73 140.0
60 156.0
92 149.0
14 179.0
50 108.0
14 116.0
28 126.0
40 134.0
78 109.0
37 158.0
56 121.0
14 115.0
56 140.0
69 149.0
40 144.0
99 123.0
95 106.0
50 106.0
60 102.0
25 170.0
55 122.0
57 156.0
55 102.0
17 113.0
52 102.0
22 112.0
56 149.0
40 179.0
99 112.0
78 172.0
78 186.0
88 140.0
75 102.0
1 144.0
96 121.0
40 102.0
28 140.0
32 182.0
95 109.0
57 116.0
26 104.0
57 137.0
68 156.0
14 106.0
9 116.0
46 105.0
62 172.0
88 106.0
91 121.0
55 106.0
29 123.0
17 132.0
95 105.0
32 102.0
89 174.0
62 156.0
53 113.0
60 182.0
76 188.0
17 108.0
29 140.0
68 196.0
38 148.0
86 176.0
50 152.0
22 182.0
74 136.0
76 138.0
70 102.0
99 149.0
22 127.0
71 138.0
14 138.0
65 104.0
94 112.0
57 188.0
22 109.0
17 161.0
9 140.0
85 122.0
37 161.0
40 149.0
86 121.0
73 158.0
84 138.0
73 123.0
95 182.0
96 148.0
46 138.0
32 106.0
40 167.0
73 149.0
26 113.0
94 113.0
74 143.0
50 186.0
29 161.0
37 112.0
73 180.0
96 173.0
52 156.0
51 124.0
57 144.0
93 167.0
78 126.0
40 108.0
44 102.0
24 102.0
84 123.0
29 108.0
81 196.0
74 152.0
15 176.0
67 156.0
86 184.0
99 108.0
24 158.0
1 174.0
60 180.0
9 149.0
86 156.0
14 109.0
95 122.0
91 105.0
68 113.0
75 184.0
98 174.0
86 140.0
32 112.0
46 106.0
24 134.0
17 115.0
89 138.0
38 186.0
69 116.0
57 105.0
81 102.0
22 138.0
22 144.0
29 143.0
93 123.0
9 196.0
46 196.0
99 105.0
99 127.0
1 188.0
32 116.0
37 148.0
26 126.0
37 176.0
32 188.0
89 137.0
76 173.0
17 121.0
73 134.0
32 161.0
51 126.0
51 102.0
80 115.0
93 132.0
