55 108
45 123
36 143
31 125
99 123
75 143
85 108
59 178
98 115
74 160
49 142
54 147
97 115
67 142
66 122
37 112
56 105
39 120
21 105
70 169
13 171
90 195
50 179
84 151
94 187
68 195
8 136
25 111
23 185
43 155
23 199
25 175
8 131
16 137
52 166
77 157
41 121
61 139
95 107
79 103
69 148
88 135
51 135
87 148
91 133
0 104
46 126
28 101
93 104
24 126
27 101
92 133
64 114
73 180
83 172
72 183
80 181
14 173
35 180
47 166
5 159
62 148
40 124
32 111
90 154
72 159
10 184
65 190
36 141
17 153
92 100
70 176
30 132
64 151
14 122
31 112
27 107
80 112
94 112
59 185
27 123
70 185
87 122
72 143
75 103
52 195
49 169
66 148
98 179
92 105
54 181
55 112
25 126
27 131
27 108
90 148
25 178
52 173
8 178
68 131
98 155
24 155
14 107
69 178
66 183
37 187
92 151
23 151
85 126
52 155
16 185
16 136
45 169
37 103
61 136
55 178
84 114
77 122
25 142
0 112
69 133
74 114
56 147
91 187
49 121
56 169
70 122
28 173
69 139
8 187
72 139
59 155
91 148
13 178
49 107
13 115
27 125
39 133
77 108
36 157
55 120
13 114
55 139
68 148
39 143
98 122
94 105
49 105
59 101
24 169
54 121
56 155
54 101
16 112
51 101
21 111
55 148
39 178
98 111
77 171
77 185
87 139
74 101
0 143
95 120
39 101
27 139
31 181
94 108
56 115
25 103
56 136
67 155
13 105
8 115
45 104
61 171
87 105
90 120
54 105
28 122
16 131
94 104
31 101
88 173
61 155
52 112
59 181
75 187
16 107
28 139
67 195
37 147
85 175
49 151
21 181
73 135
75 137
69 101
98 148
21 126
70 137
13 137
64 103
93 111
56 187
21 108
16 160
8 139
84 121
36 160
39 148
85 120
72 157
83 137
72 122
94 181
95 147
45 137
31 105
39 166
72 148
25 112
93 112
73 142
49 185
28 160
36 111
72 179
95 172
51 155
50 123
56 143
92 166
77 125
39 107
43 101
23 101
83 122
28 107
80 195
73 151
14 175
66 155
85 183
98 107
23 157
0 173
59 179
8 148
85 155
13 108
94 121
90 104
67 112
74 183
97 173
85 139
31 111
45 105
23 133
16 114
88 137
37 185
68 115
56 104
80 101
21 137
21 143
28 142
92 122
8 195
45 195
98 104
98 126
0 187
31 115
36 147
25 125
36 175
31 187
88 136
75 172
16 120
72 133
31 160
50 125
50 101
79 114
92 131
