54 190.0
6 158.0
63 128.0
48 155.0
63 146.0
54 162.0
81 200.0
38 192.0
70 139.0
9 134.0
3 172.0
70 127.0
16 185.0
49 198.0
24 189.0
53 174.0
24 186.0
49 156.0
53 135.0
60 173.0
77 184.0
65 193.0
8 145.0
87 122.0
26 142.0
34 171.0
95 107.0
72 131.0
83 137.0
39 182.0
100 107.0
97 143.0
99 110.0
66 114.0
40 114.0
68 110.0
76 143.0
15 114.0
25 143.0
24 192.0
66 186.0
81 128.0
95 122.0
3 186.0
49 110.0
48 114.0
60 134.0
9 110.0
100 110.0
24 139.0
54 110.0
63 139.0
83 190.0
100 174.0
24 142.0
81 185.0
68 107.0
53 137.0
34 128.0
48 122.0
48 184.0
49 128.0
68 162.0
26 171.0
15 171.0
