50 128.0
98 193.0
58 122.0
36 127.0
10 166.0
10 195.0
26 133.0
27 106.0
45 161.0
54 183.0
54 160.0
15 196.0
15 172.0
86 140.0
12 178.0
35 116.0
95 193.0
87 192.0
70 174.0
80 178.0
77 191.0
29 158.0
3 149.0
74 200.0
81 186.0
46 118.0
3 144.0
25 142.0
65 154.0
47 182.0
27 193.0
27 161.0
45 133.0
10 127.0
26 183.0
27 128.0
10 172.0
54 196.0
98 161.0
15 122.0
54 122.0
54 166.0
27 127.0
58 161.0
27 133.0
10 106.0
26 161.0
54 133.0
58 128.0
50 122.0
36 160.0
36 128.0
36 183.0
54 193.0
15 193.0
45 183.0
36 196.0
15 133.0
58 172.0
45 106.0
98 122.0
10 128.0
45 127.0
45 122.0
36 122.0
