59 106
87 128
23 122
16 130
46 128
72 106
3 122
1 143
43 162
49 149
62 145
40 140
50 161
2 164
10 182
13 191
10 179
13 117
2 194
15 168
51 160
55 169
36 148
24 112
24 154
27 158
19 132
26 137
21 135
21 134
56 170
77 193
14 177
86 165
93 185
78 178
70 156
58 104
34 173
37 198
35 190
32 188
32 181
37 142
34 180
80 131
4 111
44 109
90 120
98 131
73 109
96 111
81 120
67 151
57 115
0 155
39 124
41 153
74 153
84 141
89 157
83 167
47 138
52 166
97 174
99 138
76 167
17 189
95 184
61 175
18 176
79 152
91 183
64 147
79 197
12 110
60 125
68 113
29 102
54 102
69 110
9 122
28 171
42 172
61 163
89 121
19 157
19 102
37 162
72 176
77 162
32 149
17 174
84 113
60 106
43 175
12 190
99 165
83 149
50 106
36 106
64 193
84 124
37 176
47 120
17 128
54 185
98 177
99 109
98 122
29 152
98 128
13 167
19 149
16 160
2 173
40 124
15 131
43 197
47 124
10 122
0 120
49 102
1 190
15 147
36 128
16 193
60 179
69 155
12 160
77 120
74 157
43 122
35 140
58 154
