95 100
89 131
57 132
45 132
51 100
62 111
46 178
53 166
53 101
37 141
69 160
56 121
2 172
32 150
0 163
10 135
32 187
10 149
78 137
28 169
22 180
66 108
77 113
59 142
86 142
25 113
71 159
82 177
99 164
91 107
38 107
20 154
13 195
13 127
20 151
13 161
92 104
60 116
44 143
83 104
79 100
29 167
85 137
30 112
6 192
43 121
4 190
18 113
90 123
12 162
19 199
23 148
39 123
67 189
68 198
32 188
79 155
24 134
7 181
50 130
68 105
39 147
94 123
3 152
50 194
65 191
46 165
51 168
39 196
69 178
22 163
46 160
32 166
32 137
92 142
13 111
71 100
53 116
92 163
82 142
13 135
22 178
78 101
95 180
95 169
20 160
25 131
59 151
53 143
62 135
46 113
60 100
28 113
2 100
83 121
37 149
20 116
25 137
28 166
38 195
51 177
51 116
32 142
56 113
59 159
13 108
86 163
82 116
44 187
71 166
89 180
59 172
99 149
91 151
78 121
28 116
46 141
46 154
56 137
57 104
62 113
53 132
83 166
10 116
60 164
20 108
83 150
10 113
99 151
78 142
0 142
60 107
57 164
45 177
10 169
32 100
66 177
82 180
13 137
20 159
28 161
56 116
32 177
10 121
53 187
53 104
92 166
2 108
77 137
0 160
2 159
62 161
56 159
62 137
44 163
99 116
32 111
0 143
32 151
62 163
86 177
22 104
69 166
0 154
77 166
86 111
53 113
44 164
38 121
78 111
44 142
78 187
10 142
28 107
37 108
66 113
78 135
77 111
37 159
32 160
62 160
22 121
22 143
46 116
99 113
86 166
92 113
20 172
13 131
69 164
60 132
38 116
13 177
25 164
46 108
95 116
91 178
0 121
38 142
69 104
