54 149.0
52 170.0
25 113.0
37 130.0
56 161.0
54 169.0
69 185.0
55 190.0
61 148.0
30 177.0
13 198.0
70 200.0
55 172.0
61 176.0
9 134.0
12 133.0
21 135.0
32 138.0
21 159.0
88 168.0
50 108.0
3 153.0
22 150.0
71 134.0
6 185.0
33 193.0
99 131.0
1 124.0
77 161.0
19 146.0
85 173.0
11 102.0
56 103.0
40 125.0
66 120.0
89 178.0
98 121.0
50 131.0
60 174.0
20 175.0
71 162.0
25 159.0
25 177.0
13 130.0
12 176.0
56 133.0
52 185.0
54 138.0
70 135.0
12 185.0
21 177.0
37 135.0
9 190.0
9 169.0
32 161.0
32 169.0
13 113.0
21 149.0
32 170.0
25 134.0
52 177.0
13 170.0
25 200.0
56 138.0
9 130.0
30 135.0
12 169.0
9 185.0
56 134.0
55 134.0
21 161.0
70 133.0
12 190.0
13 159.0
70 138.0
54 185.0
37 172.0
25 133.0
52 176.0
30 134.0
54 172.0
52 159.0
21 185.0
69 134.0
13 149.0
69 113.0
56 176.0
56 159.0
32 176.0
37 176.0
37 134.0
61 133.0
61 170.0
21 170.0
54 200.0
