53 158.0
4 165.0
62 169.0
20 168.0
9 135.0
33 111.0
45 139.0
61 197.0
56 196.0
43 183.0
56 188.0
43 199.0
61 178.0
84 126.0
94 145.0
100 154.0
38 154.0
73 126.0
6 120.0
1 107.0
12 115.0
12 175.0
76 134.0
68 108.0
21 118.0
30 108.0
35 156.0
11 147.0
13 132.0
13 139.0
73 118.0
38 132.0
45 115.0
35 154.0
20 115.0
9 145.0
1 188.0
61 169.0
84 188.0
33 183.0
94 134.0
53 134.0
20 145.0
43 135.0
13 158.0
9 115.0
56 120.0
4 134.0
9 154.0
43 107.0
12 132.0
4 175.0
56 115.0
6 111.0
68 139.0
84 178.0
76 145.0
100 156.0
