40 170.0
58 152.0
40 188.0
43 165.0
79 174.0
43 181.0
95 103.0
71 111.0
91 111.0
69 103.0
46 104.0
32 138.0
100 186.0
55 151.0
75 179.0
97 171.0
49 104.0
8 193.0
23 187.0
10 124.0
19 145.0
24 153.0
5 156.0
63 149.0
78 148.0
53 193.0
7 185.0
39 178.0
89 120.0
88 162.0
59 137.0
1 180.0
28 182.0
3 134.0
81 134.0
65 189.0
72 112.0
83 176.0
50 132.0
97 183.0
43 175.0
45 198.0
13 158.0
2 138.0
36 108.0
86 136.0
36 143.0
46 161.0
21 123.0
63 113.0
32 171.0
64 195.0
69 166.0
41 144.0
41 109.0
41 105.0
43 127.0
49 142.0
48 178.0
35 164.0
6 154.0
38 125.0
67 194.0
94 128.0
58 170.0
71 103.0
43 174.0
79 181.0
58 188.0
95 111.0
91 103.0
69 111.0
79 165.0
40 152.0
