18 157.0
18 110.0
46 179.0
46 177.0
92 154.0
72 116.0
25 159.0
95 188.0
8 167.0
8 174.0
73 120.0
12 120.0
78 169.0
86 170.0
7 149.0
58 173.0
6 128.0
3 172.0
49 111.0
10 120.0
27 121.0
97 105.0
17 184.0
68 128.0
48 173.0
75 145.0
60 141.0
85 187.0
61 115.0
100 126.0
98 129.0
15 144.0
43 104.0
99 146.0
14 102.0
12 108.0
4 180.0
68 135.0
44 148.0
86 157.0
18 120.0
46 149.0
8 188.0
46 116.0
25 157.0
86 167.0
86 120.0
7 170.0
18 177.0
7 188.0
78 120.0
18 174.0
73 149.0
18 188.0
8 110.0
86 154.0
73 174.0
7 174.0
8 120.0
95 169.0
12 110.0
73 154.0
46 167.0
8 169.0
86 188.0
8 170.0
8 149.0
72 157.0
95 116.0
12 154.0
12 149.0
92 120.0
7 167.0
92 179.0
73 170.0
