45 134
1 133
43 135
40 137
62 158
51 130
53 128
15 105
24 106
36 106
78 136
93 151
65 115
85 155
70 153
56 115
14 155
20 102
11 110
31 125
8 150
5 129
30 169
28 148
6 168
30 154
28 160
37 127
33 121
58 119
35 126
32 126
74 181
39 198
38 196
57 180
67 104
66 190
67 144
39 142
47 191
89 161
75 117
71 118
52 164
97 195
99 194
83 194
68 186
48 177
69 156
54 178
12 185
29 170
54 165
28 156
36 158
78 160
40 191
54 105
70 105
28 137
62 128
48 119
11 142
67 195
32 168
54 125
33 118
43 191
83 134
40 130
70 185
37 164
30 161
58 190
48 121
8 181
15 196
20 106
31 155
11 127
20 148
20 170
65 133
40 121
85 121
70 126
70 178
5 104
54 118
37 150
83 128
57 168
45 126
51 150
45 165
35 105
40 155
45 186
53 169
68 155
28 127
52 127
45 164
99 153
30 158
68 115
74 117
65 164
40 115
6 180
85 177
74 168
36 137
85 105
29 110
43 151
45 102
83 154
11 169
36 190
14 158
68 106
20 119
32 155
14 130
65 119
38 154
20 134
36 161
33 169
33 144
57 102
62 151
38 110
11 155
29 106
11 119
48 196
40 198
28 104
45 130
78 195
32 102
24 177
68 125
28 130
74 102
35 169
65 129
8 117
43 178
85 142
29 181
12 180
68 129
11 106
20 168
33 104
47 105
45 161
8 130
6 185
30 137
28 161
57 117
30 194
30 118
51 102
11 191
36 144
1 168
30 134
40 110
39 130
47 185
66 137
28 144
39 125
69 102
57 158
47 153
62 130
29 125
53 115
56 118
74 136
24 125
6 150
99 125
51 198
75 186
12 106
36 115
66 119
70 121
31 118
35 128
56 150
40 161
5 158
70 168
15 170
39 105
24 115
66 150
78 128
31 151
68 137
38 119
93 106
30 177
43 119
24 161
45 150
68 118
67 191
48 169
99 106
38 137
66 194
70 137
99 102
38 134
1 119
28 128
56 105
78 125
24 127
99 127
15 110
51 110
52 128
57 126
11 186
8 121
48 104
58 180
20 127
66 125
5 155
97 144
24 118
43 195
71 128
33 128
53 191
11 158
74 110
8 127
29 142
20 153
93 168
47 121
89 126
65 160
6 195
53 153
74 126
33 198
20 186
65 196
32 158
89 115
37 148
32 194
33 156
8 128
11 118
56 161
51 134
57 160
97 177
38 150
