75 160
55 142
11 147
45 115
89 160
57 172
21 173
66 164
37 114
42 167
60 198
34 197
15 154
60 182
70 118
86 123
65 108
94 118
84 123
43 162
18 126
25 133
4 165
1 186
26 190
4 150
26 194
87 166
30 121
71 156
51 157
95 156
32 153
2 119
32 106
2 140
64 105
83 122
73 120
72 120
67 146
17 130
12 161
77 140
38 189
0 124
32 185
15 148
41 152
56 195
76 128
73 140
64 153
55 190
89 133
95 118
51 108
83 156
71 165
42 105
43 198
60 140
21 126
84 114
83 157
57 150
21 153
21 165
66 147
45 173
1 123
25 105
57 162
2 166
45 186
45 150
60 121
2 147
34 142
2 123
18 123
11 165
73 114
42 150
21 190
26 166
87 167
2 114
66 160
15 156
32 182
32 172
89 182
66 121
45 106
64 186
84 160
87 123
70 105
66 105
