49 102.0
36 134.0
18 127.0
4 105.0
61 165.0
48 173.0
35 115.0
79 184.0
16 181.0
61 174.0
51 130.0
87 133.0
71 111.0
85 111.0
69 133.0
14 130.0
91 111.0
5 122.0
34 140.0
2 158.0
27 167.0
5 138.0
17 189.0
78 131.0
42 188.0
62 152.0
45 172.0
78 170.0
52 143.0
89 179.0
31 148.0
70 135.0
80 161.0
88 143.0
37 159.0
86 181.0
50 194.0
68 194.0
57 198.0
6 124.0
19 130.0
7 138.0
77 163.0
25 117.0
30 122.0
84 163.0
11 190.0
3 200.0
45 199.0
76 168.0
30 149.0
74 106.0
91 171.0
81 187.0
54 109.0
36 117.0
16 107.0
3 193.0
87 147.0
36 102.0
52 135.0
