2
1 2 3 4 5 6 7 8 9 10 11 12 13 14 15 16 17 18 19 20 21 22 23 24 25 26 27 28 29 30 31 32 33 34 35 36 37 38 39 40 41 42 43 44 45 46 47 48 49 50 51 52 53 54 55 56 57 58 59 60 61 62 63 64 65 66 67 68 69 70 71 72 73 74 75 76 77 78 79 80 81 82 83 84 85 86 87 88 89 90 91 92 93 94 95 96 97 98 99 100 
56
74 91
84 86
86 84
88 99
89 96
89 98
89 99
89 92
89 93
90 91
90 100
90 94
90 95
91 74
91 100
91 90
91 94
91 95
92 97
92 98
92 99
92 89
93 96
93 89
93 99
94 90
94 91
94 100
94 95
95 90
95 91
95 100
95 94
96 89
96 98
96 99
96 93
97 98
97 99
97 92
98 96
98 97
98 99
98 92
98 89
99 96
99 97
99 98
99 88
99 89
99 92
99 93
100 90
100 91
100 94
100 95
101 102 103 104 105 106 107 108 109 110 111 112 113 114 115 116 117 118 119 120 121 122 123 124 125 126 127 128 129 130 131 132 133 134 135 136 137 138 139 140 141 142 143 144 145 146 147 148 149 150 151 152 153 154 155 156 157 158 159 160 161 162 163 164 165 166 167 168 169 170 171 172 173 174 175 176 177 178 179 180 181 182 183 184 185 186 187 188 189 190 191 192 193 194 195 196 197 198 199 200 
18
184 186
186 184
194 195
194 200
195 194
195 200
196 198
196 199
197 198
197 199
198 196
198 197
198 199
199 196
199 197
199 198
200 194
200 195
1
1 2
114
135 18
135 14
136 18
136 75
136 21
136 14
137 65
137 34
137 75
137 14
137 49
13 113
13 179
13 156
13 198
13 151
14 135
14 136
14 137
14 143
14 180
14 151
143 65
143 34
143 75
143 18
143 14
18 136
18 143
18 164
18 157
18 135
21 196
21 136
21 125
21 179
21 156
21 157
151 34
151 14
151 46
151 62
151 13
156 34
156 35
156 75
156 13
156 46
156 21
156 62
157 18
157 34
157 53
157 21
34 164
34 137
34 143
34 180
34 151
34 156
34 157
35 156
35 196
35 181
164 48
164 34
164 18
164 69
46 180
46 156
46 151
48 113
48 164
48 196
48 181
49 113
49 125
49 137
179 13
179 21
180 34
180 46
180 14
53 157
53 181
62 156
62 151
181 48
181 35
181 53
65 137
65 196
65 143
196 48
196 65
196 35
196 21
69 113
69 164
198 75
198 13
75 198
75 136
75 137
75 143
75 156
75 125
113 48
113 49
113 13
113 69
125 49
125 75
125 21
12
131 4 5 7 15 145 20 151 24 154 28 157 133 49 53 62 71 72 75 109 123 125 126  
1 34 139 102 6 129 8 137 135 12 114 111 48 113 18 19 116 27  
132 142 143 147 21 150 156 30 161 164 40 46 52 58 59 63 65 68 69 76 77 110 174 122  
2 136 11 13 14 16 29 35 37 166 39 170 178 179 180 181 183 185 186 187 188 189 192 193 196 197 198 199  
33 9 45 51 57 54 23 25 26 31  
32 64 10 43 61 47 50 74 22 56 42  
3 100 38 41 44 17 82 67 84 73 55 90 91 60 94 95  
96 97 66 99 36 70 98 78 79 80 81 83 85 86 87 88 89 92 93  
128 162 171 104 105 107 172 175 115 149 120 153 124  
160 194 195 103 200 138 167 141 173 144 117 182 184 155 190 191  
101 134 106 108 112 148 118 119 127  
130 163 165 168 169 140 176 177 146 152 121 158 159  
