55 196.0
96 190.0
28 158.0
52 146.0
58 155.0
30 114.0
85 143.0
80 143.0
74 114.0
56 143.0
71 104.0
82 159.0
37 117.0
31 159.0
47 106.0
63 148.0
6 147.0
38 177.0
57 187.0
9 160.0
70 178.0
88 124.0
19 153.0
64 149.0
13 149.0
36 153.0
32 172.0
41 139.0
1 134.0
41 195.0
32 200.0
67 171.0
23 182.0
29 118.0
2 131.0
26 113.0
78 119.0
77 136.0
60 191.0
78 150.0
95 181.0
34 138.0
27 170.0
92 103.0
39 181.0
43 189.0
10 180.0
10 185.0
43 135.0
43 156.0
73 141.0
61 132.0
22 111.0
42 111.0
4 186.0
53 159.0
97 115.0
87 179.0
56 115.0
57 193.0
43 117.0
10 143.0
32 182.0
78 153.0
37 182.0
23 119.0
19 136.0
34 132.0
10 195.0
36 190.0
56 111.0
78 147.0
56 185.0
43 134.0
74 182.0
23 181.0
71 187.0
37 103.0
31 141.0
10 196.0
10 106.0
56 172.0
10 200.0
67 181.0
43 149.0
71 177.0
43 103.0
61 114.0
88 158.0
41 138.0
19 139.0
43 136.0
47 185.0
10 118.0
28 134.0
19 185.0
92 143.0
61 131.0
42 143.0
67 117.0
55 117.0
55 143.0
73 156.0
82 124.0
73 106.0
23 153.0
10 159.0
61 118.0
31 124.0
78 135.0
61 196.0
52 160.0
30 148.0
1 146.0
39 114.0
63 160.0
80 146.0
31 172.0
19 119.0
13 143.0
19 147.0
95 147.0
38 149.0
43 106.0
34 146.0
10 178.0
96 148.0
30 153.0
36 114.0
22 103.0
85 196.0
32 143.0
34 153.0
39 143.0
32 114.0
6 103.0
1 177.0
63 124.0
2 143.0
9 156.0
56 170.0
74 155.0
22 143.0
30 124.0
41 103.0
77 132.0
32 103.0
85 134.0
71 171.0
42 177.0
70 143.0
38 200.0
39 117.0
92 196.0
10 134.0
19 178.0
60 141.0
13 147.0
36 143.0
42 196.0
96 139.0
6 160.0
55 118.0
19 195.0
34 160.0
85 119.0
63 131.0
37 189.0
77 141.0
36 158.0
73 191.0
30 139.0
43 143.0
22 180.0
74 148.0
71 106.0
23 114.0
26 143.0
88 190.0
85 170.0
58 143.0
41 147.0
70 185.0
67 138.0
43 196.0
95 172.0
2 185.0
42 134.0
29 147.0
28 117.0
60 159.0
2 106.0
6 134.0
41 181.0
57 156.0
71 181.0
88 136.0
73 104.0
38 117.0
39 196.0
73 190.0
36 141.0
31 136.0
26 118.0
56 113.0
1 180.0
70 139.0
6 138.0
64 180.0
32 132.0
10 131.0
2 117.0
32 155.0
47 103.0
92 200.0
31 156.0
37 187.0
10 160.0
96 114.0
55 200.0
13 195.0
6 172.0
96 170.0
47 156.0
10 104.0
19 138.0
77 104.0
27 149.0
41 189.0
9 196.0
2 124.0
61 148.0
38 190.0
63 143.0
1 170.0
96 150.0
60 187.0
43 153.0
26 131.0
70 200.0
74 117.0
61 153.0
80 181.0
47 177.0
28 143.0
41 171.0
61 149.0
1 114.0
47 139.0
10 132.0
80 147.0
26 158.0
82 114.0
71 182.0
41 131.0
47 187.0
39 132.0
92 177.0
37 191.0
23 138.0
1 153.0
63 195.0
6 114.0
67 158.0
2 178.0
74 146.0
57 114.0
38 103.0
55 132.0
60 114.0
