2
1 2 3 4 5 6 7 8 9 10 11 12 13 14 15 16 17 18 19 20 21 22 23 24 25 26 27 28 29 30 31 32 33 34 35 36 37 38 39 40 41 42 43 44 45 46 47 48 49 50 51 52 53 54 55 56 57 58 59 60 61 62 63 64 65 66 67 68 69 70 71 72 73 74 75 76 77 78 79 80 81 82 83 84 85 86 87 88 89 90 91 92 93 94 95 96 97 98 99 100
586
1 32
1 33
1 41
1 81
2 29
2 67
2 73
2 79
3 26
3 57
3 70
3 81
4 17
4 33
4 44
4 59
5 10
5 19
5 44
5 59
6 18
6 35
6 47
6 63
7 31
7 71
7 76
7 82
8 38
8 60
8 78
8 87
9 45
9 57
9 70
9 81
10 5
10 14
10 21
10 43
11 32
11 33
11 41
11 44
12 23
12 34
12 67
12 79
13 50
13 81
13 88
13 94
14 10
14 21
14 43
14 78
15 69
15 75
15 80
15 99
16 24
16 49
16 53
16 75
17 4
17 44
17 59
17 94
18 6
18 71
18 82
18 86
19 5
19 88
19 91
19 94
20 45
20 49
20 53
20 71
21 10
21 14
21 43
21 72
22 61
22 73
22 80
22 93
23 12
23 67
23 79
23 89
24 16
24 37
24 49
24 53
25 59
25 76
25 97
25 99
26 3
26 60
26 77
26 87
27 83
27 87
27 95
27 100
28 29
28 52
28 90
28 97
29 2
29 28
29 67
29 79
30 56
30 70
30 86
30 98
31 7
31 37
31 74
31 82
32 1
32 11
32 41
32 63
33 1
33 4
33 11
33 41
34 12
34 66
34 92
34 95
34 100
35 6
35 65
35 89
35 96
35 98
36 64
36 72
36 88
36 91
36 94
37 24
37 31
37 71
37 76
37 82
38 8
38 57
38 67
38 70
38 81
39 91
39 92
39 93
39 95
39 100
40 66
40 88
40 90
40 97
40 100
41 1
41 11
41 32
41 33
41 95
42 45
42 73
42 74
42 84
42 93
43 10
43 14
43 21
43 54
43 94
44 4
44 5
44 11
44 17
44 59
45 9
45 20
45 42
45 84
45 93
46 52
46 55
46 62
46 96
46 98
47 6
47 48
47 54
47 63
47 68
48 47
48 53
48 54
48 63
49 16
49 20
49 24
49 53
49 84
50 13
50 51
50 67
50 91
50 94
51 50
51 55
51 64
51 88
51 91
52 28
52 46
52 59
52 82
52 90
52 96
53 16
53 20
53 24
53 48
53 49
53 58
54 43
54 47
54 48
54 63
54 97
55 46
55 51
55 58
55 90
55 96
55 99
56 30
56 80
56 85
56 87
56 89
56 100
57 3
57 9
57 38
57 70
57 81
57 96
58 53
58 55
58 62
58 73
58 90
58 96
59 4
59 5
59 17
59 25
59 44
59 52
60 8
60 26
60 65
60 77
60 78
60 87
61 22
61 73
61 84
61 89
61 93
61 99
62 46
62 58
62 64
62 79
62 90
62 96
63 6
63 32
63 47
63 48
63 54
63 82
64 36
64 51
64 62
64 88
64 91
64 100
65 35
65 60
65 77
65 78
65 87
65 95
66 34
66 40
66 68
66 75
66 84
66 97
67 2
67 12
67 23
67 29
67 38
67 50
67 79
68 47
68 66
68 75
68 76
68 86
68 97
68 99
69 15
69 75
69 76
69 83
69 85
69 97
69 99
70 3
70 9
70 30
70 38
70 57
70 71
70 81
71 7
71 18
71 20
71 37
71 70
71 82
71 91
72 21
72 36
72 83
72 92
72 95
72 100
73 2
73 22
73 42
73 58
73 61
73 84
73 93
74 31
74 42
74 80
74 85
74 86
74 89
74 98
75 15
75 16
75 66
75 68
75 69
75 82
75 99
76 7
76 25
76 37
76 68
76 69
76 97
76 99
77 26
77 60
77 65
77 78
77 81
77 87
77 88
78 8
78 14
78 60
78 65
78 77
78 87
78 90
79 2
79 12
79 23
79 29
79 62
79 67
79 92
80 15
80 22
80 56
80 74
80 85
80 86
80 89
80 98
81 1
81 3
81 9
81 13
81 38
81 57
81 70
81 77
82 7
82 18
82 31
82 37
82 52
82 63
82 71
82 75
83 27
83 69
83 72
83 92
83 95
83 98
83 100
84 42
84 45
84 49
84 61
84 66
84 73
84 86
84 93
85 56
85 69
85 74
85 80
85 86
85 89
85 98
85 99
86 18
86 30
86 68
86 74
86 80
86 84
86 85
86 89
86 98
87 8
87 26
87 27
87 56
87 60
87 65
87 77
87 78
87 98
88 13
88 19
88 36
88 40
88 51
88 64
88 77
88 91
88 94
89 23
89 35
89 56
89 61
89 74
89 80
89 85
89 86
89 98
90 28
90 40
90 52
90 55
90 58
90 62
90 78
90 93
90 96
91 19
91 36
91 39
91 50
91 51
91 64
91 71
91 88
91 94
92 34
92 39
92 72
92 79
92 83
92 93
92 95
92 96
92 100
93 22
93 39
93 42
93 45
93 61
93 73
93 84
93 90
93 92
94 13
94 17
94 19
94 36
94 43
94 50
94 88
94 91
94 97
95 27
95 34
95 39
95 41
95 65
95 72
95 83
95 92
95 100
96 35
96 46
96 52
96 55
96 57
96 58
96 62
96 90
96 92
97 25
97 28
97 40
97 54
97 66
97 68
97 69
97 76
97 94
97 99
98 30
98 35
98 46
98 74
98 80
98 83
98 85
98 86
98 87
98 89
99 15
99 25
99 55
99 61
99 68
99 69
99 75
99 76
99 85
99 97
100 27
100 34
100 39
100 40
100 56
100 64
100 72
100 83
100 92
100 95
101.0 102.0 103.0 104.0 105.0 106.0 107.0 108.0 109.0 110.0 111.0 112.0 113.0 114.0 115.0 116.0 117.0 118.0 119.0 120.0 121.0 122.0 123.0 124.0 125.0 126.0 127.0 128.0 129.0 130.0 131.0 132.0 133.0 134.0 135.0 136.0 137.0 138.0 139.0 140.0 141.0 142.0 143.0 144.0 145.0 146.0 147.0 148.0 149.0 150.0 151.0 152.0 153.0 154.0 155.0 156.0 157.0 158.0 159.0 160.0 161.0 162.0 163.0 164.0 165.0 166.0 167.0 168.0 169.0 170.0 171.0 172.0 173.0 174.0 175.0 176.0 177.0 178.0 179.0 180.0 181.0 182.0 183.0 184.0 185.0 186.0 187.0 188.0 189.0 190.0 191.0 192.0 193.0 194.0 195.0 196.0 197.0 198.0 199.0 200.0
586
101.0 132.0
101.0 133.0
101.0 141.0
101.0 181.0
102.0 129.0
102.0 167.0
102.0 173.0
102.0 179.0
103.0 126.0
103.0 157.0
103.0 170.0
103.0 181.0
104.0 117.0
104.0 133.0
104.0 144.0
104.0 159.0
105.0 110.0
105.0 119.0
105.0 144.0
105.0 159.0
106.0 118.0
106.0 135.0
106.0 147.0
106.0 163.0
107.0 131.0
107.0 171.0
107.0 176.0
107.0 182.0
108.0 138.0
108.0 160.0
108.0 178.0
108.0 187.0
109.0 145.0
109.0 157.0
109.0 170.0
109.0 181.0
110.0 105.0
110.0 114.0
110.0 121.0
110.0 143.0
111.0 132.0
111.0 133.0
111.0 141.0
111.0 144.0
112.0 123.0
112.0 134.0
112.0 167.0
112.0 179.0
113.0 150.0
113.0 181.0
113.0 188.0
113.0 194.0
114.0 110.0
114.0 121.0
114.0 143.0
114.0 178.0
115.0 169.0
115.0 175.0
115.0 180.0
115.0 199.0
116.0 124.0
116.0 149.0
116.0 153.0
116.0 175.0
117.0 104.0
117.0 144.0
117.0 159.0
117.0 194.0
118.0 106.0
118.0 171.0
118.0 182.0
118.0 186.0
119.0 105.0
119.0 188.0
119.0 191.0
119.0 194.0
120.0 145.0
120.0 149.0
120.0 153.0
120.0 171.0
121.0 110.0
121.0 114.0
121.0 143.0
121.0 172.0
122.0 161.0
122.0 173.0
122.0 180.0
122.0 193.0
123.0 112.0
123.0 167.0
123.0 179.0
123.0 189.0
124.0 116.0
124.0 137.0
124.0 149.0
124.0 153.0
125.0 159.0
125.0 176.0
125.0 197.0
125.0 199.0
126.0 103.0
126.0 160.0
126.0 177.0
126.0 187.0
127.0 183.0
127.0 187.0
127.0 195.0
127.0 200.0
128.0 129.0
128.0 152.0
128.0 190.0
128.0 197.0
129.0 102.0
129.0 128.0
129.0 167.0
129.0 179.0
130.0 156.0
130.0 170.0
130.0 186.0
130.0 198.0
131.0 107.0
131.0 137.0
131.0 174.0
131.0 182.0
132.0 101.0
132.0 111.0
132.0 141.0
132.0 163.0
133.0 101.0
133.0 104.0
133.0 111.0
133.0 141.0
134.0 112.0
134.0 166.0
134.0 192.0
134.0 195.0
134.0 200.0
135.0 106.0
135.0 165.0
135.0 189.0
135.0 196.0
135.0 198.0
136.0 164.0
136.0 172.0
136.0 188.0
136.0 191.0
136.0 194.0
137.0 124.0
137.0 131.0
137.0 171.0
137.0 176.0
137.0 182.0
138.0 108.0
138.0 157.0
138.0 167.0
138.0 170.0
138.0 181.0
139.0 191.0
139.0 192.0
139.0 193.0
139.0 195.0
139.0 200.0
140.0 166.0
140.0 188.0
140.0 190.0
140.0 197.0
140.0 200.0
141.0 101.0
141.0 111.0
141.0 132.0
141.0 133.0
141.0 195.0
142.0 145.0
142.0 173.0
142.0 174.0
142.0 184.0
142.0 193.0
143.0 110.0
143.0 114.0
143.0 121.0
143.0 154.0
143.0 194.0
144.0 104.0
144.0 105.0
144.0 111.0
144.0 117.0
144.0 159.0
145.0 109.0
145.0 120.0
145.0 142.0
145.0 184.0
145.0 193.0
146.0 152.0
146.0 155.0
146.0 162.0
146.0 196.0
146.0 198.0
147.0 106.0
147.0 148.0
147.0 154.0
147.0 163.0
147.0 168.0
148.0 147.0
148.0 153.0
148.0 154.0
148.0 163.0
149.0 116.0
149.0 120.0
149.0 124.0
149.0 153.0
149.0 184.0
150.0 113.0
150.0 151.0
150.0 167.0
150.0 191.0
150.0 194.0
151.0 150.0
151.0 155.0
151.0 164.0
151.0 188.0
151.0 191.0
152.0 128.0
152.0 146.0
152.0 159.0
152.0 182.0
152.0 190.0
152.0 196.0
153.0 116.0
153.0 120.0
153.0 124.0
153.0 148.0
153.0 149.0
153.0 158.0
154.0 143.0
154.0 147.0
154.0 148.0
154.0 163.0
154.0 197.0
155.0 146.0
155.0 151.0
155.0 158.0
155.0 190.0
155.0 196.0
155.0 199.0
156.0 130.0
156.0 180.0
156.0 185.0
156.0 187.0
156.0 189.0
156.0 200.0
157.0 103.0
157.0 109.0
157.0 138.0
157.0 170.0
157.0 181.0
157.0 196.0
158.0 153.0
158.0 155.0
158.0 162.0
158.0 173.0
158.0 190.0
158.0 196.0
159.0 104.0
159.0 105.0
159.0 117.0
159.0 125.0
159.0 144.0
159.0 152.0
160.0 108.0
160.0 126.0
160.0 165.0
160.0 177.0
160.0 178.0
160.0 187.0
161.0 122.0
161.0 173.0
161.0 184.0
161.0 189.0
161.0 193.0
161.0 199.0
162.0 146.0
162.0 158.0
162.0 164.0
162.0 179.0
162.0 190.0
162.0 196.0
163.0 106.0
163.0 132.0
163.0 147.0
163.0 148.0
163.0 154.0
163.0 182.0
164.0 136.0
164.0 151.0
164.0 162.0
164.0 188.0
164.0 191.0
164.0 200.0
165.0 135.0
165.0 160.0
165.0 177.0
165.0 178.0
165.0 187.0
165.0 195.0
166.0 134.0
166.0 140.0
166.0 168.0
166.0 175.0
166.0 184.0
166.0 197.0
167.0 102.0
167.0 112.0
167.0 123.0
167.0 129.0
167.0 138.0
167.0 150.0
167.0 179.0
168.0 147.0
168.0 166.0
168.0 175.0
168.0 176.0
168.0 186.0
168.0 197.0
168.0 199.0
169.0 115.0
169.0 175.0
169.0 176.0
169.0 183.0
169.0 185.0
169.0 197.0
169.0 199.0
170.0 103.0
170.0 109.0
170.0 130.0
170.0 138.0
170.0 157.0
170.0 171.0
170.0 181.0
171.0 107.0
171.0 118.0
171.0 120.0
171.0 137.0
171.0 170.0
171.0 182.0
171.0 191.0
172.0 121.0
172.0 136.0
172.0 183.0
172.0 192.0
172.0 195.0
172.0 200.0
173.0 102.0
173.0 122.0
173.0 142.0
173.0 158.0
173.0 161.0
173.0 184.0
173.0 193.0
174.0 131.0
174.0 142.0
174.0 180.0
174.0 185.0
174.0 186.0
174.0 189.0
174.0 198.0
175.0 115.0
175.0 116.0
175.0 166.0
175.0 168.0
175.0 169.0
175.0 182.0
175.0 199.0
176.0 107.0
176.0 125.0
176.0 137.0
176.0 168.0
176.0 169.0
176.0 197.0
176.0 199.0
177.0 126.0
177.0 160.0
177.0 165.0
177.0 178.0
177.0 181.0
177.0 187.0
177.0 188.0
178.0 108.0
178.0 114.0
178.0 160.0
178.0 165.0
178.0 177.0
178.0 187.0
178.0 190.0
179.0 102.0
179.0 112.0
179.0 123.0
179.0 129.0
179.0 162.0
179.0 167.0
179.0 192.0
180.0 115.0
180.0 122.0
180.0 156.0
180.0 174.0
180.0 185.0
180.0 186.0
180.0 189.0
180.0 198.0
181.0 101.0
181.0 103.0
181.0 109.0
181.0 113.0
181.0 138.0
181.0 157.0
181.0 170.0
181.0 177.0
182.0 107.0
182.0 118.0
182.0 131.0
182.0 137.0
182.0 152.0
182.0 163.0
182.0 171.0
182.0 175.0
183.0 127.0
183.0 169.0
183.0 172.0
183.0 192.0
183.0 195.0
183.0 198.0
183.0 200.0
184.0 142.0
184.0 145.0
184.0 149.0
184.0 161.0
184.0 166.0
184.0 173.0
184.0 186.0
184.0 193.0
185.0 156.0
185.0 169.0
185.0 174.0
185.0 180.0
185.0 186.0
185.0 189.0
185.0 198.0
185.0 199.0
186.0 118.0
186.0 130.0
186.0 168.0
186.0 174.0
186.0 180.0
186.0 184.0
186.0 185.0
186.0 189.0
186.0 198.0
187.0 108.0
187.0 126.0
187.0 127.0
187.0 156.0
187.0 160.0
187.0 165.0
187.0 177.0
187.0 178.0
187.0 198.0
188.0 113.0
188.0 119.0
188.0 136.0
188.0 140.0
188.0 151.0
188.0 164.0
188.0 177.0
188.0 191.0
188.0 194.0
189.0 123.0
189.0 135.0
189.0 156.0
189.0 161.0
189.0 174.0
189.0 180.0
189.0 185.0
189.0 186.0
189.0 198.0
190.0 128.0
190.0 140.0
190.0 152.0
190.0 155.0
190.0 158.0
190.0 162.0
190.0 178.0
190.0 193.0
190.0 196.0
191.0 119.0
191.0 136.0
191.0 139.0
191.0 150.0
191.0 151.0
191.0 164.0
191.0 171.0
191.0 188.0
191.0 194.0
192.0 134.0
192.0 139.0
192.0 172.0
192.0 179.0
192.0 183.0
192.0 193.0
192.0 195.0
192.0 196.0
192.0 200.0
193.0 122.0
193.0 139.0
193.0 142.0
193.0 145.0
193.0 161.0
193.0 173.0
193.0 184.0
193.0 190.0
193.0 192.0
194.0 113.0
194.0 117.0
194.0 119.0
194.0 136.0
194.0 143.0
194.0 150.0
194.0 188.0
194.0 191.0
194.0 197.0
195.0 127.0
195.0 134.0
195.0 139.0
195.0 141.0
195.0 165.0
195.0 172.0
195.0 183.0
195.0 192.0
195.0 200.0
196.0 135.0
196.0 146.0
196.0 152.0
196.0 155.0
196.0 157.0
196.0 158.0
196.0 162.0
196.0 190.0
196.0 192.0
197.0 125.0
197.0 128.0
197.0 140.0
197.0 154.0
197.0 166.0
197.0 168.0
197.0 169.0
197.0 176.0
197.0 194.0
197.0 199.0
198.0 130.0
198.0 135.0
198.0 146.0
198.0 174.0
198.0 180.0
198.0 183.0
198.0 185.0
198.0 186.0
198.0 187.0
198.0 189.0
199.0 115.0
199.0 125.0
199.0 155.0
199.0 161.0
199.0 168.0
199.0 169.0
199.0 175.0
199.0 176.0
199.0 185.0
199.0 197.0
200.0 127.0
200.0 134.0
200.0 139.0
200.0 140.0
200.0 156.0
200.0 164.0
200.0 172.0
200.0 183.0
200.0 192.0
200.0 195.0
1
1 2
270
55 196.0
96 190.0
28 158.0
52 146.0
58 155.0
30 114.0
85 143.0
80 143.0
74 114.0
56 143.0
71 104.0
82 159.0
37 117.0
31 159.0
47 106.0
63 148.0
6 147.0
38 177.0
57 187.0
9 160.0
70 178.0
88 124.0
19 153.0
64 149.0
13 149.0
36 153.0
32 172.0
41 139.0
1 134.0
41 195.0
32 200.0
67 171.0
23 182.0
29 118.0
2 131.0
26 113.0
78 119.0
77 136.0
60 191.0
78 150.0
95 181.0
34 138.0
27 170.0
92 103.0
39 181.0
43 189.0
10 180.0
10 185.0
43 135.0
43 156.0
73 141.0
61 132.0
22 111.0
42 111.0
4 186.0
53 159.0
97 115.0
87 179.0
56 115.0
57 193.0
43 117.0
10 143.0
32 182.0
78 153.0
37 182.0
23 119.0
19 136.0
34 132.0
10 195.0
36 190.0
56 111.0
78 147.0
56 185.0
43 134.0
74 182.0
23 181.0
71 187.0
37 103.0
31 141.0
10 196.0
10 106.0
56 172.0
10 200.0
67 181.0
43 149.0
71 177.0
43 103.0
61 114.0
88 158.0
41 138.0
19 139.0
43 136.0
47 185.0
10 118.0
28 134.0
19 185.0
92 143.0
61 131.0
42 143.0
67 117.0
55 117.0
55 143.0
73 156.0
82 124.0
73 106.0
23 153.0
10 159.0
61 118.0
31 124.0
78 135.0
61 196.0
52 160.0
30 148.0
1 146.0
39 114.0
63 160.0
80 146.0
31 172.0
19 119.0
13 143.0
19 147.0
95 147.0
38 149.0
43 106.0
34 146.0
10 178.0
96 148.0
30 153.0
36 114.0
22 103.0
85 196.0
32 143.0
34 153.0
39 143.0
32 114.0
6 103.0
1 177.0
63 124.0
2 143.0
9 156.0
56 170.0
74 155.0
22 143.0
30 124.0
41 103.0
77 132.0
32 103.0
85 134.0
71 171.0
42 177.0
70 143.0
38 200.0
39 117.0
92 196.0
10 134.0
19 178.0
60 141.0
13 147.0
36 143.0
42 196.0
96 139.0
6 160.0
55 118.0
19 195.0
34 160.0
85 119.0
63 131.0
37 189.0
77 141.0
36 158.0
73 191.0
30 139.0
43 143.0
22 180.0
74 148.0
71 106.0
23 114.0
26 143.0
88 190.0
85 170.0
58 143.0
41 147.0
70 185.0
67 138.0
43 196.0
95 172.0
2 185.0
42 134.0
29 147.0
28 117.0
60 159.0
2 106.0
6 134.0
41 181.0
57 156.0
71 181.0
88 136.0
73 104.0
38 117.0
39 196.0
73 190.0
36 141.0
31 136.0
26 118.0
56 113.0
1 180.0
70 139.0
6 138.0
64 180.0
32 132.0
10 131.0
2 117.0
32 155.0
47 103.0
92 200.0
31 156.0
37 187.0
10 160.0
96 114.0
55 200.0
13 195.0
6 172.0
96 170.0
47 156.0
10 104.0
19 138.0
77 104.0
27 149.0
41 189.0
9 196.0
2 124.0
61 148.0
38 190.0
63 143.0
1 170.0
96 150.0
60 187.0
43 153.0
26 131.0
70 200.0
74 117.0
61 153.0
80 181.0
47 177.0
28 143.0
41 171.0
61 149.0
1 114.0
47 139.0
10 132.0
80 147.0
26 158.0
82 114.0
71 182.0
41 131.0
47 187.0
39 132.0
92 177.0
37 191.0
23 138.0
1 153.0
63 195.0
6 114.0
67 158.0
2 178.0
74 146.0
57 114.0
38 103.0
55 132.0
60 114.0
18
28 46 52 55 58 62 90 96 128.0 146.0 152.0 155.0 158.0 162.0 190.0 196.0 
30 35 56 74 80 85 86 89 98 110.0 114.0 121.0 143.0 
7 18 31 37 71 82 104.0 105.0 117.0 144.0 159.0 
6 47 48 54 63 106.0 147.0 148.0 154.0 163.0 
3 9 38 57 70 81 108.0 126.0 160.0 165.0 177.0 178.0 187.0 
13 19 36 50 51 64 88 91 94 116.0 120.0 124.0 149.0 153.0 
1 11 32 33 41 127.0 134.0 139.0 172.0 183.0 192.0 195.0 200.0 
2 12 23 29 67 79 107.0 118.0 131.0 137.0 171.0 182.0 
8 26 60 65 77 78 87 113.0 119.0 136.0 150.0 151.0 164.0 188.0 191.0 194.0 
27 34 39 72 83 92 95 100 103.0 109.0 138.0 157.0 170.0 181.0 
10 14 21 43 130.0 135.0 156.0 174.0 180.0 185.0 186.0 189.0 198.0 
22 42 45 61 73 84 93 101.0 111.0 132.0 133.0 141.0 
4 5 17 44 59
16 20 24 49 53
15 25 40 66 68 69 75 76 97 99
102.0 112.0 123.0 129.0 167.0 179.0
115.0 125.0 140.0 166.0 168.0 169.0 175.0 176.0 197.0 199.0
122.0 142.0 145.0 161.0 173.0 184.0 193.0
