1 190.0
29 198.0
42 110.0
42 194.0
29 199.0
1 197.0
29 161.0
9 106.0
3 166.0
47 158.0
3 134.0
2 138.0
40 179.0
8 105.0
32 177.0
8 183.0
12 176.0
11 170.0
73 160.0
84 175.0
21 169.0
21 152.0
86 142.0
82 118.0
51 129.0
77 129.0
83 118.0
31 188.0
41 191.0
20 172.0
33 143.0
31 193.0
34 121.0
13 144.0
91 184.0
63 199.0
95 199.0
36 118.0
98 140.0
90 179.0
68 142.0
48 181.0
60 114.0
85 102.0
68 113.0
39 147.0
77 114.0
65 136.0
59 108.0
78 189.0
90 148.0
52 121.0
32 112.0
1 165.0
84 142.0
42 176.0
31 179.0
47 172.0
8 191.0
41 160.0
73 198.0
83 193.0
3 170.0
21 129.0
33 110.0
9 188.0
9 129.0
40 170.0
11 142.0
73 199.0
31 176.0
32 134.0
20 194.0
40 194.0
3 188.0
1 105.0
41 176.0
3 138.0
12 143.0
47 199.0
