27 111
14 151
86 151
20 174
20 139
22 164
22 194
58 180
58 190
4 113
88 113
0 101
57 101
84 172
47 187
17 130
64 130
46 120
62 142
25 188
36 179
68 144
55 121
71 114
42 134
39 175
12 148
64 113
14 174
86 101
88 187
58 194
64 172
4 101
58 172
88 190
58 111
20 164
17 151
27 180
22 187
84 130
22 151
0 151
27 187
86 190
57 190
20 187
27 130
64 139
86 111
58 151
20 113
58 130
27 151
17 174
27 194
20 101
88 172
64 190
22 111
64 187
86 164
86 113
58 101
17 139
84 113
58 187
88 139
47 139
64 164
22 174
58 164
20 194
22 130
22 101
88 174
17 111
57 187
84 194
20 151
27 139
57 172
14 187
58 113
