2
1 2 3 4 5 6 7 8 9 10 11 12 13 14 15 16 17 18 19 20 21 22 23 24 25 26 27 28 29 30 31 32 33 34 35 36 37 38 39 40 41 42 43 44 45 46 47 48 49 50 51 52 53 54 55 56 57 58 59 60 61 62 63 64 65 66 67 68 69 70 71 72 73 74 75 76 77 78 79 80 81 82 83 84 85 86 87 88 89 90 91 92 93 94 95 96 97 98 99 100 
992
1 34 2
1 6 3
1 8 5
1 48 1
1 18 3
1 19 3
1 27 3
2 35 3
2 37 2
2 39 2
2 11 3
2 14 2
2 16 2
2 29 3
3 100 5
3 44 3
3 82 1
3 90 2
3 91 2
3 60 1
3 93 3
4 7 5
4 72 1
4 75 3
4 79 2
4 49 2
4 20 4
4 62 2
5 71 1
5 72 1
5 7 1
5 15 3
5 49 1
5 53 4
5 62 2
6 1 3
6 34 2
6 8 2
6 12 1
6 48 1
6 19 2
6 27 4
7 4 5
7 5 1
7 71 2
7 72 3
7 75 1
7 24 2
7 62 2
8 1 5
8 34 1
8 6 2
8 48 1
8 18 2
8 19 3
8 27 2
9 33 1
9 45 1
9 51 2
9 54 2
9 57 2
9 25 4
9 26 1
10 64 1
10 40 1
10 74 1
10 47 2
10 50 1
10 56 1
10 61 2
11 2 3
11 35 1
11 37 6
11 39 1
11 14 1
11 16 3
11 29 2
12 34 1
12 100 1
12 6 1
12 48 3
12 18 1
12 19 3
12 27 2
13 64 3
13 35 3
13 37 2
13 39 1
13 14 4
13 16 2
13 29 1
14 2 2
14 35 2
14 37 3
14 11 1
14 13 4
14 16 3
14 29 3
15 5 3
15 71 4
15 75 4
15 49 1
15 53 2
15 28 1
15 62 2
16 2 2
16 37 3
16 39 4
16 11 3
16 13 2
16 14 3
16 29 3
17 67 1
17 100 1
17 82 3
17 84 2
17 55 2
17 94 2
17 95 1
18 1 3
18 34 2
18 59 3
18 8 2
18 12 1
18 48 1
18 27 3
19 1 3
19 34 5
19 6 2
19 8 3
19 12 3
19 48 2
19 27 2
20 4 4
20 71 5
20 72 1
20 75 2
20 53 2
20 24 1
20 28 2
21 65 2
21 76 2
21 77 1
21 47 2
21 52 1
21 58 3
21 63 1
22 32 1
22 64 1
22 42 1
22 43 1
22 74 4
22 56 2
22 61 3
23 33 1
23 45 3
23 51 1
23 54 2
23 57 3
23 26 2
23 31 3
24 7 2
24 72 2
24 75 1
24 49 1
24 20 1
24 53 2
24 71 2
24 28 3
25 33 3
25 9 4
25 45 3
25 82 2
25 51 3
25 54 1
25 57 3
25 31 2
26 9 1
26 75 1
26 45 2
26 51 1
26 54 2
26 23 2
26 57 4
26 31 1
27 1 3
27 34 2
27 6 4
27 8 2
27 12 2
27 48 4
27 18 3
27 19 2
28 71 6
28 72 2
28 75 1
28 15 1
28 20 2
28 53 3
28 54 3
28 24 3
29 2 3
29 35 3
29 37 2
29 39 2
29 11 2
29 13 1
29 14 3
29 16 3
30 67 1
30 68 2
30 69 5
30 76 2
30 77 1
30 58 2
30 59 2
30 63 4
31 33 4
31 45 3
31 51 4
31 57 1
31 54 3
31 23 3
31 25 2
31 26 1
32 64 1
32 42 2
32 43 2
32 50 2
32 74 2
32 22 1
32 56 3
32 61 1
33 9 1
33 45 3
33 51 3
33 57 1
33 54 3
33 23 1
33 25 3
33 31 4
34 1 2
34 6 2
34 8 1
34 12 1
34 48 3
34 18 2
34 19 5
34 27 2
35 2 3
35 66 1
35 37 4
35 39 2
35 11 1
35 13 3
35 14 2
35 29 3
36 96 2
36 66 4
36 79 1
36 81 3
36 85 4
36 86 2
36 87 2
36 93 2
37 2 2
37 35 4
37 39 3
37 11 6
37 13 2
37 14 3
37 16 3
37 29 2
38 67 3
38 100 4
38 41 1
38 90 3
38 91 1
38 60 4
38 94 2
38 95 1
39 97 3
39 2 2
39 35 2
39 37 3
39 11 1
39 13 1
39 16 4
39 29 2
40 65 2
40 68 3
40 69 3
40 10 1
40 76 2
40 77 1
40 58 2
40 59 3
40 63 1
41 100 2
41 38 1
41 73 1
41 82 2
41 55 2
41 90 3
41 91 2
41 94 1
41 95 4
42 32 2
42 64 1
42 70 3
42 74 2
42 43 2
42 47 3
42 22 1
42 56 1
42 61 2
43 32 2
43 64 2
43 42 2
43 47 2
43 50 3
43 74 2
43 22 1
43 56 2
43 61 1
44 3 3
44 73 4
44 82 3
44 83 3
44 84 4
44 90 1
44 60 3
44 94 2
44 95 1
45 33 3
45 9 1
45 51 2
45 57 4
45 54 1
45 23 3
45 25 3
45 26 2
45 31 3
46 65 4
46 68 1
46 69 2
46 72 1
46 76 2
46 77 3
46 52 2
46 59 1
46 63 2
47 64 3
47 42 3
47 43 2
47 61 2
47 50 1
47 21 2
47 56 2
47 10 2
47 74 1
48 1 1
48 34 3
48 6 1
48 8 1
48 12 3
48 98 1
48 18 1
48 19 2
48 27 4
49 4 2
49 5 1
49 71 1
49 72 3
49 75 3
49 15 1
49 53 2
49 24 1
49 62 4
50 32 2
50 64 3
50 96 2
50 10 1
50 43 3
50 47 1
50 74 1
50 56 2
50 61 1
51 33 3
51 9 2
51 45 2
51 57 2
51 54 3
51 23 1
51 25 3
51 26 1
51 31 4
52 65 3
52 68 2
52 69 2
52 76 2
52 77 2
52 46 2
52 21 1
52 58 2
52 59 1
52 63 2
53 5 4
53 71 1
53 72 2
53 75 3
53 15 2
53 49 2
53 20 2
53 24 2
53 28 3
53 62 1
54 33 3
54 9 2
54 45 1
54 51 3
54 57 3
54 23 2
54 25 1
54 26 2
54 28 3
54 31 3
55 100 3
55 73 1
55 17 2
55 84 1
55 41 2
55 89 2
55 90 1
55 91 1
55 94 2
55 95 1
56 32 3
56 64 2
56 10 1
56 43 2
56 61 2
56 47 2
56 50 2
56 74 1
56 22 2
56 42 1
57 33 1
57 9 2
57 45 4
57 51 2
57 54 3
57 23 3
57 25 3
57 26 4
57 62 4
57 31 1
58 65 2
58 68 4
58 69 3
58 40 2
58 76 2
58 77 4
58 52 2
58 21 3
58 30 2
58 63 2
59 65 2
59 68 1
59 69 1
59 40 3
59 76 1
59 77 1
59 46 1
59 18 3
59 52 1
59 30 2
60 3 1
60 100 3
60 38 4
60 44 3
60 84 3
60 90 2
60 91 1
60 92 2
60 94 3
60 95 2
61 32 1
61 64 2
61 10 2
61 43 1
61 47 2
61 50 1
61 74 2
61 22 3
61 56 2
61 42 2
62 4 2
62 5 2
62 71 5
62 72 3
62 75 2
62 15 2
62 49 4
62 53 1
62 7 2
62 57 4
63 65 1
63 68 3
63 69 3
63 40 1
63 76 2
63 77 3
63 46 2
63 52 2
63 21 1
63 58 2
63 30 4
64 32 1
64 61 2
64 10 1
64 43 2
64 13 3
64 47 3
64 50 3
64 74 1
64 22 1
64 56 2
64 42 1
65 68 2
65 69 1
65 40 2
65 76 2
65 77 3
65 46 4
65 52 3
65 21 2
65 58 2
65 59 2
65 63 1
66 96 2
66 97 2
66 35 1
66 36 4
66 80 3
66 99 1
66 86 1
66 87 2
66 89 1
66 92 1
66 93 3
67 100 2
67 38 3
67 73 1
67 17 1
67 82 3
67 84 3
67 94 1
67 90 1
67 91 1
67 30 1
67 95 4
68 65 2
68 69 1
68 40 3
68 76 2
68 77 3
68 46 1
68 52 2
68 58 4
68 59 1
68 30 2
68 63 3
69 65 1
69 68 1
69 40 3
69 76 1
69 77 2
69 46 2
69 52 2
69 58 3
69 59 1
69 30 5
69 63 3
70 96 2
70 97 1
70 98 3
70 42 3
70 78 5
70 80 2
70 83 3
70 86 2
70 88 2
70 89 2
70 93 1
71 5 1
71 7 2
71 75 1
71 15 4
71 49 1
71 20 5
71 53 1
71 24 2
71 28 6
71 62 5
71 95 2
72 4 1
72 5 1
72 7 3
72 75 5
72 46 1
72 49 3
72 20 1
72 53 2
72 24 2
72 28 2
72 62 3
73 67 1
73 100 4
73 41 1
73 44 4
73 78 1
73 82 4
73 84 2
73 55 1
73 90 3
73 91 3
73 94 2
74 32 2
74 64 1
74 10 1
74 43 2
74 61 2
74 47 1
74 50 1
74 22 4
74 56 1
74 91 3
74 42 2
75 4 3
75 7 1
75 72 5
75 71 1
75 15 4
75 49 3
75 20 2
75 53 3
75 24 1
75 26 1
75 28 1
75 62 2
76 65 2
76 68 2
76 69 1
76 40 2
76 77 3
76 46 2
76 52 2
76 21 2
76 58 2
76 59 1
76 30 2
76 63 2
77 65 3
77 68 3
77 69 2
77 40 1
77 76 3
77 46 3
77 52 2
77 21 1
77 58 4
77 59 1
77 30 1
77 63 3
78 96 2
78 97 3
78 98 2
78 99 1
78 70 5
78 73 1
78 80 2
78 81 2
78 83 1
78 86 2
78 88 4
78 93 2
79 97 4
79 98 1
79 99 2
79 36 1
79 80 2
79 85 1
79 87 2
79 88 2
79 89 2
79 92 1
79 93 2
79 4 2
80 97 1
80 66 3
80 99 2
80 70 2
80 98 2
80 78 2
80 79 2
80 81 2
80 83 1
80 85 2
80 88 2
80 92 1
80 93 3
81 96 1
81 97 1
81 98 2
81 36 3
81 78 2
81 80 2
81 83 2
81 85 1
81 86 1
81 87 2
81 88 3
81 92 2
81 93 3
82 67 3
82 100 5
82 41 2
82 44 3
82 17 3
82 3 1
82 84 1
82 73 4
82 25 2
82 90 1
82 91 1
82 94 1
82 95 3
83 96 2
83 97 2
83 98 1
83 99 3
83 70 3
83 44 3
83 78 1
83 80 1
83 81 2
83 87 2
83 89 2
83 92 2
83 93 3
84 67 3
84 100 1
84 73 2
84 44 4
84 17 2
84 82 1
84 86 3
84 55 1
84 90 2
84 91 1
84 60 3
84 94 1
84 95 3
85 96 1
85 97 3
85 98 3
85 99 1
85 36 4
85 79 1
85 80 2
85 81 1
85 86 1
85 87 1
85 88 2
85 89 2
85 92 2
86 96 3
86 97 2
86 66 1
86 99 1
86 36 2
86 70 2
86 98 2
86 78 2
86 81 1
86 84 3
86 85 1
86 88 1
86 89 1
86 92 2
87 96 2
87 97 2
87 66 2
87 99 2
87 36 2
87 98 5
87 79 2
87 81 2
87 83 2
87 85 1
87 88 2
87 89 1
87 92 1
87 93 1
88 96 3
88 97 1
88 99 1
88 70 2
88 78 4
88 79 2
88 80 2
88 81 3
88 85 2
88 86 1
88 87 2
88 89 3
88 92 3
88 93 1
89 96 1
89 66 1
89 99 2
89 70 2
89 87 1
89 98 1
89 79 2
89 83 2
89 85 2
89 86 1
89 55 2
89 88 3
89 92 2
89 93 1
90 3 2
90 100 1
90 38 3
90 41 3
90 44 1
90 82 1
90 67 1
90 84 2
90 73 3
90 55 1
90 91 1
90 60 2
90 94 2
90 95 1
91 67 1
91 100 2
91 38 1
91 41 2
91 74 3
91 82 1
91 3 2
91 84 1
91 73 3
91 55 1
91 90 1
91 60 1
91 94 1
91 95 2
92 97 1
92 66 1
92 99 3
92 98 2
92 79 1
92 80 1
92 81 2
92 83 2
92 85 2
92 86 2
92 87 1
92 88 3
92 89 2
92 60 2
93 96 1
93 66 3
93 3 3
93 36 2
93 70 1
93 78 2
93 79 2
93 80 3
93 81 3
93 83 3
93 99 2
93 87 1
93 88 1
93 89 1
94 67 1
94 100 1
94 38 2
94 41 1
94 44 2
94 17 2
94 82 1
94 84 1
94 73 2
94 55 2
94 90 2
94 91 1
94 60 3
94 95 2
95 67 4
95 100 1
95 38 1
95 71 2
95 41 4
95 44 1
95 17 1
95 82 3
95 84 3
95 55 1
95 90 1
95 91 2
95 60 2
95 94 2
96 66 2
96 99 4
96 36 2
96 70 2
96 98 3
96 78 2
96 81 1
96 50 2
96 83 2
96 85 1
96 86 3
96 87 2
96 88 3
96 89 1
96 93 1
97 66 2
97 99 2
97 70 1
97 39 3
97 98 2
97 78 3
97 79 4
97 80 1
97 81 1
97 83 2
97 85 3
97 86 2
97 87 2
97 88 1
97 92 1
98 96 3
98 97 2
98 99 1
98 70 3
98 80 2
98 78 2
98 79 1
98 48 1
98 81 2
98 83 1
98 85 3
98 86 2
98 87 5
98 89 1
98 92 2
99 96 4
99 97 2
99 66 1
99 98 1
99 78 1
99 79 2
99 80 2
99 83 3
99 85 1
99 86 1
99 87 2
99 88 1
99 89 2
99 92 3
99 93 2
100 3 5
100 38 4
100 41 2
100 12 1
100 17 1
100 82 5
100 67 2
100 84 1
100 73 4
100 55 3
100 90 1
100 91 2
100 60 3
100 94 1
100 95 1
101 102 103 104 105 106 107 108 109 110 111 112 113 114 115 116 117 118 119 120 121 122 123 124 125 126 127 128 129 130 131 132 133 134 135 136 137 138 139 140 141 142 143 144 145 146 147 148 149 150 151 152 153 154 155 156 157 158 159 160 161 162 163 164 165 166 167 168 169 170 171 172 173 174 175 176 177 178 179 180 181 182 183 184 185 186 187 188 189 190 191 192 193 194 195 196 197 198 199 200 
992
101 134 3
101 106 7
101 108 3
101 148 4
101 118 3
101 119 2
101 127 4
102 129 4
102 135 2
102 137 5
102 139 3
102 111 2
102 114 9
102 116 2
103 160 3
103 193 1
103 200 2
103 144 5
103 182 3
103 190 3
103 191 3
104 162 5
104 107 4
104 172 3
104 175 2
104 179 4
104 149 3
104 120 3
105 162 2
105 171 4
105 107 5
105 172 6
105 115 2
105 149 5
105 153 6
106 101 7
106 134 1
106 108 5
106 112 3
106 148 2
106 119 3
106 127 3
107 162 5
107 104 4
107 105 5
107 171 5
107 172 1
107 175 3
107 124 1
108 101 3
108 134 3
108 106 5
108 148 8
108 118 4
108 119 3
108 127 3
109 133 5
109 157 1
109 145 2
109 151 3
109 154 3
109 125 5
109 126 4
110 161 3
110 164 3
110 140 4
110 174 3
110 147 1
110 150 4
110 156 7
111 129 3
111 102 2
111 135 4
111 137 2
111 139 1
111 114 1
111 116 3
112 134 7
112 200 1
112 106 3
112 148 4
112 118 1
112 119 2
112 127 7
113 129 5
113 164 2
113 135 3
113 137 9
113 139 4
113 114 2
113 116 2
114 129 4
114 102 9
114 135 1
114 137 2
114 111 1
114 113 2
114 116 8
115 128 2
115 162 5
115 105 2
115 171 6
115 175 3
115 149 2
115 153 1
116 129 4
116 102 2
116 137 5
116 139 1
116 111 3
116 113 2
116 114 8
117 194 4
117 195 1
117 167 2
117 200 2
117 182 2
117 184 2
117 155 4
118 101 3
118 134 4
118 108 4
118 112 1
118 148 3
118 159 1
118 127 5
119 101 2
119 134 4
119 106 3
119 108 3
119 112 2
119 148 3
119 127 2
120 128 1
120 104 3
120 171 4
120 172 3
120 175 2
120 153 2
120 124 5
121 163 1
121 165 1
121 176 4
121 177 4
121 147 3
121 152 1
121 158 4
122 161 5
122 164 3
122 142 3
122 143 1
122 174 1
122 132 3
122 156 5
123 131 3
123 133 3
123 145 5
123 151 4
123 154 2
123 157 2
123 126 3
124 128 3
124 171 2
124 107 1
124 172 2
124 175 4
124 149 2
124 120 5
124 153 2
125 131 2
125 133 1
125 109 5
125 145 2
125 182 8
125 151 4
125 154 5
125 157 3
126 131 2
126 109 4
126 175 3
126 145 3
126 151 6
126 154 5
126 123 3
126 157 5
127 101 4
127 134 3
127 106 3
127 108 3
127 112 7
127 148 5
127 118 5
127 119 2
128 171 4
128 172 2
128 175 2
128 115 2
128 120 1
128 153 6
128 154 1
128 124 3
129 102 4
129 135 6
129 137 3
129 139 3
129 111 3
129 113 5
129 114 4
129 116 4
130 163 1
130 167 4
130 168 3
130 169 4
130 176 2
130 177 3
130 158 4
130 159 4
131 133 2
131 157 7
131 145 3
131 151 2
131 154 5
131 123 3
131 125 2
131 126 2
132 161 6
132 164 2
132 142 3
132 143 4
132 174 3
132 150 5
132 122 3
132 156 3
133 131 2
133 109 5
133 157 4
133 145 2
133 151 4
133 154 2
133 123 3
133 125 1
134 101 3
134 106 1
134 108 3
134 112 7
134 148 4
134 118 4
134 119 4
134 127 3
135 129 6
135 166 4
135 102 2
135 137 4
135 139 6
135 111 4
135 113 3
135 114 1
136 193 5
136 196 2
136 166 3
136 179 1
136 181 7
136 185 4
136 186 3
136 187 2
137 129 3
137 102 5
137 135 4
137 139 4
137 111 2
137 113 9
137 114 2
137 116 5
138 160 3
138 194 1
138 195 3
138 167 3
138 200 5
138 141 4
138 190 4
138 191 4
139 129 3
139 197 3
139 102 3
139 135 6
139 137 4
139 111 1
139 113 4
139 116 1
140 163 4
140 165 4
140 168 2
140 169 3
140 110 4
140 176 1
140 177 3
140 158 1
140 159 5
141 194 2
141 195 1
141 200 2
141 138 4
141 173 2
141 182 5
141 155 3
141 190 1
141 191 2
142 161 6
142 132 3
142 170 2
142 174 3
142 143 4
142 147 2
142 164 1
142 122 3
142 156 3
143 161 7
143 132 4
143 142 4
143 147 2
143 174 4
143 150 3
143 164 4
143 122 1
143 156 3
144 160 1
144 194 2
144 195 1
144 103 5
144 173 6
144 182 4
144 183 2
144 184 4
144 190 1
145 131 3
145 133 2
145 109 2
145 157 5
145 151 2
145 154 4
145 123 5
145 125 2
145 126 3
146 163 3
146 165 2
146 168 2
146 169 3
146 172 3
146 176 2
146 177 2
146 152 2
146 159 3
147 161 2
147 164 5
147 142 2
147 174 4
147 143 2
147 110 1
147 150 4
147 121 3
147 156 3
148 101 4
148 198 4
148 106 2
148 108 8
148 112 4
148 118 3
148 119 3
148 134 4
148 127 5
149 162 3
149 104 3
149 105 5
149 171 3
149 172 5
149 175 2
149 115 2
149 153 2
149 124 2
150 161 6
150 132 5
150 196 4
150 110 4
150 143 3
150 147 4
150 174 4
150 164 2
150 156 2
151 131 2
151 133 4
151 109 3
151 157 4
151 145 2
151 154 4
151 123 4
151 125 4
151 126 6
152 163 3
152 165 2
152 168 5
152 169 4
152 176 2
152 177 3
152 146 2
152 121 1
152 158 1
152 159 3
153 128 6
153 162 3
153 105 6
153 171 2
153 172 4
153 175 3
153 115 1
153 149 2
153 120 2
153 124 2
154 128 1
154 131 5
154 133 2
154 109 3
154 157 1
154 145 4
154 151 4
154 123 2
154 125 5
154 126 5
155 194 3
155 195 2
155 200 2
155 173 5
155 141 3
155 117 4
155 184 5
155 189 4
155 190 1
155 191 2
156 161 4
156 132 3
156 174 3
156 142 3
156 143 3
156 147 3
156 110 7
156 150 2
156 164 2
156 122 5
157 162 4
157 131 7
157 133 4
157 109 1
157 145 5
157 151 4
157 154 1
157 123 2
157 125 3
157 126 5
158 130 4
158 163 5
158 165 7
158 168 4
158 169 2
158 140 1
158 176 4
158 177 5
158 152 1
158 121 4
159 130 4
159 165 4
159 168 4
159 169 2
159 140 5
159 176 2
159 177 3
159 146 3
159 118 1
159 152 3
160 192 1
160 194 1
160 195 3
160 103 3
160 200 1
160 138 3
160 144 1
160 184 1
160 190 1
160 191 3
161 132 6
161 142 6
161 174 3
161 143 7
161 147 2
161 110 3
161 150 6
161 164 4
161 122 5
161 156 4
162 171 5
162 104 5
162 105 2
162 107 5
162 172 3
162 175 3
162 115 5
162 149 3
162 153 3
162 157 4
163 130 1
163 165 2
163 168 4
163 169 4
163 140 4
163 176 4
163 177 3
163 146 3
163 152 3
163 121 1
163 158 5
164 161 4
164 132 2
164 174 3
164 142 1
164 143 4
164 113 2
164 147 5
164 110 3
164 150 2
164 122 3
164 156 2
165 163 2
165 168 3
165 169 1
165 140 4
165 176 4
165 177 3
165 146 2
165 152 2
165 121 1
165 158 7
165 159 4
166 192 3
166 193 3
166 196 3
166 197 3
166 135 4
166 136 3
166 199 3
166 180 1
166 186 2
166 187 2
166 189 2
167 194 2
167 195 2
167 200 2
167 138 3
167 130 4
167 173 4
167 117 2
167 182 4
167 184 2
167 190 3
167 191 2
168 130 3
168 163 4
168 165 3
168 169 2
168 140 2
168 176 6
168 177 2
168 146 2
168 152 5
168 158 4
168 159 4
169 130 4
169 163 4
169 165 1
169 168 2
169 140 3
169 176 2
169 177 5
169 146 3
169 152 4
169 158 2
169 159 2
170 193 2
170 196 4
170 197 3
170 198 1
170 142 2
170 178 5
170 180 2
170 183 3
170 186 4
170 188 1
170 189 1
171 128 4
171 162 5
171 195 3
171 105 4
171 107 5
171 175 1
171 115 6
171 149 3
171 120 4
171 153 2
171 124 2
172 128 2
172 162 3
172 104 3
172 105 6
172 107 1
172 175 1
172 146 3
172 149 5
172 120 3
172 153 4
172 124 2
173 194 5
173 167 4
173 200 2
173 141 2
173 144 6
173 178 2
173 182 1
173 184 5
173 155 5
173 190 2
173 191 2
174 161 3
174 132 3
174 142 3
174 143 4
174 147 4
174 110 3
174 150 4
174 164 3
174 122 1
174 156 3
174 191 6
175 128 2
175 162 3
175 171 1
175 104 2
175 107 3
175 172 1
175 115 3
175 149 2
175 120 2
175 153 3
175 124 4
175 126 3
176 130 2
176 163 4
176 165 4
176 168 6
176 169 2
176 140 1
176 177 2
176 146 2
176 152 2
176 121 4
176 158 4
176 159 2
177 130 3
177 163 3
177 165 3
177 168 2
177 169 5
177 140 3
177 176 2
177 146 2
177 152 3
177 121 4
177 158 5
177 159 3
178 193 2
178 196 2
178 197 2
178 198 3
178 199 6
178 170 5
178 173 2
178 180 3
178 181 2
178 183 2
178 186 1
178 188 1
179 192 5
179 193 2
179 197 2
179 198 3
179 199 3
179 104 4
179 136 1
179 180 2
179 185 4
179 187 3
179 188 4
179 189 1
180 192 2
180 193 2
180 197 3
180 166 1
180 199 4
180 170 2
180 178 3
180 179 2
180 181 3
180 183 5
180 185 3
180 188 3
180 198 1
181 192 2
181 193 2
181 196 3
181 197 6
181 198 2
181 136 7
181 178 2
181 180 3
181 183 2
181 185 3
181 186 2
181 187 3
181 188 2
182 194 3
182 195 1
182 167 4
182 200 4
182 103 3
182 141 5
182 173 1
182 144 4
182 117 2
182 184 3
182 125 8
182 190 3
182 191 4
183 192 1
183 193 3
183 196 6
183 197 1
183 198 1
183 199 2
183 170 3
183 144 2
183 178 2
183 180 5
183 181 2
183 187 1
183 189 4
184 160 1
184 194 1
184 195 3
184 167 2
184 200 4
184 173 5
184 144 4
184 117 2
184 182 3
184 186 1
184 155 5
184 190 2
184 191 2
185 192 1
185 196 2
185 197 2
185 198 2
185 199 3
185 136 4
185 179 4
185 180 3
185 181 3
185 186 3
185 187 1
185 188 1
185 189 4
186 192 3
186 196 2
186 197 2
186 198 3
186 199 2
186 136 3
186 170 4
186 178 1
186 181 2
186 184 1
186 185 3
186 188 5
186 189 4
186 166 2
187 192 2
187 193 2
187 196 2
187 197 5
187 166 2
187 199 1
187 136 2
187 179 3
187 181 3
187 183 1
187 185 1
187 188 3
187 189 3
187 198 1
188 192 2
188 193 4
188 196 4
188 197 1
188 199 3
188 170 1
188 178 1
188 179 4
188 180 3
188 181 2
188 185 1
188 186 5
188 187 3
188 189 4
189 192 2
189 193 3
189 187 3
189 196 1
189 198 1
189 166 2
189 199 1
189 170 1
189 179 1
189 183 4
189 185 4
189 186 4
189 155 4
189 188 4
190 160 1
190 194 3
190 195 4
190 103 3
190 200 2
190 138 4
190 167 3
190 141 1
190 173 2
190 144 1
190 182 3
190 184 2
190 155 1
190 191 2
191 160 3
191 194 3
191 195 3
191 167 2
191 200 1
191 138 4
191 103 3
191 141 2
191 174 6
191 173 2
191 182 4
191 184 2
191 155 2
191 190 2
192 160 1
192 197 3
192 198 1
192 199 3
192 179 5
192 180 2
192 181 2
192 183 1
192 185 1
192 186 3
192 187 2
192 188 2
192 189 2
192 166 3
193 196 1
193 166 3
193 103 1
193 136 5
193 170 2
193 199 2
193 178 2
193 179 2
193 180 2
193 181 2
193 183 3
193 187 2
193 188 4
193 189 3
194 160 1
194 195 1
194 167 2
194 200 1
194 138 1
194 141 2
194 173 5
194 144 2
194 117 4
194 182 3
194 184 1
194 155 3
194 190 3
194 191 3
195 160 3
195 194 1
195 167 2
195 200 5
195 138 3
195 171 3
195 141 1
195 144 1
195 117 1
195 182 1
195 184 3
195 155 2
195 190 4
195 191 3
196 193 1
196 198 6
196 166 3
196 199 1
196 136 2
196 170 4
196 178 2
196 181 3
196 150 4
196 183 6
196 185 2
196 186 2
196 187 2
196 188 4
196 189 1
197 192 3
197 198 3
197 166 3
197 199 3
197 170 3
197 139 3
197 178 2
197 179 2
197 180 3
197 181 6
197 183 1
197 185 2
197 186 2
197 187 5
197 188 1
198 192 1
198 196 6
198 197 3
198 199 4
198 170 1
198 178 3
198 179 3
198 180 1
198 181 2
198 183 1
198 148 4
198 186 3
198 187 1
198 189 1
198 185 2
199 192 3
199 193 2
199 196 1
199 197 3
199 166 3
199 178 6
199 179 3
199 180 4
199 183 2
199 185 3
199 186 2
199 187 1
199 188 3
199 189 1
199 198 4
200 160 1
200 194 1
200 195 5
200 103 2
200 138 5
200 167 2
200 141 2
200 173 2
200 112 1
200 117 2
200 182 4
200 184 4
200 155 2
200 190 2
200 191 1
1
1 2
560
1 140 1
1 173 1
1 150 1
1 151 1
1 120 1
1 186 1
1 188 1
1 158 1
1 191 1
2 160 1
2 117 1
3 158 1
5 138 1
5 109 1
5 134 1
6 161 1
6 146 1
6 119 1
6 109 1
6 103 1
7 153 1
7 146 1
7 126 1
7 118 1
7 191 1
8 196 2
8 101 1
8 166 1
8 169 1
8 172 1
8 154 1
8 157 2
8 127 1
10 200 1
10 153 1
10 186 1
10 148 1
10 141 1
11 133 1
11 166 1
11 144 1
11 118 1
11 151 1
11 122 1
11 155 1
11 156 1
11 126 1
12 165 1
12 168 1
12 169 1
12 144 1
12 145 1
12 136 1
13 161 1
13 162 1
13 167 1
13 171 1
13 141 1
13 115 1
13 185 1
14 161 1
14 101 1
14 199 1
14 200 1
14 154 2
14 191 1
15 176 1
15 157 1
15 119 1
16 194 1
16 133 1
16 138 1
16 172 1
16 143 1
16 158 1
17 192 1
17 146 1
17 108 1
17 119 2
18 144 1
18 105 1
18 194 1
18 126 1
20 161 1
20 148 1
20 157 1
21 128 1
21 161 1
21 146 1
21 196 1
21 134 1
22 128 1
22 163 1
22 197 1
22 183 1
22 176 1
22 119 1
22 121 1
22 156 1
24 195 1
24 108 1
28 163 1
28 105 1
28 109 1
28 145 1
28 151 1
28 127 1
29 118 1
29 103 1
30 132 3
30 134 1
32 192 1
32 132 1
32 101 1
32 167 1
32 170 1
32 138 1
32 125 1
32 165 1
34 162 1
34 127 1
34 125 1
34 166 1
34 143 1
36 171 1
36 140 1
36 142 1
37 128 1
37 195 1
37 165 1
37 119 1
37 173 2
37 174 1
37 145 1
37 151 1
37 120 1
38 161 1
38 122 1
38 147 1
38 140 2
41 105 1
41 146 1
43 185 2
43 188 1
43 101 1
43 119 1
46 147 1
46 181 1
46 167 1
47 136 1
47 121 1
47 199 1
48 176 1
48 120 1
48 168 1
48 133 1
50 193 1
50 155 1
50 181 1
50 173 1
50 175 1
52 103 1
52 199 1
52 118 1
52 186 1
52 156 1
52 127 1
53 170 1
53 151 1
53 127 1
55 165 1
56 171 1
56 180 1
58 159 1
58 132 1
58 109 1
58 103 1
59 200 1
59 188 1
59 143 3
60 161 2
60 178 1
60 163 1
61 196 1
61 146 1
61 141 1
61 176 1
61 178 1
61 121 1
62 132 1
62 108 1
62 115 1
62 181 1
62 150 1
62 156 1
63 109 1
63 142 2
65 193 1
65 174 2
65 176 1
65 181 1
65 151 1
65 126 1
67 168 1
67 105 1
67 125 1
68 140 1
68 150 1
68 151 1
69 122 1
69 115 1
69 138 1
69 158 2
70 199 1
70 175 1
71 136 2
71 121 1
71 156 1
71 118 1
73 108 2
73 159 1
74 148 1
74 163 1
74 132 1
74 166 1
75 151 1
75 101 1
75 133 1
78 122 1
78 107 1
78 174 1
78 119 1
79 120 1
79 156 1
80 115 1
81 128 2
82 169 1
82 178 1
82 133 1
82 105 1
83 105 1
83 108 1
83 126 1
84 153 1
84 121 1
84 144 2
84 147 1
84 119 1
85 183 1
85 115 1
85 170 1
85 125 1
85 151 1
86 153 1
86 191 1
88 107 1
88 133 1
88 158 1
89 171 2
89 158 1
90 176 1
90 132 1
90 101 1
91 169 1
91 107 1
91 156 1
91 145 1
92 185 1
92 162 1
92 101 1
92 126 1
92 103 1
93 153 1
96 172 1
98 105 1
98 188 1
98 108 1
98 125 1
100 168 1
100 197 1
101 32 1
101 75 1
101 8 1
101 43 1
101 14 1
101 90 1
101 92 1
103 92 1
103 58 1
103 52 1
103 29 1
103 6 1
105 98 1
105 67 1
105 41 1
105 18 1
105 82 1
105 83 1
105 28 1
107 88 1
107 91 1
107 78 1
108 98 1
108 73 2
108 17 1
108 83 1
108 24 1
108 62 1
109 58 1
109 28 1
109 5 1
109 6 1
109 63 1
115 80 1
115 13 1
115 85 1
115 62 1
115 69 1
117 2 1
118 11 1
118 71 1
118 52 1
118 29 1
118 7 1
119 37 1
119 6 1
119 43 1
119 78 1
119 15 1
119 17 2
119 84 1
119 22 1
120 48 1
120 1 1
120 37 1
120 79 1
121 71 1
121 84 1
121 61 1
121 22 1
121 47 1
122 38 1
122 11 1
122 69 1
122 78 1
125 32 1
125 67 1
125 34 1
125 98 1
125 85 1
126 65 1
126 7 1
126 11 1
126 18 1
126 83 1
126 92 1
127 8 1
127 52 1
127 34 1
127 28 1
127 53 1
128 81 2
128 21 1
128 22 1
128 37 1
132 32 1
132 74 1
132 30 3
132 58 1
132 90 1
132 62 1
133 16 1
133 11 1
133 75 1
133 48 1
133 82 1
133 88 1
134 5 1
134 30 1
134 21 1
136 71 2
136 12 1
136 47 1
138 16 1
138 32 1
138 69 1
138 5 1
140 68 1
140 36 1
140 38 2
140 1 1
141 10 1
141 13 1
141 61 1
142 36 1
142 63 2
143 16 1
143 34 1
143 59 3
144 84 2
144 18 1
144 11 1
144 12 1
145 28 1
145 91 1
145 12 1
145 37 1
146 6 1
146 7 1
146 41 1
146 17 1
146 21 1
146 61 1
147 84 1
147 38 1
147 46 1
148 10 1
148 20 1
148 74 1
150 1 1
150 68 1
150 62 1
151 1 1
151 75 1
151 68 1
151 37 1
151 65 1
151 11 1
151 53 1
151 28 1
151 85 1
153 10 1
153 84 1
153 93 1
153 86 1
153 7 1
154 8 1
154 14 2
155 50 1
155 11 1
156 71 1
156 11 1
156 79 1
156 52 1
156 22 1
156 91 1
156 62 1
157 8 2
157 20 1
157 15 1
158 1 1
158 3 1
158 69 2
158 16 1
158 88 1
158 89 1
159 73 1
159 58 1
160 2 1
161 6 1
161 38 1
161 13 1
161 14 1
161 20 1
161 21 1
161 60 2
162 34 1
162 92 1
162 13 1
163 28 1
163 74 1
163 60 1
163 22 1
165 32 1
165 12 1
165 37 1
165 55 1
166 8 1
166 74 1
166 11 1
166 34 1
167 32 1
167 13 1
167 46 1
168 48 1
168 12 1
168 67 1
168 100 1
169 8 1
169 82 1
169 91 1
169 12 1
170 32 1
170 85 1
170 53 1
171 56 1
171 89 2
171 36 1
171 13 1
172 96 1
172 8 1
172 16 1
173 1 1
173 50 1
173 37 2
174 65 2
174 37 1
174 78 1
175 50 1
175 70 1
176 65 1
176 15 1
176 48 1
176 22 1
176 90 1
176 61 1
178 82 1
178 60 1
178 61 1
180 56 1
181 65 1
181 50 1
181 62 1
181 46 1
183 85 1
183 22 1
185 43 2
185 92 1
185 13 1
186 1 1
186 10 1
186 52 1
188 1 1
188 98 1
188 43 1
188 59 1
191 1 1
191 86 1
191 14 1
191 7 1
192 32 1
192 17 1
193 65 1
193 50 1
194 16 1
194 18 1
195 24 1
195 37 1
196 8 2
196 61 1
196 21 1
197 100 1
197 22 1
199 52 1
199 70 1
199 14 1
199 47 1
200 10 1
200 59 1
200 14 1
9
4 5 134 7 15 20 24 28 49 53 62 71 72 75 101 106 108 112 118 119 148 127  
192 136 10 22 32 166 170 43 50 47 178 179 180 181 183 56 185 186 187 188 61 64 193 196 197 198 199 74 189 42  
130 3 140 17 146 152 158 159 163 165 38 168 41 44 176 177 55 60 67 73 82 84 90 91 94 95 100 169 121  
1 34 123 131 133 6 8 12 109 157 48 145 18 19 151 154 27 125 126  
132 142 143 147 21 150 156 30 161 164 40 46 52 58 59 63 65 68 69 76 77 110 174 122  
2 138 11 13 14 144 155 29 160 35 37 39 173 182 184 190 191 194 195 200 141 16 103 167 117  
128 149 153 162 36 171 172 175 66 70 78 79 80 81 83 85 86 87 88 89 92 93 96 97 98 99 104 105 107 115 120 124  
33 9 45 51 57 54 23 25 26 31  
129 102 135 137 139 111 113 114 116  
