46 112.0
52 129.0
55 112.0
74 163.0
56 154.0
98 154.0
85 163.0
54 146.0
63 190.0
63 196.0
81 138.0
9 109.0
59 173.0
17 161.0
59 184.0
36 171.0
88 131.0
91 131.0
64 171.0
33 104.0
41 105.0
20 151.0
16 194.0
20 150.0
16 164.0
8 124.0
78 153.0
60 153.0
68 198.0
25 174.0
69 189.0
15 185.0
21 200.0
10 192.0
10 172.0
93 160.0
45 165.0
61 178.0
93 104.0
33 163.0
78 163.0
81 165.0
10 190.0
46 138.0
81 112.0
59 105.0
69 146.0
93 161.0
25 104.0
61 154.0
91 105.0
10 105.0
68 194.0
33 190.0
64 109.0
54 131.0
81 171.0
56 105.0
41 189.0
63 171.0
56 129.0
60 165.0
20 198.0
17 112.0
