46 132.0
28 132.0
71 113.0
71 164.0
70 115.0
70 140.0
4 112.0
36 124.0
51 124.0
33 114.0
16 161.0
2 177.0
65 155.0
65 128.0
72 147.0
92 147.0
10 105.0
84 183.0
84 195.0
85 114.0
56 192.0
6 149.0
40 160.0
69 196.0
19 135.0
85 130.0
87 137.0
2 170.0
2 112.0
2 113.0
2 124.0
16 164.0
51 155.0
10 161.0
65 112.0
33 161.0
70 132.0
16 105.0
16 132.0
33 124.0
51 164.0
84 164.0
36 115.0
72 105.0
10 147.0
71 132.0
92 183.0
71 155.0
33 105.0
72 128.0
70 147.0
28 105.0
36 114.0
36 140.0
72 114.0
16 114.0
16 124.0
36 132.0
92 114.0
70 124.0
71 112.0
4 115.0
2 114.0
70 105.0
4 128.0
70 112.0
28 147.0
71 183.0
16 183.0
33 140.0
92 112.0
16 177.0
36 105.0
84 105.0
28 161.0
71 115.0
92 161.0
51 114.0
71 161.0
92 140.0
33 132.0
70 114.0
16 140.0
51 128.0
2 155.0
10 124.0
33 147.0
46 128.0
65 177.0
2 147.0
10 115.0
16 128.0
71 177.0
71 128.0
84 114.0
