2
1 2 3 4 5 6 7 8 9 10 11 12 13 14 15 16 17 18 19 20 21 22 23 24 25 26 27 28 29 30 31 32 33 34 35 36 37 38 39 40 41 42 43 44 45 46 47 48 49 50 51 52 53 54 55 56 57 58 59 60 61 62 63 64 65 66 67 68 69 70 71 72 73 74 75 76 77 78 79 80 81 82 83 84 85 86 87 88 89 90 91 92 93 94 95 96 97 98 99 100 
492
42 70
44 83
45 57
46 65
46 68
46 69
46 72
46 76
46 77
46 52
46 59
46 63
47 64
47 56
47 50
47 74
47 61
48 98
49 72
49 75
49 53
49 62
49 71
50 64
50 96
50 74
50 47
50 56
50 61
51 57
51 54
52 65
52 68
52 69
52 76
52 77
52 46
52 58
52 59
52 63
53 72
53 49
53 75
53 62
53 71
54 57
54 51
55 100
55 73
55 84
55 89
55 90
55 91
55 94
55 95
56 64
56 50
56 47
56 74
56 61
57 54
57 51
57 45
57 62
58 65
58 68
58 69
58 76
58 77
58 52
58 63
59 65
59 68
59 69
59 76
59 77
59 46
59 52
60 100
60 84
60 90
60 91
60 92
60 94
60 95
61 64
61 56
61 50
61 74
61 47
62 71
62 72
62 75
62 49
62 53
62 57
63 65
63 68
63 69
63 76
63 77
63 46
63 52
63 58
64 56
64 50
64 47
64 74
64 61
65 68
65 69
65 76
65 77
65 46
65 52
65 58
65 59
65 63
66 96
66 97
66 99
66 80
66 86
66 87
66 89
66 92
66 93
67 100
67 73
67 82
67 84
67 90
67 91
67 94
67 95
68 65
68 69
68 76
68 77
68 46
68 52
68 58
68 59
68 63
69 65
69 68
69 76
69 77
69 46
69 52
69 58
69 59
69 63
70 96
70 97
70 98
70 42
70 78
70 80
70 83
70 86
70 88
70 89
70 93
71 49
71 75
71 53
71 62
71 95
72 46
72 49
72 75
72 53
72 62
73 67
73 100
73 78
73 82
73 84
73 55
73 90
73 91
73 94
74 64
74 47
74 50
74 56
74 91
74 61
75 72
75 49
75 53
75 62
75 71
76 65
76 68
76 69
76 77
76 46
76 52
76 58
76 59
76 63
77 65
77 68
77 69
77 76
77 46
77 52
77 58
77 59
77 63
78 96
78 97
78 98
78 99
78 70
78 73
78 80
78 81
78 83
78 86
78 88
78 93
79 97
79 98
79 99
79 80
79 85
79 87
79 88
79 89
79 92
79 93
80 97
80 66
80 99
80 70
80 98
80 78
80 79
80 81
80 83
80 85
80 88
80 92
80 93
81 96
81 97
81 98
81 78
81 80
81 83
81 85
81 86
81 87
81 88
81 92
81 93
82 67
82 100
82 73
82 84
82 90
82 91
82 94
82 95
83 96
83 97
83 98
83 99
83 70
83 44
83 78
83 80
83 81
83 87
83 89
83 92
83 93
84 67
84 100
84 73
84 82
84 86
84 55
84 90
84 91
84 60
84 94
84 95
85 96
85 97
85 98
85 99
85 79
85 80
85 81
85 86
85 87
85 88
85 89
85 92
86 96
86 97
86 66
86 99
86 70
86 98
86 78
86 81
86 84
86 85
86 88
86 89
86 92
87 96
87 97
87 66
87 99
87 98
87 79
87 81
87 83
87 85
87 88
87 89
87 92
87 93
88 96
88 97
88 99
88 70
88 78
88 79
88 80
88 81
88 85
88 86
88 87
88 89
88 92
88 93
89 96
89 66
89 99
89 70
89 87
89 98
89 79
89 83
89 85
89 86
89 55
89 88
89 92
89 93
90 67
90 100
90 73
90 82
90 84
90 55
90 91
90 60
90 94
90 95
91 67
91 100
91 73
91 74
91 82
91 84
91 55
91 90
91 60
91 94
91 95
92 97
92 66
92 99
92 98
92 79
92 80
92 81
92 83
92 85
92 86
92 87
92 88
92 89
92 60
93 96
93 66
93 99
93 70
93 78
93 79
93 80
93 81
93 83
93 87
93 88
93 89
94 67
94 100
94 73
94 82
94 84
94 55
94 90
94 91
94 60
94 95
95 67
95 100
95 71
95 82
95 84
95 55
95 90
95 91
95 60
95 94
96 66
96 99
96 70
96 98
96 78
96 81
96 50
96 83
96 85
96 86
96 87
96 88
96 89
96 93
97 66
97 99
97 70
97 98
97 78
97 79
97 80
97 81
97 83
97 85
97 86
97 87
97 88
97 92
98 96
98 97
98 99
98 70
98 80
98 78
98 79
98 48
98 81
98 83
98 85
98 86
98 87
98 89
98 92
99 96
99 97
99 66
99 98
99 78
99 79
99 80
99 83
99 85
99 86
99 87
99 88
99 89
99 92
99 93
100 67
100 73
100 82
100 84
100 55
100 90
100 91
100 60
100 94
100 95
101 102 103 104 105 106 107 108 109 110 111 112 113 114 115 116 117 118 119 120 121 122 123 124 125 126 127 128 129 130 131 132 133 134 135 136 137 138 139 140 141 142 143 144 145 146 147 148 149 150 151 152 153 154 155 156 157 158 159 160 161 162 163 164 165 166 167 168 169 170 171 172 173 174 175 176 177 178 179 180 181 182 183 184 185 186 187 188 189 190 191 192 193 194 195 196 197 198 199 200 
148
171 195
173 178
174 191
178 173
182 195
182 200
183 192
183 193
183 196
183 197
183 198
183 199
183 187
183 189
184 194
184 195
184 200
184 186
184 190
184 191
185 192
185 196
185 197
185 198
185 199
185 186
185 187
185 188
185 189
186 192
186 196
186 197
186 198
186 199
186 184
186 185
186 188
186 189
187 192
187 193
187 196
187 197
187 199
187 183
187 185
187 188
187 189
187 198
188 192
188 193
188 196
188 197
188 199
188 185
188 186
188 187
188 189
189 192
189 193
189 187
189 196
189 198
189 199
189 183
189 185
189 186
189 188
190 194
190 195
190 200
190 184
190 191
191 194
191 195
191 200
191 174
191 184
191 190
192 197
192 198
192 199
192 183
192 185
192 186
192 187
192 188
192 189
193 196
193 199
193 183
193 187
193 188
193 189
194 195
194 200
194 184
194 190
194 191
195 194
195 200
195 171
195 182
195 184
195 190
195 191
196 193
196 198
196 199
196 183
196 185
196 186
196 187
196 188
196 189
197 192
197 198
197 199
197 183
197 185
197 186
197 187
197 188
198 192
198 196
198 197
198 199
198 183
198 186
198 187
198 189
198 185
199 192
199 193
199 196
199 197
199 183
199 185
199 186
199 187
199 188
199 189
199 198
200 194
200 195
200 182
200 184
200 190
200 191
1
1 2
328
1 168
1 177
1 133
1 135
2 116
2 150
4 164
4 109
4 140
4 133
4 191
5 152
5 171
6 130
6 116
6 109
9 114
9 140
9 133
12 125
12 102
14 162
14 191
14 156
14 118
14 143
15 177
15 125
17 112
17 116
17 143
21 161
21 165
21 200
21 172
21 174
21 177
21 148
25 161
25 164
25 173
25 135
28 112
28 130
28 174
28 118
28 109
29 168
29 161
29 118
29 159
34 171
34 141
34 126
35 168
35 194
35 171
35 164
36 129
36 153
36 156
36 161
37 114
37 116
37 118
37 174
37 117
45 112
45 129
45 171
45 156
45 173
46 195
46 143
48 129
48 130
48 131
48 171
48 174
48 112
48 195
48 116
48 150
48 119
49 174
49 159
51 124
51 173
51 102
52 148
52 173
54 174
54 116
54 117
54 118
54 120
54 156
55 161
55 200
55 105
55 171
55 168
55 148
60 156
60 116
60 101
60 125
63 129
63 130
63 141
63 117
63 118
63 126
65 184
65 156
65 102
67 120
67 194
67 173
67 119
69 131
69 101
69 191
71 195
71 165
71 141
72 168
72 194
72 171
72 143
73 112
73 152
77 194
78 105
79 124
79 141
80 152
80 156
80 172
80 125
80 126
82 114
82 126
82 119
85 171
85 102
86 130
86 171
86 119
87 120
87 168
87 125
87 174
89 162
92 162
92 109
95 164
95 156
95 148
97 120
97 133
97 143
100 118
100 135
101 60
101 69
102 65
102 51
102 12
102 85
105 78
105 55
109 4
109 92
109 6
109 28
112 48
112 73
112 28
112 45
112 17
114 9
114 82
114 37
116 2
116 37
116 6
116 48
116 17
116 54
116 60
117 37
117 54
117 63
118 100
118 37
118 14
118 54
118 28
118 29
118 63
119 48
119 82
119 67
119 86
120 97
120 67
120 54
120 87
124 51
124 79
125 80
125 60
125 87
125 12
125 15
126 80
126 34
126 82
126 63
129 48
129 36
129 45
129 63
130 48
130 28
130 86
130 6
130 63
131 48
131 69
133 1
133 4
133 97
133 9
135 25
135 100
135 1
140 9
140 4
141 79
141 71
141 34
141 63
143 72
143 17
143 46
143 14
143 97
148 95
148 52
148 21
148 55
150 48
150 2
152 80
152 73
152 5
153 36
156 65
156 36
156 45
156 14
156 80
156 54
156 60
156 95
159 49
159 29
161 25
161 21
161 36
161 29
161 55
162 89
162 92
162 14
164 25
164 35
164 4
164 95
165 21
165 71
168 1
168 35
168 72
168 55
168 87
168 29
171 34
171 35
171 5
171 72
171 45
171 48
171 85
171 86
171 55
172 80
172 21
173 51
173 67
173 52
173 45
173 25
174 37
174 48
174 49
174 21
174 54
174 87
174 28
177 1
177 21
177 15
184 65
191 4
191 69
191 14
194 72
194 35
194 67
194 77
195 48
195 46
195 71
200 21
200 55
9
130 4 5 7 140 15 152 146 20 24 28 158 159 163 165 177 168 169 176 49 53 62 71 72 75 121  
33 139 102 129 9 135 45 111 113 114 51 116 57 54 23 137 25 26 31  
3 134 17 148 38 41 44 55 60 67 73 82 84 90 91 94 95 100 101 106 108 112 118 119 127  
1 34 123 131 133 6 8 12 109 157 48 145 18 19 151 154 27 125 126  
138 141 144 21 155 30 160 167 40 173 46 52 182 184 58 59 190 63 65 194 195 68 69 200 76 77 103 117 191  
161 2 35 132 37 39 142 11 174 13 14 143 16 147 110 150 164 122 156 29  
128 149 153 162 36 171 172 175 66 70 78 79 80 81 83 85 86 87 88 89 92 93 96 97 98 99 104 105 107 115 120 124  
32 64 10 43 61 47 50 74 22 56 42  
192 193 196 197 166 199 136 170 178 179 180 181 183 185 186 187 188 189 198  
