42 104
55 177
71 178
91 137
92 182
58 181
87 185
56 187
89 171
96 191
97 190
60 142
9 162
98 158
26 162
93 190
44 173
22 194
39 152
1 118
31 124
44 113
1 161
16 138
67 175
63 168
86 174
34 169
88 149
80 159
16 151
11 126
72 154
83 197
70 193
15 189
10 199
72 156
10 198
11 196
76 132
4 123
37 119
50 164
78 140
77 130
82 123
57 157
28 153
29 163
8 130
66 142
18 191
75 196
59 122
30 136
50 105
99 128
85 103
23 146
22 131
62 186
87 134
40 110
20 120
22 193
34 104
88 124
42 132
4 173
77 189
1 174
34 152
96 194
83 138
76 196
77 126
83 173
82 113
