82 100
74 193
59 176
98 192
67 124
54 191
49 127
49 146
57 197
37 159
39 174
66 196
56 154
56 198
37 167
48 170
7 190
17 113
3 168
48 184
17 194
7 165
60 117
34 107
47 103
78 148
15 117
12 119
9 153
5 140
22 163
12 138
65 131
13 155
94 111
86 199
70 185
84 189
50 145
23 179
8 130
43 151
25 195
23 188
25 171
26 112
33 122
4 109
1 105
61 121
52 156
16 166
44 157
41 139
40 129
38 110
19 102
63 102
6 129
28 152
0 177
58 161
24 116
91 141
92 161
27 116
76 177
10 162
32 101
2 126
32 133
75 107
71 113
64 133
4 178
65 108
21 164
37 188
32 109
2 151
32 121
74 117
7 139
26 177
2 193
38 117
10 109
17 198
4 139
49 184
48 102
86 139
6 196
19 117
1 117
16 111
37 199
43 159
48 141
2 189
44 140
19 122
27 109
32 110
37 179
54 102
1 126
57 152
41 188
61 177
17 162
1 141
66 121
39 110
84 191
84 167
15 109
57 101
65 112
