76 151
50 169
82 159
37 184
81 149
81 175
13 179
18 188
35 147
52 180
61 186
7 105
31 157
22 125
39 114
25 114
17 150
36 125
21 107
91 146
90 185
60 126
97 174
34 122
67 154
72 108
10 113
51 139
75 148
19 104
68 128
79 112
45 146
30 162
61 190
89 113
83 124
90 196
72 189
94 139
4 115
61 153
87 137
15 176
94 140
13 114
76 157
61 125
31 175
22 186
39 175
13 149
7 159
39 188
50 125
37 179
35 157
82 186
52 157
50 186
52 125
61 159
76 105
31 151
39 159
35 114
81 157
22 179
76 180
76 147
18 157
13 175
61 114
39 186
7 151
