16 112.0
20 129.0
24 167.0
20 102.0
25 153.0
99 116.0
40 120.0
75 116.0
66 120.0
15 153.0
11 145.0
41 193.0
33 161.0
11 173.0
24 116.0
24 173.0
41 153.0
20 161.0
24 153.0
40 145.0
33 167.0
99 167.0
24 120.0
15 129.0
99 173.0
41 116.0
20 193.0
15 102.0
66 173.0
25 193.0
33 102.0
40 102.0
11 102.0
16 153.0
40 112.0
25 173.0
41 129.0
99 161.0
20 145.0
33 153.0
33 112.0
24 145.0
40 167.0
66 193.0
75 112.0
16 161.0
40 193.0
24 193.0
15 173.0
99 102.0
11 112.0
20 153.0
11 120.0
66 167.0
75 161.0
75 173.0
15 145.0
16 120.0
20 120.0
11 116.0
24 161.0
99 193.0
11 129.0
33 116.0
66 112.0
41 102.0
11 167.0
16 145.0
33 129.0
16 116.0
