32 161.0
76 135.0
86 148.0
46 179.0
56 179.0
67 104.0
22 149.0
57 136.0
58 136.0
47 109.0
93 126.0
28 144.0
92 144.0
59 126.0
94 109.0
75 158.0
50 189.0
99 157.0
18 166.0
49 105.0
61 108.0
35 151.0
21 153.0
10 196.0
51 198.0
69 145.0
66 159.0
9 199.0
19 183.0
27 191.0
63 152.0
45 165.0
42 163.0
7 101.0
64 176.0
88 161.0
52 151.0
30 187.0
65 157.0
73 153.0
19 186.0
16 156.0
5 137.0
95 175.0
97 155.0
26 160.0
15 157.0
62 138.0
44 106.0
7 123.0
57 169.0
13 171.0
40 191.0
87 163.0
34 102.0
45 142.0
32 153.0
55 164.0
30 107.0
22 172.0
68 189.0
41 125.0
96 159.0
32 128.0
80 111.0
47 184.0
81 174.0
32 144.0
47 136.0
59 179.0
58 179.0
57 109.0
22 109.0
57 148.0
22 179.0
