53 118.0
20 171.0
16 182.0
49 107.0
20 131.0
15 153.0
75 124.0
76 120.0
66 116.0
68 116.0
97 120.0
69 153.0
40 124.0
4 117.0
5 104.0
44 159.0
59 144.0
46 166.0
55 145.0
74 129.0
80 105.0
31 150.0
48 198.0
70 153.0
13 152.0
88 124.0
33 167.0
2 167.0
78 171.0
34 120.0
27 127.0
14 137.0
84 187.0
12 196.0
65 152.0
86 130.0
97 186.0
82 106.0
68 138.0
95 136.0
24 119.0
31 101.0
79 102.0
19 187.0
74 139.0
75 200.0
36 197.0
74 140.0
1 121.0
24 184.0
20 182.0
49 131.0
4 104.0
44 104.0
53 171.0
76 124.0
20 107.0
4 159.0
5 159.0
59 117.0
97 153.0
75 153.0
5 117.0
