32 163.0
86 134.0
56 102.0
12 134.0
76 102.0
40 116.0
57 148.0
38 143.0
67 179.0
36 152.0
49 170.0
8 196.0
36 180.0
49 189.0
43 146.0
35 190.0
61 176.0
79 112.0
43 132.0
85 182.0
66 115.0
95 173.0
91 181.0
51 115.0
24 162.0
44 178.0
26 117.0
44 153.0
34 191.0
27 114.0
63 169.0
27 166.0
63 171.0
62 164.0
45 107.0
53 139.0
42 154.0
39 124.0
7 109.0
20 119.0
64 124.0
52 159.0
80 128.0
96 101.0
72 194.0
31 125.0
52 193.0
92 108.0
77 104.0
29 136.0
93 104.0
59 136.0
1 108.0
11 199.0
30 198.0
11 183.0
30 160.0
30 197.0
98 181.0
99 141.0
75 114.0
23 131.0
21 168.0
74 185.0
73 189.0
54 138.0
38 140.0
96 121.0
65 110.0
67 130.0
57 152.0
30 119.0
38 139.0
57 119.0
26 115.0
36 134.0
76 179.0
1 101.0
31 107.0
34 154.0
26 154.0
31 199.0
26 163.0
7 101.0
38 102.0
77 139.0
32 104.0
30 134.0
92 169.0
77 107.0
36 128.0
62 153.0
63 194.0
76 196.0
35 189.0
64 169.0
39 164.0
8 183.0
26 119.0
45 181.0
11 139.0
96 169.0
31 124.0
38 163.0
26 143.0
29 134.0
24 199.0
66 197.0
56 125.0
96 107.0
40 114.0
96 136.0
1 109.0
8 114.0
96 112.0
95 179.0
66 117.0
85 171.0
51 109.0
36 125.0
44 181.0
64 101.0
80 132.0
49 169.0
51 119.0
12 104.0
11 163.0
51 179.0
35 160.0
42 148.0
62 199.0
53 181.0
34 102.0
56 190.0
63 112.0
91 116.0
77 162.0
62 193.0
77 183.0
24 169.0
45 179.0
52 181.0
34 152.0
95 114.0
45 182.0
34 104.0
76 173.0
57 181.0
38 119.0
57 109.0
38 153.0
62 170.0
32 194.0
11 146.0
61 173.0
24 134.0
67 176.0
91 159.0
77 198.0
66 128.0
59 139.0
11 117.0
42 179.0
86 128.0
44 183.0
40 163.0
52 109.0
85 128.0
76 104.0
64 148.0
40 115.0
66 143.0
1 164.0
64 159.0
36 191.0
63 153.0
8 173.0
93 178.0
56 124.0
57 128.0
79 199.0
32 117.0
76 143.0
59 114.0
38 109.0
77 160.0
56 196.0
31 134.0
76 116.0
34 134.0
36 163.0
63 181.0
30 173.0
49 182.0
44 128.0
24 180.0
45 112.0
11 143.0
20 170.0
76 107.0
53 115.0
11 136.0
24 112.0
35 109.0
42 182.0
95 107.0
44 148.0
35 119.0
30 193.0
7 193.0
72 102.0
93 162.0
24 193.0
43 178.0
52 176.0
56 116.0
34 125.0
86 104.0
40 124.0
34 163.0
77 124.0
53 102.0
44 104.0
20 183.0
62 116.0
51 148.0
40 191.0
45 109.0
39 163.0
62 128.0
31 143.0
7 104.0
12 169.0
34 180.0
66 136.0
64 178.0
44 134.0
34 196.0
72 162.0
61 191.0
42 114.0
95 199.0
62 163.0
91 153.0
38 117.0
80 176.0
11 171.0
96 178.0
67 119.0
72 148.0
27 132.0
30 166.0
29 181.0
79 108.0
79 182.0
12 154.0
36 190.0
38 124.0
34 116.0
30 115.0
80 134.0
49 108.0
61 181.0
38 171.0
43 119.0
43 164.0
11 148.0
11 179.0
26 132.0
86 101.0
30 143.0
30 128.0
34 159.0
96 132.0
12 124.0
62 101.0
38 173.0
96 191.0
79 107.0
63 176.0
59 164.0
30 154.0
20 178.0
62 125.0
62 162.0
44 132.0
56 162.0
32 116.0
86 182.0
95 148.0
