14 148
5 102
57 146
65 121
33 102
41 144
17 101
0 139
43 107
17 122
36 118
12 161
3 124
45 152
29 135
12 166
45 173
8 142
21 155
2 192
48 162
21 187
8 171
48 190
90 137
91 176
87 177
42 182
71 104
55 150
58 181
13 141
52 143
35 100
94 117
73 141
61 117
24 100
88 169
34 184
80 195
79 138
63 151
86 174
67 159
79 175
70 136
53 112
83 103
15 145
11 127
10 103
84 193
95 156
68 109
38 154
75 197
49 198
74 199
51 189
51 196
4 165
78 125
50 133
77 114
81 105
82 105
85 133
6 183
30 111
64 115
19 172
23 153
40 110
99 182
89 183
9 115
44 188
22 103
19 116
5 188
52 179
56 132
52 106
40 182
74 114
43 141
94 127
8 138
91 122
71 196
23 133
83 115
29 174
65 159
19 161
40 151
14 143
49 145
79 109
0 154
24 110
50 148
14 181
55 156
38 102
55 171
21 152
17 148
84 101
0 176
73 154
19 184
17 174
13 107
94 181
90 148
77 101
65 174
84 137
3 196
85 199
77 143
74 133
0 137
33 133
57 184
90 189
84 153
68 182
30 177
48 139
50 141
83 125
5 174
94 105
43 105
6 105
15 199
64 103
0 141
24 159
75 177
73 139
14 166
43 133
57 110
88 114
4 150
53 195
86 193
30 103
78 111
0 198
12 114
42 124
40 197
21 115
5 110
15 150
2 121
40 196
42 114
68 101
65 125
82 161
23 100
24 142
88 165
83 138
43 138
15 117
85 111
38 105
12 107
68 159
34 146
30 138
11 197
78 121
80 105
42 110
5 143
29 145
30 107
52 166
42 192
8 117
53 102
91 103
82 153
43 124
71 102
19 145
30 112
91 146
55 115
6 177
83 189
83 101
86 115
30 133
35 114
24 182
75 143
55 161
2 175
52 148
55 122
50 155
6 166
51 143
43 146
58 156
40 100
43 142
50 173
64 171
83 104
3 102
2 153
61 111
43 111
2 144
77 175
4 112
85 139
33 172
5 195
81 182
41 111
75 117
6 187
2 136
53 193
41 100
2 125
0 181
65 153
86 121
82 174
33 169
17 162
45 144
42 169
74 100
5 122
30 182
51 146
61 107
79 183
21 114
84 141
41 117
13 114
40 171
64 199
2 103
84 161
73 101
55 127
50 138
77 127
68 104
2 141
17 142
34 118
35 118
86 146
71 112
29 162
61 104
87 171
14 138
65 145
34 190
11 151
88 153
23 136
6 124
83 187
23 141
3 133
0 190
40 102
94 121
45 146
63 121
88 199
45 189
38 103
23 138
11 175
58 103
24 118
29 133
42 103
23 105
6 136
57 172
11 143
77 162
65 110
71 103
95 142
86 105
55 172
33 177
13 189
51 121
52 192
95 102
29 155
43 193
36 121
55 153
12 154
88 117
80 141
8 176
0 102
84 122
70 148
29 154
51 138
83 192
10 176
21 100
48 137
52 169
11 146
53 124
95 110
29 199
33 118
2 197
24 101
91 133
11 107
40 199
19 193
29 143
41 125
10 159
91 165
78 156
81 117
87 100
61 174
87 193
17 110
38 125
55 133
91 105
74 122
41 118
50 189
83 184
33 171
70 105
77 196
4 107
17 135
49 139
91 114
50 104
41 199
23 192
85 152
73 121
