50 163.0
42 109.0
68 109.0
9 111.0
73 149.0
4 116.0
93 134.0
3 102.0
51 123.0
54 116.0
25 184.0
28 110.0
20 126.0
15 102.0
66 153.0
57 159.0
7 180.0
23 151.0
36 172.0
38 112.0
91 151.0
97 171.0
99 179.0
85 180.0
98 176.0
76 132.0
65 125.0
80 128.0
96 133.0
61 185.0
70 160.0
29 104.0
31 160.0
83 147.0
74 154.0
25 125.0
19 127.0
29 128.0
29 179.0
86 157.0
76 187.0
29 123.0
78 106.0
73 133.0
59 159.0
85 182.0
18 174.0
89 189.0
30 142.0
41 158.0
64 177.0
100 148.0
3 176.0
56 195.0
31 180.0
35 162.0
41 169.0
38 113.0
