96 144.0
90 159.0
58 105.0
62 117.0
52 159.0
55 117.0
74 200.0
85 127.0
89 183.0
30 139.0
80 172.0
35 195.0
56 200.0
82 113.0
37 119.0
71 194.0
31 164.0
18 150.0
82 191.0
31 136.0
38 122.0
81 142.0
9 184.0
3 145.0
57 193.0
9 173.0
44 198.0
4 130.0
59 174.0
17 135.0
17 189.0
4 156.0
59 180.0
1 102.0
33 179.0
11 112.0
41 123.0
11 167.0
16 132.0
20 133.0
53 111.0
49 141.0
79 110.0
29 114.0
2 121.0
12 110.0
23 121.0
60 153.0
77 120.0
26 116.0
87 124.0
8 120.0
65 116.0
72 147.0
92 106.0
39 154.0
34 163.0
100 163.0
95 154.0
14 146.0
10 196.0
21 162.0
21 190.0
10 128.0
14 152.0
93 131.0
22 137.0
45 182.0
42 171.0
84 118.0
73 131.0
63 132.0
6 154.0
36 186.0
51 124.0
13 191.0
97 147.0
75 174.0
68 157.0
4 157.0
71 170.0
69 165.0
26 177.0
49 168.0
42 140.0
67 176.0
38 102.0
56 124.0
41 137.0
33 184.0
20 142.0
85 179.0
17 120.0
53 164.0
22 200.0
72 144.0
16 137.0
9 190.0
29 105.0
38 146.0
71 137.0
35 113.0
1 121.0
73 121.0
3 106.0
96 147.0
35 117.0
18 159.0
10 136.0
12 123.0
20 153.0
14 120.0
33 144.0
31 174.0
85 147.0
60 114.0
10 159.0
74 198.0
65 133.0
53 105.0
22 121.0
22 132.0
39 105.0
37 198.0
65 144.0
35 121.0
14 124.0
90 130.0
18 189.0
2 150.0
55 190.0
23 154.0
31 154.0
74 163.0
59 116.0
53 152.0
57 194.0
44 117.0
57 124.0
18 102.0
10 189.0
65 114.0
44 147.0
29 117.0
2 132.0
89 119.0
4 124.0
31 172.0
60 193.0
77 123.0
100 144.0
10 200.0
58 124.0
53 183.0
85 114.0
77 191.0
11 190.0
82 179.0
10 114.0
44 127.0
38 133.0
74 128.0
77 118.0
8 152.0
3 136.0
95 182.0
16 174.0
87 139.0
95 195.0
56 130.0
34 121.0
35 164.0
58 118.0
58 194.0
81 171.0
72 195.0
79 132.0
72 120.0
14 114.0
17 162.0
26 198.0
18 106.0
81 162.0
18 114.0
8 137.0
56 182.0
30 118.0
95 184.0
29 139.0
30 146.0
12 141.0
84 110.0
33 164.0
79 122.0
23 128.0
72 117.0
45 139.0
45 121.0
71 121.0
53 120.0
45 136.0
42 172.0
85 194.0
82 112.0
21 116.0
49 173.0
71 180.0
60 179.0
39 114.0
90 196.0
81 121.0
26 119.0
45 119.0
89 167.0
10 184.0
3 190.0
22 145.0
16 195.0
29 182.0
59 141.0
72 193.0
85 196.0
44 118.0
42 196.0
81 179.0
44 105.0
93 184.0
14 105.0
16 121.0
8 182.0
77 182.0
3 167.0
30 163.0
18 195.0
9 105.0
74 132.0
90 147.0
82 190.0
39 121.0
33 198.0
45 133.0
30 121.0
22 128.0
8 146.0
23 124.0
3 162.0
100 128.0
79 164.0
4 184.0
73 196.0
26 182.0
4 153.0
49 196.0
4 102.0
53 102.0
44 144.0
52 172.0
41 182.0
79 118.0
18 144.0
16 124.0
10 122.0
42 124.0
23 112.0
16 127.0
85 142.0
3 195.0
39 195.0
49 184.0
16 142.0
23 132.0
60 191.0
49 113.0
73 147.0
80 159.0
41 133.0
93 147.0
57 167.0
59 137.0
89 111.0
37 163.0
58 141.0
52 123.0
2 123.0
52 133.0
17 113.0
49 179.0
90 123.0
41 146.0
11 154.0
44 153.0
65 184.0
65 137.0
22 116.0
87 163.0
14 119.0
29 190.0
60 163.0
21 124.0
95 136.0
2 131.0
100 167.0
23 162.0
4 118.0
60 144.0
81 114.0
96 106.0
60 171.0
89 159.0
4 113.0
92 142.0
4 106.0
95 121.0
21 121.0
92 122.0
52 114.0
41 121.0
82 144.0
33 173.0
53 119.0
3 159.0
93 162.0
81 133.0
10 117.0
21 193.0
11 180.0
3 146.0
84 200.0
2 154.0
37 182.0
52 200.0
41 136.0
74 121.0
71 153.0
100 191.0
1 159.0
96 122.0
11 130.0
37 173.0
90 182.0
58 184.0
57 190.0
92 183.0
62 111.0
79 183.0
17 171.0
41 163.0
3 153.0
44 114.0
12 183.0
37 141.0
10 154.0
60 174.0
38 163.0
73 154.0
