1 112.0
44 184.0
42 116.0
18 171.0
1 173.0
44 121.0
28 113.0
46 137.0
4 104.0
13 130.0
30 146.0
47 108.0
3 132.0
49 145.0
9 140.0
49 102.0
40 134.0
8 115.0
45 126.0
23 106.0
2 158.0
11 125.0
12 174.0
73 162.0
16 195.0
84 114.0
54 119.0
73 167.0
69 141.0
52 133.0
85 120.0
76 131.0
96 124.0
39 107.0
70 124.0
50 133.0
79 110.0
77 190.0
86 155.0
38 197.0
83 194.0
51 199.0
82 200.0
86 161.0
51 157.0
31 142.0
65 129.0
7 144.0
20 101.0
41 142.0
33 144.0
46 107.0
52 137.0
52 116.0
47 171.0
8 174.0
38 146.0
23 137.0
8 108.0
18 200.0
51 108.0
38 141.0
85 145.0
73 132.0
40 184.0
45 157.0
3 142.0
96 101.0
28 144.0
9 106.0
9 190.0
13 173.0
49 116.0
30 120.0
69 190.0
46 115.0
38 119.0
76 106.0
84 141.0
79 106.0
96 115.0
47 131.0
85 115.0
1 119.0
3 199.0
4 107.0
42 129.0
65 184.0
77 130.0
83 104.0
50 112.0
45 129.0
4 173.0
13 195.0
30 116.0
77 104.0
39 146.0
40 171.0
13 132.0
65 121.0
42 106.0
7 173.0
12 144.0
33 110.0
12 130.0
18 126.0
83 131.0
44 146.0
40 101.0
84 126.0
31 132.0
20 134.0
38 108.0
38 140.0
84 142.0
2 116.0
51 167.0
51 114.0
1 161.0
47 120.0
41 137.0
4 140.0
20 173.0
39 116.0
40 161.0
8 130.0
49 161.0
83 140.0
49 110.0
85 157.0
77 145.0
16 142.0
50 167.0
54 146.0
82 173.0
83 146.0
4 116.0
28 115.0
50 129.0
65 145.0
4 125.0
9 113.0
73 155.0
28 108.0
49 200.0
1 113.0
73 107.0
11 146.0
9 121.0
42 167.0
16 137.0
82 145.0
40 142.0
30 107.0
18 125.0
11 184.0
79 102.0
44 162.0
86 134.0
28 106.0
41 108.0
44 132.0
20 132.0
83 134.0
2 184.0
47 195.0
16 130.0
28 101.0
79 126.0
42 155.0
65 124.0
3 144.0
84 101.0
49 184.0
39 101.0
73 161.0
38 113.0
44 108.0
46 132.0
31 102.0
65 107.0
42 197.0
9 107.0
23 120.0
84 120.0
16 158.0
12 146.0
45 119.0
23 125.0
30 132.0
8 195.0
9 112.0
1 132.0
85 129.0
3 130.0
44 129.0
65 115.0
31 173.0
42 144.0
45 145.0
30 197.0
83 141.0
54 144.0
47 174.0
70 110.0
18 104.0
41 132.0
18 132.0
54 101.0
30 157.0
3 129.0
8 133.0
79 108.0
49 197.0
13 144.0
4 142.0
23 108.0
18 131.0
13 140.0
20 102.0
50 106.0
82 142.0
79 142.0
70 184.0
18 158.0
4 108.0
38 116.0
47 125.0
49 131.0
84 194.0
54 142.0
45 141.0
18 101.0
23 121.0
45 171.0
41 120.0
70 190.0
38 124.0
9 174.0
47 194.0
54 130.0
42 200.0
3 197.0
3 104.0
50 190.0
4 199.0
40 104.0
9 158.0
4 174.0
49 144.0
3 146.0
47 124.0
79 129.0
85 121.0
47 110.0
