39 104
37 133
66 126
56 162
57 133
35 182
48 154
7 159
17 149
48 167
17 198
7 197
12 124
5 158
9 176
20 100
5 128
9 191
20 127
12 193
70 179
13 169
94 171
86 151
68 187
65 130
90 187
8 153
18 163
25 138
43 119
43 140
33 112
26 120
1 109
4 122
52 165
44 184
16 186
41 170
77 190
41 150
77 194
40 189
38 175
19 136
6 131
53 111
38 185
53 155
51 103
79 107
88 135
71 148
95 103
69 107
45 180
99 196
11 152
59 104
82 177
54 133
78 193
47 184
46 147
28 154
27 188
32 134
14 172
72 148
50 139
52 156
91 178
25 115
83 123
86 108
44 177
84 141
58 110
10 172
57 180
90 182
44 122
35 135
86 100
19 109
94 140
56 111
94 175
26 127
48 136
43 165
16 138
33 153
48 171
38 112
26 126
51 104
1 119
18 148
16 154
69 120
95 167
37 175
77 131
43 109
5 149
9 185
18 120
20 135
13 140
7 126
8 104
95 182
6 187
37 170
39 120
90 126
17 126
6 154
39 176
44 133
37 119
18 150
41 197
40 182
1 162
7 104
17 122
8 103
44 153
66 182
5 162
48 193
25 159
79 182
79 140
86 150
33 189
41 127
37 138
7 153
13 193
1 179
79 179
79 127
44 127
37 179
18 104
16 189
66 138
12 103
8 158
33 170
12 126
33 198
12 153
4 100
95 162
4 127
39 103
25 126
90 176
7 165
12 133
4 130
13 162
53 130
4 175
56 122
86 138
48 133
9 103
41 104
12 104
26 198
17 133
48 127
18 155
17 111
20 186
70 186
25 111
69 155
77 148
35 165
26 170
20 148
52 148
57 163
77 176
12 163
19 191
1 103
35 119
20 163
9 179
9 189
25 136
37 149
38 133
53 184
90 131
39 135
39 186
6 112
1 107
48 185
20 107
51 120
18 128
12 182
17 155
13 182
51 140
69 140
25 112
17 103
56 148
33 187
39 184
13 198
25 122
40 197
26 119
26 107
18 109
26 150
20 122
94 163
40 169
71 131
19 158
18 187
16 133
12 189
13 119
77 109
88 162
90 128
19 107
25 165
16 159
18 136
19 126
33 124
12 135
19 149
48 169
51 187
26 138
77 122
4 138
41 179
9 120
48 122
77 189
26 197
51 122
40 190
79 189
18 167
41 163
18 158
88 194
70 127
8 159
43 193
6 109
16 176
69 163
4 191
6 107
48 112
18 154
13 153
43 120
17 136
26 167
1 127
