97 187.0
99 195.0
55 191.0
75 185.0
50 171.0
68 166.0
83 114.0
18 139.0
8 164.0
4 120.0
36 154.0
36 141.0
48 161.0
79 143.0
16 148.0
43 179.0
35 135.0
91 103.0
71 111.0
66 130.0
51 130.0
69 111.0
85 103.0
95 103.0
19 149.0
24 118.0
9 108.0
26 104.0
28 163.0
29 102.0
1 105.0
93 127.0
94 163.0
59 102.0
47 105.0
77 127.0
18 104.0
19 161.0
68 102.0
50 103.0
47 118.0
4 102.0
83 149.0
26 187.0
79 185.0
29 135.0
9 139.0
36 171.0
68 130.0
1 120.0
55 130.0
99 130.0
97 102.0
51 179.0
43 164.0
19 103.0
19 102.0
8 195.0
35 164.0
66 149.0
51 127.0
59 103.0
48 102.0
16 127.0
9 102.0
71 118.0
43 127.0
24 130.0
16 103.0
28 120.0
16 130.0
66 108.0
93 191.0
97 179.0
85 127.0
59 130.0
9 195.0
77 111.0
9 154.0
36 163.0
19 179.0
85 148.0
19 130.0
50 105.0
26 114.0
16 111.0
4 127.0
18 127.0
43 118.0
9 161.0
