41 196.0
2 165.0
41 183.0
2 180.0
16 103.0
56 126.0
71 155.0
94 113.0
57 169.0
15 169.0
35 200.0
59 184.0
59 176.0
35 177.0
58 182.0
67 189.0
75 197.0
58 174.0
19 187.0
96 171.0
92 115.0
83 157.0
47 103.0
93 190.0
14 128.0
8 177.0
32 137.0
7 109.0
45 113.0
81 123.0
72 113.0
85 115.0
49 164.0
57 124.0
90 117.0
29 146.0
73 137.0
3 122.0
53 121.0
2 123.0
61 135.0
50 175.0
29 167.0
2 113.0
59 183.0
41 169.0
71 182.0
75 165.0
94 200.0
59 196.0
94 103.0
56 115.0
67 103.0
41 189.0
96 126.0
59 189.0
16 187.0
41 187.0
35 126.0
75 196.0
94 126.0
35 187.0
83 182.0
67 115.0
75 126.0
56 196.0
35 183.0
2 155.0
35 174.0
15 174.0
56 174.0
67 176.0
35 171.0
67 187.0
41 103.0
59 171.0
94 187.0
83 183.0
75 176.0
2 182.0
15 187.0
35 103.0
67 169.0
56 180.0
75 184.0
41 200.0
19 184.0
19 103.0
57 176.0
67 126.0
41 126.0
71 197.0
94 184.0
19 165.0
35 197.0
41 197.0
56 197.0
58 183.0
2 169.0
16 169.0
16 197.0
83 200.0
57 157.0
96 113.0
15 196.0
71 189.0
41 113.0
19 197.0
16 177.0
58 184.0
