37 133.0
46 111.0
76 111.0
100 133.0
55 126.0
83 144.0
75 144.0
98 126.0
57 138.0
38 157.0
49 160.0
8 183.0
49 197.0
8 199.0
35 107.0
79 141.0
26 186.0
9 200.0
26 190.0
9 156.0
52 123.0
80 110.0
96 110.0
33 105.0
30 127.0
81 181.0
15 173.0
74 182.0
6 125.0
51 189.0
63 167.0
62 191.0
39 143.0
92 199.0
15 104.0
28 148.0
22 187.0
16 117.0
39 189.0
61 125.0
80 105.0
74 144.0
9 157.0
30 157.0
26 107.0
79 127.0
9 107.0
75 183.0
79 133.0
26 160.0
38 105.0
79 181.0
37 126.0
100 105.0
26 105.0
26 138.0
83 199.0
15 105.0
80 144.0
37 182.0
81 183.0
57 126.0
9 127.0
75 141.0
79 123.0
57 110.0
30 138.0
100 157.0
49 144.0
79 197.0
