98 143.0
56 121.0
35 121.0
89 143.0
85 143.0
59 159.0
17 117.0
5 105.0
24 130.0
16 180.0
53 185.0
53 156.0
24 186.0
29 102.0
12 167.0
23 179.0
79 123.0
77 154.0
26 163.0
65 147.0
60 154.0
100 170.0
83 103.0
72 138.0
92 181.0
95 181.0
66 171.0
69 118.0
15 182.0
40 131.0
25 182.0
68 131.0
21 149.0
43 116.0
21 153.0
73 160.0
93 177.0
42 126.0
84 165.0
69 116.0
68 116.0
100 126.0
25 143.0
21 156.0
93 163.0
68 185.0
73 105.0
98 170.0
42 170.0
66 105.0
21 103.0
77 103.0
24 154.0
21 121.0
98 105.0
60 159.0
29 163.0
53 171.0
17 130.0
12 182.0
17 177.0
60 123.0
43 143.0
68 170.0
77 143.0
