29 128.0
42 104.0
1 137.0
44 146.0
29 130.0
77 108.0
83 140.0
78 132.0
38 145.0
79 102.0
82 132.0
51 140.0
53 164.0
74 135.0
67 117.0
36 148.0
19 189.0
14 168.0
25 181.0
34 141.0
4 175.0
9 143.0
88 177.0
59 198.0
61 172.0
98 138.0
45 154.0
87 184.0
81 166.0
71 167.0
54 102.0
85 200.0
70 181.0
20 185.0
18 134.0
14 142.0
16 149.0
79 172.0
45 156.0
63 153.0
27 195.0
17 157.0
91 199.0
8 171.0
89 112.0
57 176.0
23 160.0
53 177.0
75 151.0
85 131.0
36 164.0
82 102.0
38 140.0
19 164.0
44 104.0
44 137.0
42 146.0
38 132.0
83 108.0
74 189.0
53 181.0
