2
1 2 3 4 5 6 7 8 9 10 11 12 13 14 15 16 17 18 19 20 21 22 23 24 25 26 27 28 29 30 31 32 33 34 35 36 37 38 39 40 41 42 43 44 45 46 47 48 49 50 51 52 53 54 55 56 57 58 59 60 61 62 63 64 65 66 67 68 69 70 71 72 73 74 75 76 77 78 79 80 81 82 83 84 85 86 87 88 89 90 91 92 93 94 95 96 97 98 99 100 
16
84 86
86 84
94 100
95 100
96 98
96 99
97 98
97 99
98 96
98 97
98 99
99 96
99 97
99 98
100 94
100 95
101 102 103 104 105 106 107 108 109 110 111 112 113 114 115 116 117 118 119 120 121 122 123 124 125 126 127 128 129 130 131 132 133 134 135 136 137 138 139 140 141 142 143 144 145 146 147 148 149 150 151 152 153 154 155 156 157 158 159 160 161 162 163 164 165 166 167 168 169 170 171 172 173 174 175 176 177 178 179 180 181 182 183 184 185 186 187 188 189 190 191 192 193 194 195 196 197 198 199 200 
238
157 162
160 192
162 157
171 195
173 178
174 191
178 193
178 196
178 197
178 198
178 199
178 173
178 180
178 181
178 183
178 186
178 188
179 192
179 193
179 197
179 198
179 199
179 180
179 185
179 187
179 188
179 189
180 192
180 193
180 197
180 199
180 178
180 179
180 181
180 183
180 185
180 188
180 198
181 192
181 193
181 196
181 197
181 198
181 178
181 180
181 183
181 185
181 186
181 187
181 188
182 194
182 195
182 200
182 184
182 190
182 191
183 192
183 193
183 196
183 197
183 198
183 199
183 178
183 180
183 181
183 187
183 189
184 194
184 195
184 200
184 182
184 186
184 190
184 191
185 192
185 196
185 197
185 198
185 199
185 179
185 180
185 181
185 186
185 187
185 188
185 189
186 192
186 196
186 197
186 198
186 199
186 178
186 181
186 184
186 185
186 188
186 189
187 192
187 193
187 196
187 197
187 199
187 179
187 181
187 183
187 185
187 188
187 189
187 198
188 192
188 193
188 196
188 197
188 199
188 178
188 179
188 180
188 181
188 185
188 186
188 187
188 189
189 192
189 193
189 187
189 196
189 198
189 199
189 179
189 183
189 185
189 186
189 188
190 194
190 195
190 200
190 182
190 184
190 191
191 194
191 195
191 200
191 174
191 182
191 184
191 190
192 160
192 197
192 198
192 199
192 179
192 180
192 181
192 183
192 185
192 186
192 187
192 188
192 189
193 196
193 199
193 178
193 179
193 180
193 181
193 183
193 187
193 188
193 189
194 195
194 200
194 182
194 184
194 190
194 191
195 194
195 200
195 171
195 182
195 184
195 190
195 191
196 193
196 198
196 199
196 178
196 181
196 183
196 185
196 186
196 187
196 188
196 189
197 192
197 198
197 199
197 178
197 179
197 180
197 181
197 183
197 185
197 186
197 187
197 188
198 192
198 196
198 197
198 199
198 178
198 179
198 180
198 181
198 183
198 186
198 187
198 189
198 185
199 192
199 193
199 196
199 197
199 178
199 179
199 180
199 183
199 185
199 186
199 187
199 188
199 189
199 198
200 194
200 195
200 182
200 184
200 190
200 191
1
1 2
68
129 27
129 10
129 43
130 18
43 129
5 118
7 106
10 129
12 168
12 152
152 12
146 34
20 119
149 26
149 34
22 114
153 25
24 101
25 153
25 114
26 121
26 171
26 149
27 121
27 129
28 165
28 118
32 113
176 48
34 146
34 149
165 48
165 28
165 45
168 12
171 26
45 105
45 165
175 54
48 176
48 165
48 102
54 120
54 175
56 102
57 115
64 116
72 108
75 106
101 24
102 56
102 48
105 45
106 75
106 7
108 72
18 130
113 32
114 25
114 22
115 57
116 64
118 28
118 5
119 20
120 54
121 26
121 27
12
4 5 134 7 15 20 24 28 49 53 62 71 72 75 101 106 108 112 118 119 148 127  
128 9 149 23 25 26 31 33 162 171 172 45 175 51 54 57 153 104 105 107 115 120 124  
32 64 139 114 102 129 137 10 43 61 47 113 50 74 22 56 116 111 135 42  
1 130 6 8 140 18 19 152 27 158 159 48 34 163 165 168 169 176 177 12 146 121  
3 100 38 41 44 17 82 67 84 73 55 90 91 60 94 95  
65 68 69 40 76 77 46 52 21 58 59 30 63  
2 35 37 39 11 13 14 16 29  
96 97 66 99 36 70 98 78 79 80 81 83 85 86 87 88 89 92 93  
131 133 109 157 145 151 154 123 125 126  
161 132 174 142 143 147 110 150 164 122 156  
160 194 195 103 200 138 167 141 173 144 117 182 184 155 190 191  
192 193 196 197 166 199 136 170 178 179 180 181 183 185 186 187 188 189 198  
