62 151.0
58 188.0
56 200.0
80 195.0
48 154.0
38 121.0
4 177.0
11 137.0
20 149.0
95 115.0
100 176.0
25 144.0
69 144.0
18 150.0
50 187.0
88 181.0
79 177.0
78 101.0
21 141.0
42 190.0
61 128.0
7 152.0
23 180.0
16 130.0
33 157.0
52 132.0
1 167.0
53 145.0
11 144.0
25 115.0
20 177.0
95 200.0
38 137.0
48 149.0
58 154.0
58 195.0
69 151.0
95 195.0
25 177.0
4 200.0
11 188.0
11 154.0
58 177.0
56 177.0
4 151.0
69 149.0
58 149.0
80 121.0
4 176.0
48 176.0
4 188.0
48 188.0
20 176.0
38 195.0
20 137.0
38 177.0
80 177.0
48 195.0
11 151.0
38 200.0
80 137.0
100 149.0
48 115.0
38 144.0
56 144.0
