65 144
33 131
5 107
25 122
57 139
28 166
41 152
0 135
17 118
41 173
28 113
0 124
45 188
29 167
12 179
36 116
27 134
27 147
45 180
71 143
87 100
55 117
91 128
58 100
92 143
90 117
56 108
89 121
54 146
93 102
60 102
26 121
96 146
9 108
97 146
1 178
31 177
7 182
22 137
44 185
1 150
7 104
47 168
63 174
16 175
88 138
67 184
80 151
34 169
88 149
15 162
83 155
10 190
20 158
72 142
11 187
72 191
84 112
59 145
75 103
95 129
74 136
51 136
49 103
38 145
76 157
37 125
77 105
82 133
50 165
85 133
81 165
64 156
32 154
30 193
6 197
40 126
19 199
64 189
40 196
32 109
75 117
38 154
81 199
27 151
25 150
88 173
41 180
36 155
10 147
12 109
28 154
82 100
17 180
41 146
84 122
15 112
95 128
54 144
85 117
89 125
31 107
12 102
51 156
32 135
89 196
93 157
59 178
31 174
17 145
67 122
11 100
93 165
20 157
17 105
16 124
5 158
29 196
74 142
44 158
93 151
29 189
37 142
1 158
16 158
83 175
91 179
17 131
5 142
32 143
59 128
25 155
67 117
63 154
49 191
5 108
32 136
12 139
44 105
41 126
89 100
65 156
72 122
9 105
9 154
97 188
47 102
26 100
77 199
59 162
15 180
30 134
45 102
51 154
7 143
97 113
1 112
72 124
33 133
95 187
76 151
84 180
19 149
10 102
33 182
0 126
27 136
82 199
76 134
29 113
47 179
25 147
77 166
93 173
32 131
96 128
32 124
89 175
91 144
63 116
67 102
22 151
30 117
36 131
45 131
9 118
34 136
63 113
88 133
37 152
45 146
65 174
25 117
95 151
90 168
17 174
88 145
41 125
93 152
41 179
0 191
67 144
65 102
