90 171.0
12 187.0
86 185.0
46 195.0
56 191.0
76 166.0
32 114.0
60 184.0
75 173.0
97 182.0
83 165.0
55 115.0
99 174.0
50 174.0
58 133.0
22 103.0
40 111.0
57 133.0
38 111.0
44 141.0
26 107.0
24 154.0
19 120.0
26 139.0
63 162.0
27 142.0
34 117.0
5 145.0
5 178.0
52 108.0
80 149.0
31 136.0
96 118.0
70 118.0
72 136.0
28 127.0
25 105.0
29 163.0
1 134.0
47 105.0
93 163.0
59 134.0
77 127.0
3 123.0
30 106.0
11 110.0
3 113.0
73 167.0
84 158.0
15 140.0
65 122.0
82 138.0
74 167.0
4 141.0
35 126.0
23 114.0
51 198.0
69 198.0
62 185.0
41 128.0
1 176.0
76 156.0
2 183.0
12 150.0
79 161.0
66 119.0
43 170.0
33 189.0
69 192.0
72 129.0
52 174.0
12 184.0
60 103.0
11 185.0
29 133.0
5 165.0
11 139.0
58 167.0
19 105.0
40 163.0
22 114.0
84 191.0
84 149.0
46 111.0
86 141.0
11 136.0
32 139.0
58 113.0
60 108.0
29 103.0
40 185.0
19 106.0
11 107.0
77 113.0
74 118.0
29 117.0
56 113.0
5 139.0
44 145.0
82 123.0
82 117.0
19 134.0
74 163.0
80 158.0
96 127.0
3 103.0
19 158.0
5 134.0
55 142.0
24 115.0
99 142.0
27 133.0
65 195.0
26 111.0
86 110.0
29 171.0
86 165.0
83 118.0
60 154.0
3 118.0
93 158.0
82 134.0
58 145.0
25 185.0
44 113.0
3 108.0
24 184.0
82 163.0
97 114.0
57 140.0
24 122.0
19 115.0
52 167.0
