89 170
11 186
85 184
45 194
55 190
75 165
31 113
59 183
74 172
96 181
82 164
54 114
98 173
49 173
57 132
21 102
39 110
56 132
37 110
43 140
25 106
23 153
18 119
25 138
62 161
26 141
33 116
4 144
4 177
51 107
79 148
30 135
95 117
69 117
71 135
27 126
24 104
28 162
0 133
46 104
92 162
58 133
76 126
2 122
29 105
10 109
2 112
72 166
83 157
14 139
64 121
81 137
73 166
3 140
34 125
22 113
50 197
68 197
61 184
40 127
0 175
75 155
1 182
11 149
78 160
65 118
42 169
32 188
68 191
71 128
51 173
11 183
59 102
10 184
28 132
4 164
10 138
57 166
18 104
39 162
21 113
83 190
83 148
45 110
85 140
10 135
31 138
57 112
59 107
28 102
39 184
18 105
10 106
76 112
73 117
28 116
55 112
4 138
43 144
81 122
81 116
18 133
73 162
79 157
95 126
2 102
18 157
4 133
54 141
23 114
98 141
26 132
64 194
25 110
85 109
28 170
85 164
82 117
59 153
2 117
92 157
81 133
57 144
24 184
43 112
2 107
23 183
81 162
96 113
56 139
23 121
18 114
51 166
