33 184.0
31 138.0
57 117.0
54 173.0
23 190.0
9 103.0
51 141.0
25 194.0
23 195.0
33 200.0
9 155.0
51 144.0
57 167.0
50 132.0
47 150.0
22 164.0
61 110.0
10 161.0
64 142.0
32 174.0
43 122.0
42 147.0
73 145.0
90 131.0
38 123.0
3 151.0
67 157.0
60 133.0
95 125.0
41 126.0
82 126.0
100 131.0
84 145.0
55 151.0
44 125.0
93 102.0
66 129.0
80 137.0
81 113.0
89 114.0
98 135.0
87 116.0
79 116.0
78 129.0
96 102.0
92 135.0
99 113.0
88 114.0
36 137.0
83 113.0
23 131.0
57 150.0
60 135.0
32 117.0
79 174.0
61 194.0
36 141.0
54 142.0
51 125.0
95 113.0
89 144.0
25 116.0
44 110.0
83 141.0
55 142.0
42 151.0
33 114.0
31 125.0
42 144.0
89 122.0
84 150.0
66 117.0
83 174.0
82 110.0
96 138.0
22 133.0
38 195.0
44 122.0
98 103.0
25 114.0
23 150.0
81 167.0
9 161.0
54 150.0
61 129.0
25 161.0
98 194.0
67 147.0
64 151.0
78 125.0
64 123.0
99 122.0
79 131.0
55 174.0
33 157.0
84 144.0
31 151.0
31 126.0
22 145.0
57 164.0
67 161.0
82 144.0
42 114.0
23 123.0
88 155.0
3 161.0
100 190.0
67 137.0
47 126.0
22 173.0
84 102.0
54 129.0
61 102.0
51 133.0
79 126.0
95 190.0
32 145.0
95 102.0
83 147.0
67 195.0
92 195.0
44 113.0
9 116.0
23 122.0
9 150.0
22 135.0
80 141.0
55 195.0
64 114.0
78 147.0
96 157.0
54 110.0
98 200.0
73 116.0
92 157.0
32 125.0
44 135.0
47 190.0
31 145.0
33 133.0
31 123.0
43 133.0
90 138.0
64 190.0
42 135.0
60 144.0
88 195.0
36 147.0
60 116.0
25 135.0
92 142.0
73 117.0
3 147.0
87 141.0
23 137.0
22 116.0
47 102.0
33 174.0
25 174.0
32 138.0
81 194.0
67 141.0
99 151.0
64 141.0
84 194.0
3 142.0
51 102.0
