50 125.0
63 154.0
2 137.0
44 152.0
46 116.0
16 174.0
52 181.0
54 189.0
37 182.0
25 199.0
16 105.0
52 191.0
37 197.0
20 121.0
22 132.0
28 112.0
27 110.0
10 164.0
21 124.0
9 173.0
32 188.0
21 193.0
9 104.0
32 160.0
7 111.0
23 114.0
6 151.0
29 103.0
35 113.0
59 155.0
38 161.0
33 130.0
34 169.0
38 149.0
97 144.0
43 150.0
91 141.0
74 102.0
81 163.0
45 150.0
82 163.0
99 144.0
53 178.0
77 187.0
100 186.0
90 115.0
76 166.0
85 179.0
84 157.0
98 178.0
61 128.0
69 127.0
55 120.0
70 122.0
49 122.0
13 120.0
93 136.0
17 102.0
47 197.0
51 123.0
14 114.0
86 131.0
57 108.0
66 107.0
40 159.0
1 165.0
65 193.0
83 147.0
95 197.0
2 129.0
2 107.0
54 133.0
92 134.0
43 142.0
74 140.0
37 148.0
91 200.0
57 190.0
94 183.0
37 180.0
3 195.0
44 169.0
22 128.0
35 104.0
52 130.0
59 116.0
77 137.0
97 127.0
21 103.0
74 127.0
37 144.0
13 191.0
55 103.0
28 124.0
