12 110.0
90 106.0
37 123.0
86 113.0
76 123.0
56 110.0
32 113.0
43 117.0
79 162.0
16 178.0
35 145.0
61 153.0
42 196.0
53 188.0
45 170.0
62 131.0
17 172.0
62 180.0
39 195.0
20 191.0
7 114.0
41 171.0
54 185.0
54 169.0
39 151.0
30 120.0
11 154.0
3 139.0
11 107.0
3 164.0
74 177.0
82 128.0
15 192.0
73 129.0
65 101.0
84 159.0
82 125.0
73 147.0
50 174.0
68 128.0
22 119.0
4 150.0
13 129.0
14 124.0
51 195.0
19 102.0
2 164.0
72 184.0
88 157.0
47 198.0
92 187.0
24 176.0
38 137.0
13 197.0
15 150.0
29 122.0
18 108.0
3 143.0
70 109.0
89 102.0
58 130.0
17 174.0
3 120.0
16 145.0
43 145.0
54 171.0
11 120.0
12 106.0
45 180.0
53 131.0
84 177.0
45 131.0
65 128.0
76 110.0
