90 130.0
46 133.0
37 103.0
76 133.0
32 130.0
12 103.0
100 103.0
55 140.0
50 158.0
83 122.0
75 157.0
99 138.0
98 122.0
60 158.0
8 163.0
4 105.0
36 102.0
49 127.0
16 155.0
35 150.0
79 175.0
61 198.0
43 160.0
35 168.0
79 199.0
23 120.0
10 154.0
13 164.0
21 139.0
23 107.0
19 195.0
9 185.0
24 191.0
26 169.0
19 151.0
26 166.0
9 187.0
2 110.0
5 113.0
27 123.0
34 106.0
53 152.0
17 188.0
42 196.0
62 180.0
78 189.0
62 172.0
54 148.0
20 161.0
39 179.0
64 143.0
7 135.0
72 144.0
96 119.0
88 126.0
52 109.0
31 144.0
89 126.0
11 200.0
30 186.0
33 146.0
30 112.0
11 190.0
33 156.0
11 137.0
84 136.0
73 108.0
82 149.0
65 118.0
15 118.0
74 149.0
57 149.0
69 113.0
91 109.0
47 183.0
94 136.0
39 178.0
75 194.0
99 125.0
47 173.0
54 191.0
5 138.0
62 169.0
36 191.0
50 172.0
16 163.0
10 151.0
34 133.0
74 190.0
10 168.0
17 119.0
30 102.0
19 133.0
7 113.0
11 108.0
30 113.0
72 138.0
11 154.0
60 155.0
8 126.0
46 157.0
15 127.0
13 161.0
53 136.0
4 150.0
9 148.0
50 187.0
24 163.0
24 136.0
34 122.0
7 144.0
19 156.0
19 188.0
64 163.0
19 135.0
32 180.0
74 150.0
46 191.0
24 154.0
