89 129
45 132
36 102
75 132
31 129
11 102
99 102
54 139
49 157
82 121
74 156
98 137
97 121
59 157
7 162
3 104
35 101
48 126
15 154
34 149
78 174
60 197
42 159
34 167
78 198
22 119
9 153
12 163
20 138
22 106
18 194
8 184
23 190
25 168
18 150
25 165
8 186
1 109
4 112
26 122
33 105
52 151
16 187
41 195
61 179
77 188
61 171
53 147
19 160
38 178
63 142
6 134
71 143
95 118
87 125
51 108
30 143
88 125
10 199
29 185
32 145
29 111
10 189
32 155
10 136
83 135
72 107
81 148
64 117
14 117
73 148
56 148
68 112
90 108
46 182
93 135
38 177
74 193
98 124
46 172
53 190
4 137
61 168
35 190
49 171
15 162
9 150
33 132
73 189
9 167
16 118
29 101
18 132
6 112
10 107
29 112
71 137
10 153
59 154
7 125
45 156
14 126
12 160
52 135
3 149
8 147
49 186
23 162
23 135
33 121
6 143
18 155
18 187
63 162
18 134
31 179
73 149
45 190
23 153
