11 141.0
3 102.0
14 144.0
26 146.0
26 150.0
56 106.0
25 123.0
54 107.0
52 129.0
16 106.0
15 169.0
66 170.0
94 149.0
78 155.0
86 113.0
87 161.0
71 149.0
5 101.0
74 167.0
82 140.0
89 139.0
97 142.0
91 168.0
81 167.0
43 168.0
84 136.0
100 133.0
98 135.0
77 159.0
72 138.0
85 136.0
53 135.0
48 159.0
83 156.0
80 152.0
96 116.0
62 154.0
18 125.0
92 125.0
95 156.0
17 157.0
88 161.0
63 166.0
8 125.0
9 164.0
31 148.0
38 137.0
42 108.0
1 136.0
49 129.0
89 147.0
55 160.0
2 111.0
98 122.0
83 115.0
5 157.0
60 112.0
56 199.0
59 143.0
47 185.0
25 177.0
59 118.0
31 192.0
71 167.0
77 139.0
77 107.0
26 136.0
83 135.0
56 155.0
53 152.0
56 135.0
78 167.0
18 142.0
95 140.0
83 150.0
78 123.0
100 170.0
16 170.0
3 152.0
97 146.0
87 135.0
54 133.0
16 156.0
54 135.0
86 156.0
53 142.0
94 138.0
97 170.0
11 129.0
82 154.0
14 116.0
85 155.0
62 123.0
52 135.0
72 168.0
81 170.0
82 113.0
25 144.0
48 156.0
62 129.0
15 138.0
84 142.0
52 116.0
83 129.0
5 123.0
98 123.0
62 135.0
56 154.0
82 102.0
82 161.0
77 150.0
25 142.0
3 113.0
92 141.0
83 101.0
25 140.0
86 116.0
78 138.0
84 129.0
3 129.0
11 107.0
95 161.0
15 135.0
14 169.0
48 116.0
54 102.0
80 101.0
14 161.0
86 102.0
87 141.0
66 152.0
11 155.0
94 150.0
97 107.0
86 167.0
91 144.0
71 138.0
56 168.0
89 106.0
66 167.0
52 161.0
74 125.0
25 152.0
66 125.0
3 106.0
81 135.0
25 113.0
53 141.0
98 140.0
89 146.0
14 167.0
16 139.0
3 140.0
85 154.0
97 113.0
25 156.0
25 139.0
74 102.0
14 156.0
78 116.0
11 116.0
72 142.0
3 135.0
98 106.0
95 133.0
84 150.0
87 125.0
96 129.0
26 129.0
96 149.0
87 152.0
80 144.0
52 146.0
85 139.0
54 125.0
77 129.0
11 138.0
94 159.0
92 167.0
91 102.0
100 141.0
16 150.0
87 129.0
100 155.0
91 146.0
80 107.0
95 138.0
14 107.0
52 141.0
3 125.0
78 135.0
66 139.0
15 146.0
48 129.0
89 149.0
98 152.0
54 170.0
89 138.0
85 170.0
26 139.0
