25 103
5 136
8 151
48 138
48 184
8 169
90 180
87 163
92 188
58 134
52 114
66 125
61 114
18 125
89 148
98 121
60 148
9 121
39 194
31 124
39 118
31 161
63 107
79 139
88 107
67 139
20 143
72 117
15 117
95 190
51 191
69 155
74 187
76 119
37 140
81 130
78 130
30 196
64 126
6 154
6 193
78 121
39 107
90 118
89 187
5 190
25 184
92 191
8 187
90 121
64 136
39 121
8 103
74 121
64 117
48 117
89 103
8 148
81 124
9 143
67 154
89 124
72 121
74 119
31 138
20 161
20 130
58 118
63 121
8 139
30 121
89 161
66 130
79 193
25 134
39 155
58 126
81 188
60 126
67 187
81 161
95 148
63 187
30 103
6 114
89 114
18 196
79 125
39 114
25 151
74 194
39 196
39 125
76 180
89 117
98 103
64 114
15 107
67 126
48 125
79 151
51 124
48 139
72 193
58 191
48 130
87 136
51 139
67 136
92 139
51 194
78 196
76 107
74 139
48 119
64 103
61 103
61 119
72 114
31 184
51 130
31 191
81 184
87 130
20 136
78 148
61 134
39 190
60 196
25 196
81 194
15 121
15 154
37 125
30 134
89 126
15 196
25 194
8 130
48 103
25 130
69 184
39 184
31 119
69 138
58 124
9 125
60 134
87 121
74 143
31 148
18 119
6 117
18 187
20 196
89 139
58 169
72 119
66 187
15 148
6 124
63 143
25 188
72 125
60 143
6 143
87 103
39 180
8 134
87 169
79 143
92 117
39 188
8 117
8 154
89 151
39 117
61 124
95 193
51 107
95 184
25 187
31 114
31 103
20 190
58 125
37 138
48 188
98 134
60 154
87 139
64 130
89 118
31 190
95 107
88 136
5 155
31 188
52 136
64 180
37 184
89 163
72 118
98 136
79 126
