47 128.0
93 128.0
16 109.0
28 170.0
78 124.0
86 173.0
10 189.0
10 199.0
7 141.0
34 140.0
34 101.0
97 125.0
74 125.0
67 123.0
42 123.0
98 196.0
85 180.0
95 186.0
96 194.0
70 200.0
70 185.0
50 166.0
11 189.0
98 111.0
20 135.0
96 141.0
93 125.0
86 125.0
34 185.0
70 124.0
98 123.0
86 196.0
28 200.0
78 189.0
78 109.0
70 125.0
86 141.0
34 200.0
10 140.0
7 101.0
97 173.0
98 199.0
85 101.0
42 170.0
10 200.0
10 141.0
34 141.0
28 189.0
93 173.0
28 196.0
10 170.0
86 128.0
74 189.0
67 200.0
34 186.0
16 199.0
70 196.0
42 194.0
10 109.0
16 189.0
67 128.0
85 109.0
70 109.0
7 189.0
70 189.0
47 109.0
67 140.0
67 186.0
7 125.0
16 200.0
34 180.0
74 185.0
86 189.0
93 141.0
34 194.0
7 199.0
28 185.0
78 101.0
74 109.0
85 199.0
67 170.0
28 180.0
74 128.0
28 123.0
34 170.0
70 194.0
16 170.0
7 170.0
98 186.0
95 170.0
16 141.0
28 109.0
86 123.0
85 128.0
98 125.0
70 170.0
28 173.0
98 200.0
70 123.0
16 194.0
47 170.0
85 124.0
10 125.0
28 141.0
16 128.0
