2
1 2 3 4 5 6 7 8 9 10 11 12 13 14 15 16 17 18 19 20 21 22 23 24 25 26 27 28 29 30 31 32 33 34 35 36 37 38 39 40 41 42 43 44 45 46 47 48 49 50 51 52 53 54 55 56 57 58 59 60 61 62 63 64 65 66 67 68 69 70 71 72 73 74 75 76 77 78 79 80 81 82 83 84 85 86 87 88 89 90 91 92 93 94 95 96 97 98 99 100 
0
101 102 103 104 105 106 107 108 109 110 111 112 113 114 115 116 117 118 119 120 121 122 123 124 125 126 127 128 129 130 131 132 133 134 135 136 137 138 139 140 141 142 143 144 145 146 147 148 149 150 151 152 153 154 155 156 157 158 159 160 161 162 163 164 165 166 167 168 169 170 171 172 173 174 175 176 177 178 179 180 181 182 183 184 185 186 187 188 189 190 191 192 193 194 195 196 197 198 199 200 
0
1
1 2
78
129 35
129 43
129 22
129 87
2 101
134 16
134 50
134 83
135 10
135 47
136 22
136 86
137 16
137 61
10 135
139 56
13 108
14 118
16 137
16 134
22 136
22 129
22 189
29 188
29 127
32 188
32 111
35 112
35 129
166 99
43 129
178 66
47 135
189 96
189 22
50 198
50 134
50 102
179 87
180 78
56 139
185 81
187 93
188 32
188 83
188 29
61 137
192 88
66 178
197 97
198 98
198 50
199 79
78 180
79 199
81 185
83 188
83 134
86 136
87 129
87 179
88 192
93 187
93 111
96 189
97 197
98 198
99 102
99 166
101 2
102 50
102 99
108 13
111 32
111 93
112 35
118 14
127 29
13
32 64 139 114 102 129 137 10 43 61 47 113 50 74 22 56 116 111 135 42  
112 2 35 37 134 39 106 11 108 13 14 16 148 118 119 127 29 101  
136 36 198 166 170 178 179 180 181 183 185 186 187 188 189 192 193 66 196 197 70 199 78 79 80 81 83 85 86 87 88 89 92 93 96 97 98 99  
75 4 5 7 72 71 15 49 20 53 24 28 62  
33 9 45 51 57 54 23 25 26 31  
3 100 38 41 44 17 82 67 84 73 55 90 91 60 94 95  
1 34 6 8 12 48 18 19 27  
65 68 69 40 76 77 46 52 21 58 59 30 63  
128 162 171 104 105 107 172 175 115 149 120 153 124  
131 133 109 157 145 151 154 123 125 126  
161 132 174 142 143 147 110 150 164 122 156  
160 194 195 103 200 138 167 141 173 144 117 182 184 155 190 191  
130 163 165 168 169 140 176 177 146 152 121 158 159  
