2
1 2 3 4 5 6 7 8 9 10 11 12 13 14 15 16 17 18 19 20 21 22 23 24 25 26 27 28 29 30 31 32 33 34 35 36 37 38 39 40 41 42 43 44 45 46 47 48 49 50 51 52 53 54 55 56 57 58 59 60 61 62 63 64 65 66 67 68 69 70 71 72 73 74 75 76 77 78 79 80 81 82 83 84 85 86 87 88 89 90 91 92 93 94 95 96 97 98 99 100 
190
60 92
71 95
73 78
74 91
78 73
80 97
80 98
80 99
80 88
80 92
80 93
81 96
81 97
81 98
81 83
81 85
81 86
81 87
81 88
81 92
81 93
82 100
82 84
82 90
82 91
82 94
82 95
83 96
83 97
83 98
83 99
83 81
83 87
83 89
83 92
83 93
84 100
84 82
84 86
84 90
84 91
84 94
84 95
85 96
85 97
85 98
85 99
85 81
85 86
85 87
85 88
85 89
85 92
86 96
86 97
86 98
86 99
86 81
86 84
86 85
86 88
86 89
86 92
87 96
87 97
87 98
87 99
87 81
87 83
87 85
87 88
87 89
87 92
87 93
88 96
88 97
88 99
88 80
88 81
88 85
88 86
88 87
88 89
88 92
88 93
89 96
89 98
89 99
89 83
89 85
89 86
89 87
89 88
89 92
89 93
90 100
90 82
90 84
90 91
90 94
90 95
91 100
91 74
91 82
91 84
91 90
91 94
91 95
92 97
92 98
92 99
92 80
92 81
92 83
92 85
92 86
92 87
92 88
92 89
92 60
93 96
93 99
93 80
93 81
93 83
93 87
93 88
93 89
94 100
94 82
94 84
94 90
94 91
94 95
95 100
95 71
95 82
95 84
95 90
95 91
95 94
96 98
96 99
96 81
96 83
96 85
96 86
96 87
96 88
96 89
96 93
97 98
97 99
97 80
97 81
97 83
97 85
97 86
97 87
97 88
97 92
98 96
98 97
98 99
98 80
98 81
98 83
98 85
98 86
98 87
98 89
98 92
99 96
99 97
99 98
99 80
99 83
99 85
99 86
99 87
99 88
99 89
99 92
99 93
100 82
100 84
100 90
100 91
100 94
100 95
101 102 103 104 105 106 107 108 109 110 111 112 113 114 115 116 117 118 119 120 121 122 123 124 125 126 127 128 129 130 131 132 133 134 135 136 137 138 139 140 141 142 143 144 145 146 147 148 149 150 151 152 153 154 155 156 157 158 159 160 161 162 163 164 165 166 167 168 169 170 171 172 173 174 175 176 177 178 179 180 181 182 183 184 185 186 187 188 189 190 191 192 193 194 195 196 197 198 199 200 
170
171 195
173 178
174 191
178 173
181 192
181 193
181 196
181 197
181 198
181 187
181 188
182 194
182 195
182 200
182 184
182 190
182 191
183 192
183 193
183 196
183 197
183 198
183 199
183 187
183 189
184 194
184 195
184 200
184 182
184 186
184 190
184 191
185 192
185 196
185 197
185 198
185 199
185 186
185 187
185 188
185 189
186 192
186 196
186 197
186 198
186 199
186 184
186 185
186 188
186 189
187 192
187 193
187 196
187 197
187 199
187 181
187 183
187 185
187 188
187 189
187 198
188 192
188 193
188 196
188 197
188 199
188 181
188 185
188 186
188 187
188 189
189 192
189 193
189 187
189 196
189 198
189 199
189 183
189 185
189 186
189 188
190 194
190 195
190 200
190 182
190 184
190 191
191 194
191 195
191 200
191 174
191 182
191 184
191 190
192 197
192 198
192 199
192 181
192 183
192 185
192 186
192 187
192 188
192 189
193 196
193 199
193 181
193 183
193 187
193 188
193 189
194 195
194 200
194 182
194 184
194 190
194 191
195 194
195 200
195 171
195 182
195 184
195 190
195 191
196 193
196 198
196 199
196 181
196 183
196 185
196 186
196 187
196 188
196 189
197 192
197 198
197 199
197 181
197 183
197 185
197 186
197 187
197 188
198 192
198 196
198 197
198 199
198 181
198 183
198 186
198 187
198 189
198 185
199 192
199 193
199 196
199 197
199 183
199 185
199 186
199 187
199 188
199 189
199 198
200 194
200 195
200 182
200 184
200 190
200 191
1
1 2
38
128 71
4 120
136 83
136 62
153 62
28 175
166 79
41 112
41 120
170 98
175 28
55 108
185 81
186 78
187 87
60 112
62 136
62 153
71 128
73 118
78 112
78 186
79 166
81 185
83 136
87 187
98 170
98 108
38 108
108 98
108 38
108 55
112 41
112 60
112 78
118 73
120 41
120 4
13
128 4 5 7 15 20 149 24 153 28 162 171 172 175 49 53 62 71 72 75 104 105 107 115 120 124  
3 134 17 148 38 41 44 55 60 67 73 82 84 90 91 94 95 100 101 106 108 112 118 119 127  
136 36 198 166 170 178 179 180 181 183 185 186 187 188 189 192 193 66 196 197 70 199 78 79 80 81 83 85 86 87 88 89 92 93 96 97 98 99  
33 9 45 51 57 54 23 25 26 31  
32 64 10 43 61 47 50 74 22 56 42  
1 34 6 8 12 48 18 19 27  
65 68 69 40 76 77 46 52 21 58 59 30 63  
2 35 37 39 11 13 14 16 29  
131 133 109 157 145 151 154 123 125 126  
161 132 174 142 143 147 110 150 164 122 156  
160 194 195 103 200 138 167 141 173 144 117 182 184 155 190 191  
130 163 165 168 169 140 176 177 146 152 121 158 159  
129 102 135 137 139 111 113 114 116  
