46 194.0
37 198.0
37 200.0
46 190.0
97 102.0
94 132.0
55 102.0
27 132.0
87 173.0
64 121.0
80 154.0
68 154.0
11 130.0
71 104.0
84 104.0
77 151.0
86 138.0
83 182.0
38 178.0
24 152.0
65 170.0
33 139.0
65 196.0
66 168.0
6 177.0
18 153.0
1 185.0
47 146.0
9 122.0
88 185.0
56 155.0
72 111.0
74 124.0
25 185.0
53 125.0
45 169.0
40 174.0
39 127.0
60 200.0
96 131.0
2 126.0
31 166.0
34 129.0
63 118.0
90 122.0
62 149.0
59 163.0
1 191.0
4 192.0
81 162.0
16 136.0
13 195.0
19 168.0
24 164.0
60 189.0
13 107.0
94 120.0
77 182.0
46 200.0
71 130.0
80 173.0
87 154.0
83 138.0
24 170.0
24 196.0
83 178.0
65 152.0
86 178.0
97 132.0
68 121.0
11 104.0
87 121.0
86 182.0
24 139.0
33 152.0
68 173.0
33 170.0
38 151.0
77 178.0
94 102.0
