93 122.0
17 128.0
73 108.0
24 108.0
47 128.0
11 115.0
14 187.0
3 179.0
3 194.0
14 157.0
52 102.0
56 146.0
54 141.0
16 150.0
8 123.0
20 106.0
28 131.0
78 138.0
87 136.0
86 135.0
15 134.0
66 135.0
21 113.0
32 169.0
10 149.0
32 170.0
7 119.0
31 196.0
23 195.0
23 183.0
7 165.0
34 103.0
35 126.0
33 111.0
38 103.0
97 160.0
81 188.0
74 124.0
45 173.0
5 104.0
89 160.0
90 101.0
77 158.0
76 139.0
98 142.0
100 168.0
84 158.0
96 116.0
83 137.0
92 156.0
62 152.0
18 152.0
69 191.0
30 189.0
70 105.0
61 199.0
61 181.0
69 182.0
54 165.0
5 165.0
45 119.0
21 182.0
56 142.0
11 128.0
20 189.0
7 158.0
100 199.0
8 101.0
73 126.0
3 126.0
76 108.0
14 170.0
69 135.0
32 183.0
28 101.0
83 160.0
7 191.0
52 139.0
62 131.0
66 126.0
77 126.0
11 113.0
10 123.0
78 102.0
32 146.0
47 101.0
23 170.0
21 126.0
32 104.0
47 116.0
47 137.0
31 170.0
10 102.0
93 182.0
89 191.0
11 134.0
84 103.0
21 141.0
10 156.0
5 158.0
45 111.0
89 187.0
56 199.0
93 194.0
87 149.0
61 126.0
8 152.0
76 157.0
66 113.0
86 146.0
31 191.0
3 150.0
52 136.0
74 123.0
30 106.0
17 146.0
15 196.0
23 139.0
32 124.0
92 128.0
31 124.0
16 195.0
21 138.0
45 156.0
61 123.0
8 183.0
56 169.0
92 111.0
38 122.0
20 158.0
24 188.0
30 195.0
7 124.0
96 101.0
24 138.0
30 142.0
89 111.0
84 126.0
93 137.0
3 111.0
98 157.0
30 123.0
97 134.0
76 123.0
20 128.0
84 156.0
61 173.0
34 170.0
20 173.0
10 165.0
23 168.0
61 183.0
73 106.0
84 179.0
78 103.0
56 126.0
17 196.0
56 103.0
23 103.0
33 113.0
87 131.0
23 113.0
93 152.0
45 108.0
62 126.0
8 128.0
86 195.0
78 131.0
56 104.0
66 103.0
62 113.0
100 128.0
87 173.0
21 124.0
30 113.0
28 141.0
31 111.0
38 113.0
86 189.0
78 128.0
18 142.0
98 183.0
77 138.0
16 194.0
32 150.0
98 122.0
78 149.0
56 119.0
20 194.0
74 141.0
62 128.0
20 191.0
14 156.0
47 170.0
100 106.0
28 194.0
62 141.0
56 135.0
17 183.0
7 128.0
93 115.0
70 173.0
56 157.0
3 170.0
86 152.0
20 108.0
61 103.0
17 149.0
15 156.0
8 139.0
33 169.0
89 156.0
47 138.0
73 113.0
3 123.0
56 111.0
15 106.0
3 122.0
92 199.0
32 173.0
16 187.0
30 183.0
34 102.0
61 169.0
47 134.0
86 106.0
15 187.0
66 119.0
100 194.0
54 196.0
73 102.0
14 137.0
10 101.0
31 138.0
24 150.0
14 134.0
70 196.0
3 152.0
93 195.0
90 150.0
97 116.0
33 108.0
35 188.0
35 102.0
38 105.0
35 150.0
20 199.0
3 119.0
23 179.0
18 196.0
62 150.0
31 188.0
98 156.0
14 138.0
17 106.0
20 142.0
3 146.0
28 102.0
16 188.0
66 195.0
73 149.0
31 131.0
5 128.0
52 111.0
84 108.0
35 128.0
93 196.0
70 128.0
93 138.0
24 134.0
98 170.0
8 169.0
70 131.0
14 119.0
62 102.0
10 191.0
98 126.0
17 150.0
11 122.0
24 152.0
92 105.0
97 111.0
14 139.0
97 128.0
78 106.0
38 123.0
21 191.0
52 179.0
61 194.0
8 160.0
