93 130.0
73 170.0
47 161.0
64 113.0
24 155.0
88 149.0
60 155.0
52 178.0
37 194.0
56 186.0
16 187.0
54 166.0
16 171.0
54 179.0
20 129.0
8 123.0
28 131.0
22 107.0
32 183.0
21 165.0
10 195.0
9 192.0
10 119.0
21 118.0
32 196.0
29 193.0
7 164.0
31 104.0
23 160.0
29 173.0
7 147.0
31 188.0
35 110.0
33 121.0
38 109.0
59 112.0
34 109.0
82 163.0
89 102.0
97 150.0
99 146.0
43 144.0
74 146.0
81 163.0
5 102.0
100 168.0
53 142.0
48 167.0
98 140.0
72 175.0
85 101.0
84 142.0
76 101.0
92 159.0
18 134.0
19 136.0
65 138.0
96 133.0
95 134.0
83 159.0
50 163.0
46 122.0
51 164.0
3 196.0
66 181.0
79 120.0
57 184.0
67 107.0
75 118.0
70 200.0
69 194.0
54 103.0
90 114.0
5 154.0
43 116.0
94 108.0
7 122.0
65 199.0
55 174.0
91 182.0
63 185.0
47 198.0
77 148.0
93 173.0
29 136.0
53 107.0
96 165.0
74 155.0
19 107.0
29 133.0
9 155.0
20 142.0
18 179.0
59 187.0
29 168.0
23 131.0
23 121.0
84 144.0
24 146.0
65 192.0
100 119.0
7 163.0
60 147.0
21 163.0
99 134.0
16 110.0
47 109.0
22 183.0
56 107.0
89 101.0
52 155.0
23 138.0
48 134.0
9 110.0
19 170.0
22 140.0
48 144.0
19 129.0
98 183.0
92 123.0
37 102.0
64 150.0
53 147.0
35 171.0
85 110.0
59 193.0
29 123.0
32 112.0
76 107.0
60 144.0
16 149.0
34 129.0
33 107.0
5 192.0
60 165.0
48 146.0
38 195.0
31 119.0
22 101.0
99 155.0
60 107.0
32 109.0
72 104.0
8 196.0
35 164.0
22 193.0
96 123.0
8 150.0
9 142.0
85 178.0
