33 176
5 137
5 182
33 178
3 186
36 188
36 116
3 134
2 111
48 172
2 110
92 112
58 129
62 129
87 112
31 175
1 168
1 138
31 149
67 192
34 158
47 155
86 142
74 157
59 133
51 157
69 133
37 122
82 144
77 122
81 144
43 150
94 115
61 136
89 165
56 184
53 162
15 145
30 128
62 100
62 102
20 173
92 166
46 156
42 109
98 140
58 158
2 178
33 112
31 112
62 144
5 149
2 112
37 172
33 116
58 172
77 157
81 178
82 188
82 182
58 155
31 176
51 172
33 157
51 188
62 133
51 192
1 129
51 137
74 172
74 137
36 122
82 137
1 133
87 110
58 144
33 186
3 110
