24 141.0
60 102.0
88 102.0
17 141.0
41 181.0
44 143.0
41 197.0
44 199.0
56 196.0
25 162.0
25 195.0
56 183.0
78 122.0
87 127.0
94 122.0
66 127.0
9 140.0
10 158.0
9 142.0
59 187.0
38 157.0
38 166.0
59 186.0
91 103.0
82 126.0
89 126.0
43 103.0
53 200.0
77 176.0
84 198.0
76 177.0
62 149.0
18 170.0
80 169.0
92 149.0
3 159.0
20 103.0
23 169.0
58 189.0
49 142.0
80 188.0
49 137.0
74 110.0
58 107.0
22 134.0
92 166.0
92 141.0
24 187.0
91 186.0
87 141.0
24 127.0
9 162.0
38 141.0
60 122.0
18 103.0
10 183.0
88 169.0
88 196.0
24 166.0
43 186.0
94 103.0
44 140.0
60 127.0
10 149.0
82 166.0
41 195.0
59 198.0
9 169.0
77 140.0
44 127.0
92 187.0
56 200.0
44 142.0
77 142.0
25 142.0
43 143.0
25 122.0
44 177.0
62 199.0
56 149.0
38 127.0
41 149.0
92 158.0
38 149.0
87 166.0
44 183.0
84 141.0
89 169.0
59 169.0
92 122.0
56 169.0
60 200.0
9 170.0
25 127.0
25 141.0
25 102.0
53 141.0
89 177.0
88 181.0
38 126.0
59 149.0
91 177.0
60 176.0
94 176.0
10 141.0
53 122.0
18 186.0
78 140.0
80 103.0
66 197.0
77 162.0
10 198.0
18 195.0
62 181.0
18 176.0
10 181.0
92 126.0
44 170.0
88 166.0
9 141.0
56 176.0
91 166.0
87 196.0
91 162.0
41 122.0
41 198.0
9 166.0
77 183.0
82 187.0
38 196.0
78 141.0
91 199.0
53 157.0
66 141.0
9 181.0
78 143.0
59 176.0
44 102.0
44 158.0
10 186.0
92 183.0
89 127.0
76 170.0
62 158.0
53 197.0
76 126.0
17 186.0
82 142.0
56 158.0
9 186.0
62 126.0
87 176.0
53 126.0
78 199.0
25 103.0
41 102.0
43 149.0
41 158.0
17 126.0
62 183.0
88 176.0
59 102.0
18 143.0
56 102.0
9 126.0
82 158.0
80 158.0
62 143.0
80 157.0
24 122.0
77 126.0
89 142.0
88 158.0
60 162.0
41 103.0
