30 147.0
80 163.0
98 148.0
86 154.0
89 148.0
74 147.0
56 163.0
18 101.0
71 133.0
82 111.0
31 141.0
37 133.0
63 105.0
47 144.0
54 104.0
48 159.0
78 176.0
60 197.0
26 168.0
77 125.0
8 115.0
87 199.0
87 166.0
8 140.0
43 123.0
14 167.0
10 102.0
43 129.0
14 179.0
22 164.0
73 119.0
93 113.0
42 136.0
61 191.0
84 151.0
73 150.0
62 155.0
90 119.0
70 175.0
9 192.0
5 157.0
17 106.0
88 150.0
51 143.0
94 114.0
41 111.0
33 110.0
53 116.0
16 105.0
29 133.0
67 195.0
100 194.0
83 195.0
69 153.0
66 195.0
76 160.0
39 128.0
8 190.0
80 180.0
30 198.0
68 135.0
48 182.0
2 137.0
30 181.0
30 138.0
88 116.0
61 153.0
16 126.0
95 187.0
52 192.0
73 127.0
33 143.0
23 184.0
96 145.0
31 101.0
61 151.0
56 148.0
47 159.0
84 150.0
60 176.0
86 163.0
22 151.0
74 163.0
