3 192
59 123
87 116
72 163
1 180
62 181
1 190
62 198
50 174
2 166
50 141
26 169
27 160
26 168
20 191
31 194
31 179
20 182
81 102
4 110
44 110
90 102
67 130
0 105
74 130
95 124
82 151
61 124
79 151
12 120
48 111
29 111
15 110
36 160
85 144
14 163
56 185
5 140
6 115
37 148
32 122
84 108
71 190
97 165
16 143
54 162
33 119
71 107
31 114
34 177
93 170
10 158
93 137
89 171
45 152
11 183
27 181
82 110
67 198
12 160
29 166
27 194
4 181
20 124
2 120
27 141
62 120
50 179
81 174
48 190
95 163
50 123
48 151
2 110
87 130
95 169
0 120
1 102
27 123
95 130
81 105
3 130
79 191
81 130
50 120
62 191
29 151
74 102
48 168
74 166
2 180
26 110
31 110
72 102
20 180
44 192
50 192
27 163
74 111
31 160
67 110
74 110
12 110
4 141
1 105
26 102
27 130
82 168
0 141
72 179
90 166
31 111
1 124
2 105
59 110
62 151
50 105
62 166
0 110
90 180
2 111
44 120
61 163
31 169
62 169
3 190
3 180
81 151
50 168
50 130
2 102
27 151
79 111
0 111
74 192
27 174
2 181
1 110
31 180
26 151
95 166
50 198
81 160
59 111
26 191
62 110
50 181
67 192
26 141
90 192
3 198
27 179
29 130
31 123
1 130
48 179
48 194
0 198
4 120
29 160
