25 103
33 127
57 129
65 136
14 145
43 141
0 117
28 100
17 128
29 195
45 184
36 169
12 168
3 151
3 175
45 159
12 174
46 105
48 125
8 133
2 114
48 165
55 176
92 177
62 104
90 185
87 181
91 182
42 150
99 162
98 191
9 155
96 142
89 192
26 187
54 190
60 191
56 162
1 179
39 186
44 116
7 163
31 134
39 167
44 147
86 183
67 120
34 153
80 115
63 110
79 111
88 111
49 107
51 131
68 101
75 139
38 122
84 139
69 101
95 107
82 108
81 121
78 102
76 148
77 121
50 102
85 148
6 173
32 118
30 124
19 194
40 135
23 113
40 152
73 135
66 123
15 103
11 175
39 109
64 193
26 119
26 186
3 152
3 165
2 145
50 134
86 145
40 168
36 113
33 100
80 107
25 115
1 141
12 163
69 141
77 116
17 174
85 141
89 110
63 131
78 117
6 169
33 195
8 120
46 181
7 181
7 175
49 191
42 174
46 168
86 105
88 105
98 147
77 100
79 121
23 184
17 139
42 183
79 129
63 128
49 135
8 136
14 153
0 134
65 121
1 111
56 120
76 153
79 187
0 108
86 100
14 183
44 177
99 104
31 133
17 116
77 139
29 133
62 122
77 136
1 129
1 115
31 187
7 176
65 162
60 184
69 128
39 145
28 183
33 183
43 167
63 185
3 127
14 194
67 100
29 127
43 169
79 100
48 111
67 176
8 186
49 175
30 162
9 185
49 177
87 102
90 192
3 110
32 159
39 129
96 103
57 107
45 100
8 194
67 136
57 192
85 134
84 145
28 122
55 116
43 111
90 117
30 148
43 135
43 120
26 165
44 162
44 133
89 133
48 173
39 173
12 120
85 131
31 185
29 108
60 175
67 102
54 101
7 121
48 142
25 162
84 129
46 136
91 169
88 127
63 163
78 125
48 121
31 105
62 192
31 141
98 102
80 181
85 181
8 169
54 194
7 182
8 118
92 145
6 120
45 179
99 165
46 103
68 177
23 122
42 121
1 107
46 179
14 114
63 145
23 159
81 167
29 148
51 173
26 141
40 163
51 152
0 150
43 102
25 191
29 145
84 108
56 115
0 129
57 134
80 100
42 147
62 163
6 128
50 117
34 116
7 174
55 118
14 151
40 185
67 191
91 155
1 185
1 117
6 100
49 108
43 110
86 167
19 165
79 128
34 168
63 124
90 134
87 128
45 176
34 107
76 117
40 100
17 148
87 107
30 117
33 192
65 122
12 194
8 150
44 118
80 174
88 107
14 110
92 117
56 139
80 142
29 165
56 100
63 116
88 128
38 182
92 141
0 131
28 194
92 125
28 134
17 179
67 163
88 141
98 124
49 116
75 100
44 108
95 113
69 116
82 135
89 159
25 148
40 125
75 125
48 174
51 165
51 129
75 117
19 101
46 118
9 141
0 135
23 100
46 177
79 125
54 165
98 128
46 129
33 104
81 192
39 176
42 115
7 113
25 163
79 174
91 153
31 174
7 133
12 179
1 177
69 183
84 159
96 116
48 145
55 148
60 147
33 120
51 136
29 179
87 195
89 139
39 152
3 135
48 163
55 168
26 129
7 102
36 111
42 190
69 179
63 182
65 107
12 103
2 173
54 183
99 107
63 177
3 131
86 122
51 176
81 107
84 184
91 111
