5 120
25 115
57 110
65 111
5 183
36 114
27 105
45 133
3 157
46 103
21 145
8 136
46 112
87 175
42 149
58 138
71 169
91 174
71 151
13 194
94 161
35 124
24 135
66 166
54 148
56 102
26 146
89 146
9 102
93 148
96 102
1 140
31 119
7 164
22 130
88 158
34 155
79 192
16 187
47 190
15 156
10 199
83 189
72 197
20 196
20 160
83 193
38 117
84 128
59 100
75 100
69 117
49 128
82 167
78 134
85 186
37 188
81 147
41 168
64 147
91 122
48 182
21 156
83 115
16 134
13 147
78 114
69 183
20 114
81 119
15 136
66 174
46 119
