87 199
23 189
16 147
92 197
72 176
46 171
63 184
87 152
13 101
50 162
10 143
2 140
50 145
15 195
36 194
51 191
55 179
53 182
36 118
53 164
27 178
26 156
21 177
7 193
7 170
21 114
26 165
65 129
77 112
70 154
86 168
14 169
85 160
78 112
9 122
20 130
11 105
8 128
30 166
22 138
6 139
28 167
30 157
6 100
35 102
37 125
33 150
32 110
58 110
88 111
81 109
80 108
96 131
98 111
90 108
44 131
4 109
97 137
83 134
75 133
76 132
99 158
52 132
47 133
71 158
82 103
17 116
91 187
79 192
95 146
18 163
94 123
48 126
60 107
54 119
69 127
12 127
29 126
62 171
67 105
3 151
98 144
22 168
7 116
10 107
10 167
58 191
55 197
8 131
46 119
50 131
97 138
17 128
51 125
27 105
10 129
11 134
58 197
21 189
55 116
58 105
26 189
91 132
63 193
11 166
10 138
70 195
17 193
53 110
21 127
28 194
51 108
10 111
91 105
21 176
60 102
30 111
2 193
53 132
7 157
47 139
23 111
52 187
21 162
48 134
44 129
28 193
58 146
6 110
69 156
