37 106.0
100 123.0
12 110.0
90 113.0
76 110.0
32 113.0
56 106.0
99 200.0
68 190.0
55 156.0
50 146.0
75 137.0
83 112.0
60 132.0
8 142.0
4 178.0
36 162.0
18 145.0
18 153.0
61 151.0
35 191.0
79 171.0
43 114.0
48 166.0
43 195.0
61 185.0
6 168.0
23 183.0
13 199.0
21 198.0
13 150.0
21 160.0
23 175.0
14 124.0
95 144.0
51 109.0
66 119.0
85 109.0
91 144.0
71 124.0
19 128.0
24 193.0
26 125.0
9 194.0
26 147.0
19 192.0
9 129.0
24 159.0
2 182.0
27 184.0
63 115.0
5 165.0
63 173.0
5 181.0
7 152.0
54 131.0
20 172.0
41 196.0
64 188.0
7 170.0
72 105.0
70 127.0
89 134.0
88 163.0
96 163.0
80 127.0
25 149.0
47 104.0
28 108.0
94 118.0
59 149.0
29 108.0
93 104.0
77 118.0
30 133.0
11 130.0
33 103.0
40 157.0
57 132.0
17 186.0
45 130.0
81 131.0
73 101.0
93 138.0
13 158.0
91 179.0
25 135.0
100 164.0
28 107.0
27 153.0
76 131.0
7 149.0
80 114.0
11 106.0
30 131.0
47 198.0
2 185.0
88 124.0
28 103.0
59 191.0
32 112.0
47 185.0
88 129.0
35 104.0
24 145.0
76 184.0
41 200.0
2 108.0
89 185.0
9 104.0
11 165.0
96 124.0
4 151.0
12 133.0
63 150.0
63 162.0
24 163.0
18 103.0
83 199.0
76 130.0
91 110.0
50 165.0
41 173.0
83 108.0
20 159.0
59 128.0
32 163.0
4 191.0
41 162.0
63 106.0
48 153.0
79 144.0
59 103.0
13 137.0
56 175.0
88 195.0
14 162.0
60 130.0
59 110.0
99 110.0
18 147.0
24 109.0
72 123.0
7 108.0
25 105.0
18 119.0
11 188.0
8 108.0
6 104.0
26 181.0
30 127.0
11 127.0
2 110.0
6 162.0
14 108.0
19 178.0
35 110.0
7 123.0
11 109.0
19 137.0
54 175.0
95 113.0
23 184.0
90 153.0
72 118.0
2 199.0
47 146.0
68 128.0
96 133.0
95 110.0
47 133.0
70 146.0
26 124.0
18 192.0
60 113.0
89 172.0
59 185.0
79 178.0
83 162.0
48 113.0
71 113.0
4 166.0
8 118.0
68 149.0
64 166.0
41 199.0
41 181.0
50 185.0
26 127.0
27 124.0
48 184.0
43 182.0
28 134.0
30 144.0
36 181.0
33 114.0
96 104.0
37 115.0
63 153.0
100 124.0
14 137.0
14 184.0
60 166.0
11 113.0
29 153.0
100 190.0
26 115.0
33 110.0
77 132.0
96 195.0
36 110.0
68 188.0
63 127.0
2 196.0
33 108.0
26 137.0
19 113.0
26 188.0
96 144.0
2 149.0
4 181.0
24 113.0
90 103.0
79 193.0
63 151.0
50 152.0
24 130.0
21 133.0
29 183.0
11 118.0
54 114.0
85 178.0
85 103.0
19 119.0
24 165.0
5 153.0
26 113.0
75 198.0
79 149.0
20 130.0
37 124.0
88 172.0
41 123.0
13 133.0
79 110.0
89 109.0
19 153.0
75 125.0
85 142.0
76 182.0
36 149.0
99 153.0
20 163.0
71 115.0
33 144.0
4 149.0
11 115.0
30 173.0
54 163.0
36 112.0
70 130.0
68 184.0
79 196.0
29 162.0
20 156.0
36 119.0
80 145.0
26 168.0
50 134.0
47 127.0
54 105.0
30 168.0
90 119.0
5 133.0
12 104.0
19 133.0
36 192.0
8 194.0
30 114.0
35 153.0
94 190.0
80 199.0
27 119.0
2 131.0
90 190.0
88 170.0
30 118.0
26 196.0
28 123.0
95 163.0
61 130.0
75 151.0
24 108.0
4 199.0
36 133.0
28 193.0
18 108.0
64 150.0
27 113.0
75 145.0
13 171.0
24 198.0
43 147.0
36 130.0
50 127.0
24 124.0
90 178.0
24 173.0
23 124.0
64 156.0
19 105.0
23 142.0
6 109.0
77 196.0
8 103.0
96 150.0
9 118.0
55 142.0
60 110.0
18 118.0
32 153.0
75 196.0
51 149.0
43 134.0
77 181.0
83 130.0
75 166.0
56 149.0
24 133.0
32 129.0
99 113.0
25 190.0
75 114.0
23 103.0
4 108.0
27 129.0
79 192.0
63 110.0
27 103.0
8 185.0
89 183.0
30 145.0
25 144.0
23 108.0
55 152.0
54 132.0
23 192.0
50 106.0
50 104.0
60 196.0
5 128.0
80 109.0
50 160.0
51 133.0
13 147.0
83 166.0
88 166.0
50 124.0
88 194.0
51 166.0
35 118.0
85 137.0
8 151.0
68 127.0
29 119.0
4 104.0
55 106.0
29 124.0
64 110.0
48 112.0
96 110.0
11 195.0
85 134.0
94 113.0
33 165.0
23 146.0
30 108.0
99 170.0
96 165.0
24 151.0
96 113.0
26 173.0
99 130.0
54 106.0
30 175.0
