14 138
65 195
14 184
65 175
0 105
28 165
21 152
2 166
2 113
21 124
13 116
73 163
52 188
24 179
54 199
93 198
96 193
98 109
44 127
31 136
10 128
15 117
11 128
85 132
50 119
76 106
4 119
29 163
91 135
80 178
38 160
30 112
4 102
8 142
61 139
79 115
98 150
11 132
2 117
14 152
85 179
28 117
21 179
44 106
2 193
76 184
44 119
65 109
10 119
93 136
14 117
50 165
21 119
65 136
15 165
0 119
76 128
73 136
11 179
52 128
11 152
15 152
98 163
31 128
24 117
13 193
2 106
31 124
28 184
4 128
10 188
73 165
13 127
73 117
21 117
11 106
14 198
14 119
31 109
65 127
76 113
54 136
15 119
0 195
10 138
2 138
98 152
54 113
11 119
24 166
85 127
2 132
15 116
65 124
21 116
54 128
0 163
28 136
65 116
0 175
98 179
93 165
11 175
93 175
76 193
31 138
65 165
44 199
52 117
73 152
14 199
76 117
98 166
65 193
24 119
28 124
31 179
93 128
4 105
31 165
31 119
98 136
10 124
44 165
73 113
14 105
98 127
44 105
15 127
65 117
76 109
28 179
15 198
96 136
14 127
