2 167.0
44 175.0
63 101.0
41 168.0
46 142.0
63 140.0
26 107.0
11 123.0
14 131.0
51 106.0
8 117.0
27 173.0
28 160.0
22 124.0
8 164.0
28 104.0
27 188.0
86 138.0
71 133.0
15 136.0
57 135.0
94 159.0
87 133.0
78 138.0
12 128.0
10 127.0
32 120.0
21 122.0
29 111.0
7 103.0
31 151.0
6 126.0
34 143.0
36 197.0
33 191.0
35 189.0
59 105.0
33 174.0
36 181.0
35 145.0
91 172.0
97 185.0
74 198.0
5 176.0
45 153.0
89 148.0
99 190.0
81 200.0
55 146.0
30 102.0
70 163.0
13 150.0
69 141.0
61 141.0
17 188.0
54 148.0
1 173.0
53 164.0
65 148.0
95 137.0
89 194.0
54 112.0
21 183.0
85 155.0
57 191.0
31 150.0
30 107.0
5 136.0
