36 195
55 171
85 187
31 188
45 169
59 123
97 118
98 143
82 123
96 118
9 190
22 168
5 186
22 184
9 150
13 192
84 100
70 124
68 128
90 176
84 127
52 160
44 147
16 142
77 115
6 120
19 122
38 105
40 105
28 139
92 157
93 156
27 166
91 139
0 166
32 181
29 183
32 164
29 172
81 129
14 110
72 129
73 110
39 138
57 106
35 135
3 153
47 193
34 150
25 138
8 101
26 185
62 148
79 158
87 126
92 155
16 175
96 111
12 182
15 196
25 197
63 107
61 135
53 133
73 101
55 152
6 116
84 163
55 140
52 157
32 188
72 124
77 190
72 156
5 128
29 129
81 181
13 139
97 168
36 110
91 187
72 186
40 186
14 190
27 143
93 129
19 195
19 123
93 187
19 169
16 164
91 188
45 150
38 184
38 166
0 183
31 172
55 156
5 127
29 143
22 123
19 143
13 110
77 195
28 129
32 156
32 123
29 118
29 168
91 128
92 129
27 120
29 139
16 120
19 129
97 160
81 105
97 129
81 186
19 168
97 188
16 110
84 118
19 127
81 160
5 120
52 183
59 127
81 183
16 124
97 156
90 164
55 157
14 105
31 118
22 115
91 164
92 195
90 188
14 188
68 115
38 110
22 122
81 128
52 139
72 105
45 183
91 181
90 142
16 169
29 120
96 156
29 110
77 150
52 184
22 147
29 176
13 122
70 122
77 139
32 105
59 176
68 110
32 195
44 139
55 139
27 115
29 171
84 123
5 110
14 120
81 192
55 190
96 120
16 188
85 105
90 118
32 147
98 115
77 129
70 190
52 143
28 171
16 181
72 139
32 150
68 188
31 129
92 164
85 110
77 123
6 186
44 186
16 122
28 122
5 118
5 187
92 160
93 142
96 171
73 186
9 122
16 157
0 123
73 172
97 139
32 143
14 147
92 190
29 105
16 187
96 188
13 118
5 123
45 176
