50 113.0
68 113.0
40 173.0
8 108.0
48 112.0
48 132.0
13 161.0
85 159.0
87 193.0
26 154.0
2 122.0
7 189.0
7 196.0
72 130.0
80 130.0
92 197.0
25 183.0
33 124.0
90 179.0
46 153.0
78 187.0
73 131.0
45 191.0
64 187.0
93 105.0
60 145.0
92 154.0
8 130.0
8 124.0
85 197.0
48 113.0
26 161.0
92 130.0
33 154.0
2 196.0
72 154.0
87 161.0
87 183.0
2 130.0
85 108.0
33 161.0
87 197.0
13 183.0
80 108.0
7 161.0
48 130.0
85 173.0
13 193.0
8 122.0
85 130.0
26 108.0
40 189.0
25 124.0
26 130.0
85 161.0
26 124.0
26 196.0
80 113.0
50 173.0
48 124.0
72 173.0
80 183.0
48 196.0
2 112.0
13 196.0
13 159.0
8 183.0
48 183.0
50 161.0
50 122.0
92 173.0
68 154.0
92 112.0
8 189.0
7 173.0
25 193.0
2 124.0
40 154.0
13 130.0
26 173.0
40 122.0
26 197.0
8 173.0
68 122.0
48 108.0
2 132.0
48 161.0
40 130.0
8 193.0
68 159.0
