96 105.0
90 159.0
58 159.0
80 184.0
85 122.0
35 145.0
74 184.0
37 125.0
71 175.0
37 176.0
71 140.0
38 135.0
81 186.0
38 174.0
81 130.0
32 163.0
11 147.0
67 121.0
29 110.0
97 196.0
69 190.0
25 155.0
66 196.0
21 109.0
14 181.0
84 194.0
93 113.0
22 136.0
84 151.0
93 135.0
80 140.0
11 151.0
37 121.0
66 110.0
69 140.0
74 121.0
81 163.0
66 181.0
37 145.0
32 125.0
71 184.0
11 174.0
35 125.0
69 110.0
22 130.0
85 121.0
11 122.0
22 135.0
21 186.0
71 190.0
69 159.0
11 184.0
80 163.0
81 181.0
71 147.0
90 196.0
25 121.0
35 113.0
38 181.0
11 175.0
14 163.0
14 190.0
22 155.0
74 194.0
97 159.0
21 147.0
37 184.0
37 110.0
29 109.0
21 110.0
66 147.0
21 163.0
67 159.0
81 109.0
69 151.0
69 109.0
84 176.0
37 122.0
14 121.0
21 122.0
35 109.0
96 174.0
74 186.0
67 176.0
67 125.0
38 175.0
90 109.0
58 186.0
22 105.0
93 159.0
67 147.0
67 130.0
25 181.0
11 109.0
29 140.0
37 163.0
38 105.0
85 190.0
29 122.0
90 181.0
58 155.0
29 163.0
90 122.0
14 130.0
35 163.0
90 163.0
81 105.0
85 186.0
90 140.0
35 151.0
71 105.0
80 113.0
32 145.0
96 135.0
25 163.0
32 194.0
71 181.0
11 190.0
71 109.0
96 110.0
11 121.0
32 136.0
38 145.0
90 136.0
93 175.0
37 151.0
25 147.0
58 113.0
32 159.0
11 135.0
74 109.0
69 184.0
69 135.0
14 110.0
58 121.0
85 163.0
84 147.0
96 196.0
93 125.0
21 184.0
67 122.0
21 196.0
67 190.0
32 155.0
66 109.0
