2
1 2 3 4 5 6 7 8 9 10 11 12 13 14 15 16 17 18 19 20 21 22 23 24 25 26 27 28 29 30 31 32 33 34 35 36 37 38 39 40 41 42 43 44 45 46 47 48 49 50 51 52 53 54 55 56 57 58 59 60 61 62 63 64 65 66 67 68 69 70 71 72 73 74 75 76 77 78 79 80 81 82 83 84 85 86 87 88 89 90 91 92 93 94 95 96 97 98 99 100 
1314
1 16
1 34
1 3
1 4
1 5
1 6
1 7
1 8
1 9
1 10
1 11
1 12
1 2
1 14
1 13
1 48
1 17
1 18
1 19
1 15
1 27
2 1
2 35
2 37
2 39
2 11
2 13
2 14
2 16
2 29
3 1
3 67
3 100
3 38
3 41
3 44
3 17
3 82
3 84
3 73
3 55
3 90
3 91
3 60
3 93
3 94
3 95
4 1
4 5
4 7
4 72
4 75
4 79
4 49
4 20
4 53
4 24
4 71
4 15
4 28
4 62
5 1
5 4
5 7
5 72
5 75
5 15
5 49
5 20
5 53
5 24
5 71
5 28
5 62
6 1
6 34
6 8
6 12
6 48
6 18
6 19
6 27
7 1
7 4
7 5
7 71
7 72
7 75
7 15
7 49
7 20
7 53
7 24
7 28
7 62
8 1
8 34
8 6
8 12
8 48
8 18
8 19
8 27
9 33
9 1
9 45
9 51
9 57
9 54
9 23
9 25
9 26
9 31
10 64
10 32
10 1
10 40
10 74
10 43
10 47
10 50
10 42
10 22
10 56
10 61
11 1
11 2
11 35
11 37
11 39
11 13
11 14
11 16
11 29
12 1
12 34
12 100
12 6
12 8
12 48
12 18
12 19
12 27
13 64
13 1
13 2
13 35
13 37
13 39
13 11
13 14
13 16
13 29
14 1
14 2
14 35
14 37
14 39
14 11
14 13
14 16
14 29
15 1
15 4
15 5
15 71
15 72
15 75
15 49
15 20
15 53
15 24
15 7
15 28
15 62
16 1
16 2
16 35
16 37
16 39
16 11
16 13
16 14
16 29
17 1
17 67
17 100
17 38
17 41
17 44
17 82
17 3
17 84
17 73
17 55
17 90
17 91
17 60
17 94
17 95
18 1
18 34
18 59
18 6
18 8
18 12
18 48
18 19
18 27
19 1
19 34
19 6
19 8
19 12
19 48
19 18
19 27
20 4
20 5
20 71
20 72
20 75
20 15
20 49
20 53
20 24
20 7
20 28
20 62
21 65
21 68
21 69
21 40
21 76
21 77
21 46
21 47
21 52
21 58
21 59
21 30
21 63
22 32
22 64
22 42
22 43
22 47
22 50
22 74
22 56
22 10
22 61
23 33
23 9
23 45
23 51
23 54
23 25
23 57
23 26
23 31
24 4
24 5
24 7
24 72
24 75
24 15
24 49
24 20
24 53
24 71
24 28
24 62
25 33
25 9
25 45
25 82
25 51
25 54
25 23
25 57
25 26
25 31
26 33
26 9
26 75
26 45
26 51
26 25
26 54
26 23
26 57
26 31
27 1
27 34
27 6
27 8
27 12
27 48
27 18
27 19
28 4
28 5
28 71
28 72
28 75
28 15
28 49
28 20
28 53
28 54
28 24
28 7
28 62
29 2
29 35
29 37
29 39
29 11
29 13
29 14
29 16
30 65
30 67
30 68
30 69
30 40
30 76
30 77
30 46
30 52
30 21
30 58
30 59
30 63
31 33
31 9
31 45
31 51
31 57
31 54
31 23
31 25
31 26
32 64
32 42
32 43
32 47
32 50
32 74
32 22
32 56
32 10
32 61
33 9
33 45
33 51
33 57
33 54
33 23
33 25
33 26
33 31
34 1
34 6
34 8
34 12
34 48
34 18
34 19
34 27
35 2
35 66
35 37
35 39
35 11
35 13
35 14
35 16
35 29
36 96
36 97
36 66
36 99
36 70
36 98
36 78
36 79
36 80
36 81
36 83
36 85
36 86
36 87
36 88
36 89
36 92
36 93
37 2
37 35
37 39
37 11
37 13
37 14
37 16
37 29
38 67
38 100
38 41
38 44
38 17
38 82
38 3
38 84
38 73
38 55
38 90
38 91
38 60
38 94
38 95
39 97
39 2
39 35
39 37
39 11
39 13
39 14
39 16
39 29
40 65
40 68
40 69
40 10
40 76
40 77
40 46
40 52
40 21
40 58
40 59
40 30
40 63
41 3
41 100
41 38
41 73
41 44
41 17
41 82
41 67
41 84
41 55
41 90
41 91
41 60
41 94
41 95
42 32
42 64
42 70
42 74
42 43
42 47
42 50
42 22
42 56
42 10
42 61
43 32
43 64
43 42
43 47
43 50
43 74
43 22
43 56
43 10
43 61
44 67
44 3
44 100
44 38
44 73
44 55
44 17
44 82
44 83
44 84
44 41
44 90
44 91
44 60
44 94
44 95
45 33
45 9
45 51
45 57
45 54
45 23
45 25
45 26
45 31
46 65
46 68
46 69
46 72
46 76
46 77
46 40
46 52
46 21
46 58
46 59
46 30
46 63
47 64
47 32
47 10
47 43
47 50
47 42
47 74
47 21
47 22
47 56
47 61
48 1
48 34
48 6
48 8
48 12
48 98
48 18
48 19
48 27
49 4
49 5
49 71
49 72
49 75
49 15
49 20
49 53
49 24
49 7
49 28
49 62
50 32
50 64
50 96
50 10
50 43
50 47
50 42
50 74
50 22
50 56
50 61
51 33
51 9
51 45
51 57
51 54
51 23
51 25
51 26
51 31
52 65
52 68
52 69
52 40
52 76
52 77
52 46
52 21
52 58
52 59
52 30
52 63
53 4
53 5
53 71
53 72
53 75
53 15
53 49
53 20
53 24
53 7
53 28
53 62
54 33
54 9
54 45
54 51
54 57
54 23
54 25
54 26
54 28
54 31
55 3
55 100
55 38
55 73
55 44
55 17
55 82
55 67
55 84
55 41
55 89
55 90
55 91
55 60
55 94
55 95
56 32
56 64
56 10
56 43
56 61
56 47
56 50
56 74
56 22
56 42
57 33
57 9
57 45
57 51
57 54
57 23
57 25
57 26
57 62
57 31
58 65
58 68
58 69
58 40
58 76
58 77
58 46
58 52
58 21
58 59
58 30
58 63
59 65
59 68
59 69
59 40
59 76
59 77
59 46
59 18
59 52
59 21
59 58
59 30
59 63
60 3
60 100
60 38
60 41
60 44
60 17
60 82
60 67
60 84
60 73
60 55
60 90
60 91
60 92
60 94
60 95
61 32
61 64
61 10
61 43
61 47
61 50
61 74
61 22
61 56
61 42
62 4
62 5
62 71
62 72
62 75
62 15
62 49
62 20
62 53
62 24
62 57
62 28
62 7
63 65
63 68
63 69
63 40
63 76
63 77
63 46
63 52
63 21
63 58
63 59
63 30
64 32
64 61
64 10
64 43
64 13
64 47
64 50
64 74
64 22
64 56
64 42
65 68
65 69
65 40
65 76
65 77
65 46
65 52
65 21
65 58
65 59
65 30
65 63
66 96
66 97
66 98
66 35
66 36
66 70
66 99
66 78
66 79
66 80
66 81
66 83
66 85
66 86
66 87
66 88
66 89
66 92
66 93
67 3
67 100
67 38
67 73
67 55
67 44
67 17
67 82
67 84
67 94
67 41
67 90
67 91
67 60
67 30
67 95
68 65
68 69
68 40
68 76
68 77
68 46
68 52
68 21
68 58
68 59
68 30
68 63
69 65
69 68
69 40
69 76
69 77
69 46
69 52
69 21
69 58
69 59
69 30
69 63
70 96
70 97
70 98
70 99
70 36
70 42
70 66
70 78
70 79
70 80
70 81
70 83
70 85
70 86
70 87
70 88
70 89
70 92
70 93
71 4
71 5
71 7
71 72
71 75
71 15
71 49
71 20
71 53
71 24
71 28
71 62
71 95
72 4
72 5
72 7
72 75
72 46
72 15
72 49
72 20
72 53
72 24
72 71
72 28
72 62
73 67
73 100
73 38
73 41
73 44
73 78
73 17
73 82
73 3
73 84
73 55
73 90
73 91
73 60
73 94
73 95
74 32
74 64
74 10
74 43
74 61
74 47
74 50
74 22
74 56
74 91
74 42
75 4
75 5
75 7
75 72
75 71
75 15
75 49
75 20
75 53
75 24
75 26
75 28
75 62
76 65
76 68
76 69
76 40
76 77
76 46
76 52
76 21
76 58
76 59
76 30
76 63
77 65
77 68
77 69
77 40
77 76
77 46
77 52
77 21
77 58
77 59
77 30
77 63
78 96
78 97
78 98
78 99
78 36
78 70
78 73
78 66
78 79
78 80
78 81
78 83
78 85
78 86
78 87
78 88
78 89
78 92
78 93
79 96
79 97
79 98
79 99
79 36
79 70
79 66
79 78
79 80
79 81
79 83
79 85
79 86
79 87
79 88
79 89
79 92
79 93
79 4
80 96
80 97
80 66
80 99
80 36
80 70
80 98
80 78
80 79
80 81
80 83
80 85
80 86
80 87
80 88
80 89
80 92
80 93
81 96
81 97
81 98
81 99
81 36
81 70
81 66
81 78
81 79
81 80
81 83
81 85
81 86
81 87
81 88
81 89
81 92
81 93
82 67
82 100
82 38
82 41
82 55
82 44
82 17
82 3
82 84
82 73
82 25
82 90
82 91
82 60
82 94
82 95
83 96
83 97
83 98
83 99
83 36
83 70
83 44
83 66
83 78
83 79
83 80
83 81
83 85
83 86
83 87
83 88
83 89
83 92
83 93
84 67
84 100
84 38
84 73
84 44
84 17
84 82
84 3
84 41
84 86
84 55
84 90
84 91
84 60
84 94
84 95
85 96
85 97
85 98
85 99
85 36
85 70
85 66
85 78
85 79
85 80
85 81
85 83
85 86
85 87
85 88
85 89
85 92
85 93
86 96
86 97
86 66
86 99
86 36
86 70
86 98
86 78
86 79
86 80
86 81
86 83
86 84
86 85
86 87
86 88
86 89
86 92
86 93
87 96
87 97
87 66
87 99
87 36
87 70
87 98
87 78
87 79
87 80
87 81
87 83
87 85
87 86
87 88
87 89
87 92
87 93
88 96
88 97
88 66
88 99
88 36
88 70
88 98
88 78
88 79
88 80
88 81
88 83
88 85
88 86
88 87
88 89
88 92
88 93
89 96
89 97
89 66
89 99
89 36
89 70
89 87
89 98
89 78
89 79
89 80
89 81
89 83
89 85
89 86
89 55
89 88
89 92
89 93
90 3
90 100
90 38
90 41
90 44
90 17
90 82
90 67
90 84
90 73
90 55
90 91
90 60
90 94
90 95
91 67
91 100
91 38
91 41
91 74
91 44
91 17
91 82
91 3
91 84
91 73
91 55
91 90
91 60
91 94
91 95
92 96
92 97
92 66
92 99
92 36
92 70
92 98
92 78
92 79
92 80
92 81
92 83
92 85
92 86
92 87
92 88
92 89
92 60
92 93
93 96
93 97
93 66
93 3
93 36
93 70
93 83
93 98
93 78
93 79
93 80
93 81
93 99
93 85
93 86
93 87
93 88
93 89
93 92
94 67
94 100
94 38
94 41
94 44
94 17
94 82
94 3
94 84
94 73
94 55
94 90
94 91
94 60
94 95
95 67
95 100
95 38
95 71
95 41
95 44
95 17
95 82
95 3
95 84
95 73
95 55
95 90
95 91
95 60
95 94
96 97
96 66
96 99
96 36
96 70
96 98
96 78
96 79
96 80
96 81
96 50
96 83
96 85
96 86
96 87
96 88
96 89
96 92
96 93
97 96
97 66
97 99
97 36
97 70
97 39
97 98
97 78
97 79
97 80
97 81
97 83
97 85
97 86
97 87
97 88
97 89
97 92
97 93
98 96
98 97
98 66
98 99
98 36
98 70
98 80
98 78
98 79
98 48
98 81
98 83
98 85
98 86
98 87
98 88
98 89
98 92
98 93
99 96
99 97
99 66
99 36
99 70
99 98
99 78
99 79
99 80
99 81
99 83
99 85
99 86
99 87
99 88
99 89
99 92
99 93
100 3
100 38
100 41
100 12
100 44
100 17
100 82
100 67
100 84
100 73
100 55
100 90
100 91
100 60
100 94
100 95
101 102 103 104 105 106 107 108 109 110 111 112 113 114 115 116 117 118 119 120 121 122 123 124 125 126 127 128 129 130 131 132 133 134 135 136 137 138 139 140 141 142 143 144 145 146 147 148 149 150 151 152 153 154 155 156 157 158 159 160 161 162 163 164 165 166 167 168 169 170 171 172 173 174 175 176 177 178 179 180 181 182 183 184 185 186 187 188 189 190 191 192 193 194 195 196 197 198 199 200 
166
171 195
173 178
174 191
178 173
181 192
181 193
181 196
181 197
181 198
182 194
182 195
182 200
182 184
182 190
182 191
183 192
183 193
183 196
183 197
183 198
183 199
183 187
183 189
184 194
184 195
184 200
184 182
184 186
184 190
184 191
185 192
185 196
185 197
185 198
185 199
185 186
185 187
185 188
185 189
186 192
186 196
186 197
186 198
186 199
186 184
186 185
186 188
186 189
187 192
187 193
187 196
187 197
187 199
187 183
187 185
187 188
187 189
187 198
188 192
188 193
188 196
188 197
188 199
188 185
188 186
188 187
188 189
189 192
189 193
189 187
189 196
189 198
189 199
189 183
189 185
189 186
189 188
190 194
190 195
190 200
190 182
190 184
190 191
191 194
191 195
191 200
191 174
191 182
191 184
191 190
192 197
192 198
192 199
192 181
192 183
192 185
192 186
192 187
192 188
192 189
193 196
193 199
193 181
193 183
193 187
193 188
193 189
194 195
194 200
194 182
194 184
194 190
194 191
195 194
195 200
195 171
195 182
195 184
195 190
195 191
196 193
196 198
196 199
196 181
196 183
196 185
196 186
196 187
196 188
196 189
197 192
197 198
197 199
197 181
197 183
197 185
197 186
197 187
197 188
198 192
198 196
198 197
198 199
198 181
198 183
198 186
198 187
198 189
198 185
199 192
199 193
199 196
199 197
199 183
199 185
199 186
199 187
199 188
199 189
199 198
200 194
200 195
200 182
200 184
200 190
200 191
1
1 2
334
129 66
129 54
129 61
129 78
131 90
131 79
131 100
131 23
132 50
22 164
22 133
22 135
22 173
22 145
22 116
135 98
135 92
135 42
135 44
135 22
135 25
135 60
9 161
9 155
9 116
9 150
9 103
138 96
138 32
138 90
138 31
151 64
151 3
151 42
151 99
151 55
151 31
141 64
141 51
141 67
141 36
141 80
141 83
141 87
142 64
142 3
142 92
142 54
142 55
144 42
144 82
144 51
144 84
144 89
144 60
145 32
145 73
145 84
145 22
145 31
147 67
147 3
147 36
147 42
147 78
147 83
150 9
150 47
150 84
150 54
150 23
150 57
23 195
23 137
23 131
23 150
23 122
23 123
23 190
137 80
137 67
137 36
137 23
25 161
25 194
25 135
25 174
25 114
25 116
155 88
155 9
157 96
157 33
157 67
157 92
31 138
31 145
31 151
31 123
31 125
31 126
32 145
32 138
32 117
32 174
32 125
33 133
33 200
33 174
33 114
33 184
33 157
164 57
164 22
38 123
38 195
167 57
167 81
41 126
42 144
42 114
42 147
42 135
42 151
43 122
43 133
44 113
44 122
44 125
44 110
44 135
173 22
173 54
174 32
174 33
174 79
174 83
174 55
174 25
47 102
47 126
47 150
47 190
50 132
51 144
51 133
51 141
51 102
51 125
54 129
54 110
54 173
54 142
54 150
55 195
55 174
55 142
55 151
184 33
57 164
57 117
57 150
57 167
60 144
60 116
60 133
60 135
61 129
61 194
61 102
61 110
190 64
190 47
190 95
190 100
190 23
133 33
133 51
133 60
133 22
133 43
64 141
64 142
64 114
64 151
64 123
64 190
96 138
96 157
96 102
194 25
194 98
194 84
194 61
194 81
195 67
195 38
195 23
195 55
195 88
195 92
66 129
66 117
161 3
161 9
161 10
161 67
161 25
200 33
200 98
73 145
73 116
73 117
98 200
98 194
98 103
98 135
78 129
78 147
78 125
79 131
79 116
79 126
79 174
80 137
80 141
81 113
81 194
81 167
82 144
82 110
82 126
99 113
99 122
99 151
84 144
84 145
84 194
84 102
84 150
87 116
87 141
88 114
88 155
88 195
89 144
89 114
89 122
90 138
90 131
92 195
92 157
92 142
92 135
93 102
95 113
95 102
95 125
95 190
3 161
3 147
3 142
3 151
67 161
67 195
67 137
67 141
67 147
67 157
123 64
123 31
123 38
123 23
100 131
100 190
102 96
102 61
102 47
102 51
102 84
102 93
102 95
103 9
103 98
36 137
36 147
36 141
110 82
110 44
110 61
110 54
113 81
113 83
113 99
113 44
113 95
114 64
114 33
114 42
114 25
114 88
114 89
83 113
83 147
83 141
83 174
116 9
116 87
116 79
116 22
116 73
116 25
116 60
117 32
117 57
117 66
117 73
122 99
122 89
122 43
122 44
122 23
10 161
125 32
125 44
125 78
125 51
125 95
125 31
126 79
126 41
126 82
126 47
126 31
12
9 138 141 173 144 23 25 26 155 31 160 33 167 45 51 182 184 57 190 191 194 195 54 200 103 117  
132 22 10 142 143 147 150 156 32 161 164 42 43 174 47 50 56 61 64 74 110 122  
3 133 17 131 151 154 157 38 41 44 55 60 67 73 82 84 90 91 94 95 100 145 109 123 125 126  
129 135 137 139 36 66 70 78 79 80 81 83 85 86 87 88 89 92 93 96 97 98 99 102 111 113 114 116  
75 4 5 7 72 71 15 49 20 53 24 28 62  
1 34 6 8 12 48 18 19 27  
65 68 69 40 76 77 46 52 21 58 59 30 63  
2 35 37 39 11 13 14 16 29  
128 162 171 104 105 107 172 175 115 149 120 153 124  
101 134 106 108 112 148 118 119 127  
130 163 165 168 169 140 176 177 146 152 121 158 159  
192 193 196 197 166 199 136 170 178 179 180 181 183 185 186 187 188 189 198  
