89 190
54 135
61 163
45 193
27 149
73 106
79 170
84 117
55 181
29 106
70 192
17 141
30 183
6 160
53 113
62 120
46 113
43 100
4 140
16 132
87 158
12 103
18 116
93 158
63 103
71 196
94 198
91 139
82 167
33 174
71 165
39 157
96 195
68 161
98 145
24 127
65 195
44 152
41 123
60 119
92 119
73 140
94 123
17 157
55 167
71 141
71 123
44 103
46 183
30 113
68 141
53 157
62 174
82 152
68 117
6 170
46 123
6 127
70 117
33 103
12 170
46 100
45 160
93 195
91 160
30 103
43 113
45 139
43 116
84 100
61 139
17 149
55 135
6 195
27 181
16 193
16 183
53 174
4 181
73 103
82 183
73 127
4 195
96 198
6 139
62 117
41 192
29 157
16 139
24 198
92 103
41 120
41 196
65 116
87 149
45 196
46 170
94 158
55 140
68 100
93 140
46 127
45 141
41 160
6 120
63 106
30 195
18 152
98 181
94 119
91 127
89 157
61 141
93 117
94 149
82 158
87 198
29 174
63 135
89 117
63 119
93 196
73 113
84 141
63 117
60 120
62 145
71 163
89 152
73 132
41 165
87 170
96 160
30 149
24 163
44 163
24 196
89 174
62 170
18 123
30 157
46 181
4 123
62 100
96 119
53 100
18 113
79 120
24 160
70 119
17 167
24 100
53 158
4 161
46 117
73 149
70 123
73 145
53 116
6 181
70 181
63 193
6 174
89 196
92 127
33 157
94 192
43 141
65 181
68 113
79 113
4 120
12 149
29 192
17 106
71 113
91 192
24 117
92 106
12 152
92 149
53 145
73 160
65 113
53 160
17 132
27 123
6 157
27 170
54 132
46 158
18 181
54 195
43 195
39 103
55 161
93 149
65 117
79 195
71 193
93 190
87 167
33 106
45 174
12 132
