86 154.0
46 164.0
56 139.0
90 107.0
37 120.0
32 107.0
76 139.0
97 167.0
98 158.0
75 140.0
83 138.0
55 122.0
60 140.0
68 167.0
22 116.0
38 135.0
58 179.0
67 143.0
40 148.0
36 178.0
8 153.0
4 145.0
18 117.0
36 142.0
43 200.0
16 146.0
48 186.0
61 190.0
35 176.0
16 112.0
43 156.0
24 134.0
9 102.0
19 105.0
44 127.0
42 108.0
62 136.0
17 149.0
78 104.0
53 104.0
64 129.0
54 192.0
39 193.0
7 101.0
20 125.0
64 128.0
7 147.0
54 159.0
96 171.0
88 187.0
31 166.0
72 151.0
70 169.0
80 195.0
70 191.0
92 115.0
59 174.0
25 165.0
93 182.0
94 184.0
29 181.0
47 165.0
77 174.0
30 133.0
11 111.0
3 130.0
81 119.0
65 126.0
84 144.0
15 109.0
74 119.0
73 109.0
10 114.0
66 141.0
63 123.0
22 199.0
78 121.0
29 152.0
3 127.0
61 116.0
7 122.0
42 147.0
54 153.0
75 149.0
38 126.0
94 171.0
81 143.0
8 120.0
30 164.0
80 130.0
78 151.0
18 140.0
68 116.0
72 164.0
78 122.0
42 191.0
61 147.0
19 191.0
76 109.0
4 127.0
58 142.0
15 164.0
54 136.0
62 119.0
58 107.0
54 126.0
7 135.0
15 145.0
19 156.0
9 158.0
59 136.0
94 169.0
81 181.0
68 164.0
88 167.0
67 120.0
24 190.0
86 200.0
77 133.0
75 145.0
75 151.0
62 200.0
93 144.0
19 186.0
86 116.0
15 104.0
77 187.0
81 153.0
94 104.0
11 136.0
31 122.0
16 120.0
58 125.0
76 158.0
32 133.0
3 166.0
44 101.0
64 184.0
64 165.0
40 165.0
59 159.0
84 125.0
60 108.0
37 111.0
18 112.0
20 191.0
96 109.0
65 193.0
62 135.0
73 182.0
68 102.0
94 135.0
7 109.0
7 111.0
24 126.0
55 108.0
60 111.0
43 108.0
60 190.0
74 151.0
39 126.0
54 179.0
73 104.0
16 148.0
61 119.0
90 122.0
7 145.0
64 186.0
55 101.0
17 128.0
22 134.0
75 109.0
11 186.0
4 129.0
64 182.0
60 143.0
54 184.0
48 191.0
40 140.0
18 130.0
