61 191
51 199
57 133
89 194
45 126
95 182
73 155
29 129
88 188
79 197
55 134
34 173
85 179
47 142
62 113
5 109
46 142
37 114
2 167
80 139
56 198
69 124
69 174
2 175
80 196
43 122
4 128
58 101
3 111
58 178
50 176
90 186
63 107
35 159
12 164
93 125
18 186
48 116
19 158
23 103
15 143
11 137
78 156
22 180
28 108
66 169
77 135
59 190
7 193
86 149
76 163
25 187
25 112
98 148
74 115
39 123
24 119
67 123
96 115
75 148
68 119
20 136
9 170
42 181
42 106
9 117
92 162
41 147
44 146
83 105
72 105
60 147
70 107
36 162
40 140
10 166
91 112
82 166
95 151
36 154
5 100
44 110
56 160
50 144
96 136
46 111
24 134
57 123
69 143
75 124
34 180
95 156
60 117
58 142
48 156
51 111
12 174
79 143
48 111
23 107
37 170
96 162
75 164
15 113
37 116
62 103
20 109
35 149
4 188
63 146
43 134
2 122
86 117
61 129
11 113
89 107
35 181
59 178
20 186
5 180
