83 141.0
60 141.0
49 159.0
49 101.0
48 169.0
48 191.0
10 162.0
14 182.0
91 182.0
26 137.0
26 156.0
20 126.0
70 106.0
72 106.0
25 134.0
47 134.0
32 153.0
67 110.0
63 105.0
17 112.0
73 151.0
20 175.0
13 158.0
63 118.0
39 143.0
49 170.0
26 106.0
60 126.0
25 159.0
60 169.0
10 159.0
48 137.0
48 126.0
20 191.0
48 162.0
48 106.0
10 191.0
48 141.0
26 182.0
49 182.0
20 162.0
83 106.0
10 134.0
72 159.0
60 182.0
47 182.0
49 137.0
72 126.0
47 169.0
48 134.0
20 134.0
26 159.0
10 126.0
49 141.0
14 156.0
26 169.0
10 141.0
48 156.0
72 162.0
91 106.0
47 126.0
10 182.0
26 141.0
49 191.0
60 106.0
60 134.0
10 106.0
10 169.0
20 137.0
48 182.0
25 156.0
91 169.0
70 162.0
83 134.0
70 141.0
25 141.0
26 162.0
49 126.0
20 141.0
20 182.0
