100 157
100 166
100 167
100 174
101 112
101 145
101 149
101 162
102 110
102 113
102 125
102 150
103 159
103 163
103 187
103 192
104 183
104 188
104 196
104 198
105 106
105 122
105 130
105 194
106 105
106 122
106 128
106 130
107 119
107 121
107 126
107 182
108 109
108 111
108 120
108 131
109 108
109 111
109 120
109 131
110 102
110 113
110 125
110 150
111 108
111 109
111 120
111 131
112 101
112 154
112 168
112 169
113 102
113 110
113 150
113 189
114 170
114 185
114 186
114 193
115 136
115 155
115 168
115 193
116 146
116 187
116 190
116 192
117 186
117 191
117 194
117 195
118 179
118 191
118 194
118 195
119 107
119 121
119 126
119 127
120 108
120 109
120 111
120 131
121 107
121 119
121 126
121 134
122 105
122 106
122 128
122 130
123 163
123 172
123 187
123 192
124 136
124 151
124 153
124 155
125 102
125 110
125 150
125 158
126 107
126 119
126 121
126 127
127 119
127 126
127 150
127 199
128 106
128 122
128 130
128 138
129 154
129 168
129 169
129 176
130 105
130 106
130 122
130 128
131 108
131 109
131 111
131 120
132 133
132 134
132 135
132 158
133 132
133 134
133 135
133 137
133 158
134 121
134 132
134 133
134 137
134 158
135 132
135 133
135 137
135 143
135 158
136 115
136 124
136 151
136 153
136 155
137 133
137 134
137 135
137 158
137 179
138 128
138 139
138 157
138 166
138 174
139 138
139 141
139 166
139 167
139 174
140 143
140 145
140 149
140 162
140 175
141 139
141 157
141 166
141 167
141 174
142 167
142 180
142 190
142 196
142 198
143 135
143 140
143 145
143 149
143 162
144 181
144 188
144 190
144 196
144 198
145 101
145 140
145 143
145 149
145 162
146 116
146 159
146 172
146 187
146 192
147 152
147 180
147 183
147 197
147 199
148 154
148 160
148 168
148 169
149 101
149 140
149 143
149 145
149 162
150 102
150 110
150 113
150 125
150 127
151 124
151 136
151 153
151 155
151 196
152 147
152 171
152 183
152 189
152 197
152 199
153 124
153 136
153 151
153 155
153 192
154 112
154 129
154 148
154 160
154 168
154 169
155 115
155 124
155 136
155 151
155 153
155 165
156 170
156 177
156 178
156 185
156 186
156 193
157 100
157 138
157 141
157 166
157 167
157 174
158 125
158 132
158 133
158 134
158 135
158 137
159 103
159 146
159 163
159 172
159 187
159 192
160 148
160 154
160 168
160 169
160 198
161 179
161 182
161 191
161 194
161 195
162 101
162 140
162 143
162 145
162 149
162 184
163 103
163 123
163 159
163 172
163 187
163 192
164 179
164 181
164 182
164 191
164 194
164 195
165 155
165 177
165 178
165 185
165 186
165 193
166 100
166 138
166 139
166 141
166 157
166 167
166 174
167 100
167 139
167 141
167 142
167 157
167 166
167 174
168 112
168 115
168 129
168 148
168 154
168 160
168 169
169 112
169 129
169 148
169 154
169 160
169 168
169 195
170 114
170 156
170 177
170 178
170 185
170 186
170 193
171 152
171 176
171 184
171 185
171 189
171 197
171 199
172 123
172 146
172 159
172 163
172 187
172 188
172 192
173 180
173 181
173 188
173 190
173 196
173 197
173 198
174 100
174 138
174 139
174 141
174 157
174 166
174 167
175 140
175 176
175 183
175 184
175 189
175 197
175 199
176 129
176 171
176 175
176 184
176 189
176 197
176 199
177 156
177 165
177 170
177 178
177 185
177 186
177 193
178 156
178 165
178 170
178 177
178 185
178 186
178 193
179 118
179 137
179 161
179 164
179 182
179 191
179 194
179 195
180 142
180 147
180 173
180 181
180 188
180 190
180 196
180 198
181 144
181 164
181 173
181 180
181 188
181 190
181 196
181 198
182 107
182 161
182 164
182 179
182 191
182 194
182 195
183 104
183 147
183 152
183 175
183 184
183 189
183 197
183 199
184 162
184 171
184 175
184 176
184 183
184 189
184 197
184 199
185 114
185 156
185 165
185 170
185 171
185 177
185 178
185 186
185 193
186 114
186 117
186 156
186 165
186 170
186 177
186 178
186 185
186 193
187 103
187 116
187 123
187 146
187 159
187 163
187 172
187 191
187 192
188 104
188 144
188 172
188 173
188 180
188 181
188 190
188 196
188 198
189 113
189 152
189 171
189 175
189 176
189 183
189 184
189 197
189 199
190 116
190 142
190 144
190 173
190 180
190 181
190 188
190 196
190 198
191 117
191 118
191 161
191 164
191 179
191 182
191 187
191 194
191 195
192 103
192 116
192 123
192 146
192 153
192 159
192 163
192 172
192 187
193 114
193 115
193 156
193 165
193 170
193 177
193 178
193 185
193 186
194 105
194 117
194 118
194 161
194 164
194 179
194 182
194 191
194 195
195 117
195 118
195 161
195 164
195 169
195 179
195 182
195 191
195 194
196 104
196 142
196 144
196 151
196 173
196 180
196 181
196 188
196 190
196 198
197 147
197 152
197 171
197 173
197 175
197 176
197 183
197 184
197 189
197 199
198 104
198 142
198 144
198 160
198 173
198 180
198 181
198 188
198 190
198 196
199 127
199 147
199 152
199 171
199 175
199 176
199 183
199 184
199 189
199 197
