16 170
72 114
92 185
63 156
45 121
40 119
2 105
25 130
24 169
36 112
36 148
26 144
7 188
26 181
7 190
33 191
37 179
37 195
33 117
96 120
88 131
90 131
42 120
82 141
94 174
91 138
18 141
29 176
54 152
12 175
12 189
86 124
77 125
70 173
20 195
31 162
28 166
30 119
41 199
0 185
75 198
71 124
83 158
11 103
34 187
59 116
19 149
97 162
79 113
27 110
60 136
95 155
40 137
26 135
2 120
7 117
25 152
94 117
40 190
36 176
36 185
26 176
24 181
82 120
12 148
25 144
33 131
45 138
24 179
72 131
45 169
29 130
29 181
36 138
29 131
37 185
40 105
16 117
