100 105.0
76 134.0
46 163.0
86 163.0
12 105.0
36 196.0
8 180.0
4 172.0
4 188.0
8 170.0
23 112.0
6 146.0
10 200.0
10 156.0
23 137.0
34 173.0
5 165.0
27 174.0
27 115.0
70 140.0
96 158.0
80 157.0
52 167.0
72 167.0
59 107.0
94 120.0
92 139.0
47 154.0
25 120.0
1 139.0
83 134.0
99 150.0
55 190.0
67 170.0
38 144.0
61 140.0
43 152.0
71 179.0
14 102.0
69 123.0
19 179.0
44 102.0
17 177.0
53 155.0
39 123.0
20 120.0
11 168.0
74 121.0
84 102.0
27 183.0
28 168.0
13 160.0
6 149.0
64 108.0
20 116.0
39 135.0
91 113.0
7 106.0
36 166.0
35 151.0
49 171.0
76 124.0
13 119.0
79 153.0
57 145.0
69 128.0
72 177.0
38 125.0
18 130.0
94 167.0
72 173.0
27 167.0
34 140.0
94 163.0
59 105.0
