95 134
74 163
75 180
38 147
84 179
51 188
68 186
49 147
82 126
81 160
37 154
77 199
76 198
50 156
78 193
81 109
78 196
55 101
91 144
71 122
42 139
58 131
62 101
90 122
33 131
25 103
41 140
17 155
45 101
27 147
8 139
48 158
35 162
24 108
13 142
98 195
60 159
26 160
44 177
39 132
67 107
34 156
86 119
70 187
10 104
40 133
6 120
7 165
98 114
48 100
76 117
7 145
43 129
27 146
63 102
92 158
79 192
0 187
8 118
72 152
98 173
32 120
29 110
72 151
4 159
92 169
59 177
38 182
61 178
52 164
47 130
49 186
95 180
74 188
76 154
84 163
