92 132
59 134
46 133
23 137
63 158
16 134
72 137
40 177
49 178
45 185
62 114
1 193
62 170
1 186
25 164
10 117
13 161
2 118
2 191
10 179
13 195
53 131
55 111
51 120
24 108
36 120
7 174
26 141
19 166
27 138
27 139
19 167
56 153
65 136
70 151
85 155
93 115
86 115
14 151
9 146
20 187
8 163
11 103
9 159
20 192
8 116
44 183
96 189
4 176
88 171
42 199
90 197
80 147
98 152
74 127
41 126
0 119
66 121
57 126
39 121
84 101
52 143
47 140
89 162
99 149
75 149
83 143
71 162
17 169
95 112
82 129
79 160
91 154
61 168
64 169
60 150
29 125
68 113
54 102
12 125
69 150
28 108
58 165
85 106
80 198
47 188
59 117
27 127
65 164
24 119
85 129
12 154
24 126
93 162
96 120
98 139
10 126
25 187
2 149
29 174
82 137
2 140
