72 153
46 136
63 115
92 151
3 136
10 109
2 111
50 131
70 129
65 160
86 169
56 148
14 129
80 118
88 117
42 164
44 179
96 194
4 164
74 152
41 197
67 199
66 176
38 171
74 189
76 107
99 126
97 127
47 126
84 107
71 127
96 111
50 197
65 194
14 131
97 171
50 179
96 151
47 179
67 126
99 109
56 153
72 194
70 197
63 164
86 136
71 176
2 118
41 151
96 131
38 151
70 164
92 169
63 148
14 152
99 197
10 153
38 136
86 176
42 127
50 136
65 164
56 127
80 152
66 194
41 107
2 194
80 148
80 197
84 111
96 136
56 111
38 115
71 117
97 199
76 148
44 176
70 115
84 176
44 189
84 160
56 117
56 131
56 176
10 169
65 109
71 179
88 129
92 127
3 171
44 199
88 109
14 179
46 118
70 127
67 111
76 197
14 171
2 151
96 169
92 118
4 169
72 164
88 171
63 176
66 107
84 153
88 107
99 179
46 127
50 164
3 127
65 118
76 111
74 148
3 129
46 107
65 179
84 148
47 117
10 115
41 118
72 189
88 169
66 160
10 194
38 111
72 148
71 129
96 107
99 131
4 126
46 189
70 131
86 153
38 107
42 171
50 148
50 129
14 151
41 109
2 126
50 152
2 129
41 164
50 199
4 109
46 176
74 164
38 126
44 169
70 194
10 189
3 111
96 197
