14 121.0
26 132.0
11 109.0
3 110.0
22 150.0
27 144.0
8 141.0
20 163.0
8 146.0
15 145.0
94 191.0
87 143.0
71 174.0
66 199.0
78 197.0
79 181.0
71 105.0
7 122.0
23 120.0
31 108.0
29 128.0
98 154.0
48 152.0
76 137.0
100 156.0
77 116.0
53 152.0
90 154.0
85 137.0
30 165.0
70 180.0
49 183.0
55 192.0
69 119.0
13 196.0
13 118.0
24 196.0
47 114.0
41 159.0
37 160.0
21 104.0
33 189.0
82 137.0
43 140.0
58 142.0
75 183.0
80 190.0
62 128.0
76 124.0
44 193.0
38 151.0
27 187.0
44 178.0
52 107.0
3 138.0
65 140.0
9 101.0
44 172.0
19 153.0
39 113.0
23 174.0
11 137.0
55 120.0
69 120.0
23 181.0
31 156.0
11 156.0
85 141.0
79 156.0
3 137.0
71 165.0
13 137.0
87 122.0
22 108.0
20 122.0
7 105.0
85 183.0
15 150.0
94 110.0
27 118.0
3 128.0
78 120.0
85 197.0
29 119.0
98 180.0
78 108.0
69 146.0
69 108.0
100 121.0
23 156.0
