45 115
89 152
57 148
27 148
51 115
73 130
55 106
34 117
79 170
97 106
17 104
70 158
81 143
30 143
62 164
53 176
47 177
62 159
58 169
3 108
4 102
4 137
87 110
50 132
18 140
63 110
93 140
52 133
48 182
19 171
19 138
52 191
78 113
28 142
1 142
11 113
7 118
76 135
25 163
64 193
25 187
33 111
71 122
82 178
38 101
26 101
13 124
9 139
9 196
13 114
9 175
13 167
44 160
41 141
83 192
92 183
45 110
4 158
70 110
81 113
30 133
4 138
25 132
18 183
50 192
62 117
50 176
82 169
1 115
92 167
89 102
64 141
1 175
26 176
79 160
50 118
57 141
82 158
81 137
82 192
93 142
97 111
87 187
78 177
71 177
71 106
44 122
19 118
71 102
3 170
18 115
52 159
53 183
71 118
