64 159.0
54 193.0
64 129.0
54 194.0
18 156.0
8 137.0
8 190.0
18 132.0
51 175.0
66 160.0
95 168.0
14 183.0
12 149.0
56 172.0
86 155.0
99 196.0
55 186.0
97 182.0
57 105.0
22 137.0
43 143.0
48 150.0
10 107.0
21 193.0
44 131.0
26 152.0
5 160.0
27 159.0
53 163.0
78 124.0
31 153.0
96 131.0
1 163.0
25 107.0
47 173.0
33 155.0
15 111.0
81 195.0
70 158.0
45 167.0
58 104.0
2 136.0
3 135.0
60 179.0
48 113.0
53 110.0
54 166.0
56 191.0
25 171.0
34 144.0
93 119.0
77 105.0
77 102.0
92 153.0
32 145.0
47 120.0
9 154.0
55 170.0
42 188.0
52 130.0
62 181.0
81 115.0
18 190.0
64 194.0
8 156.0
64 193.0
18 137.0
54 129.0
95 160.0
54 159.0
66 168.0
66 183.0
95 183.0
51 160.0
8 132.0
