95 191
61 199
27 194
54 182
45 171
51 133
79 148
55 119
85 123
97 115
73 119
34 115
88 148
70 172
30 144
17 141
81 183
6 160
17 192
69 178
56 128
2 111
80 166
37 101
43 140
4 132
3 131
58 100
0 137
31 108
10 156
32 180
10 102
11 196
66 198
78 139
28 124
22 168
28 174
11 114
66 165
67 103
39 158
24 143
74 104
65 143
75 104
96 103
14 158
72 142
44 120
83 109
41 142
21 120
92 109
46 135
18 189
50 197
52 196
64 134
91 159
94 179
13 140
89 157
90 195
65 184
36 188
37 130
2 105
26 118
31 187
4 107
17 171
44 165
65 131
54 183
74 132
28 194
2 158
10 120
37 183
27 166
14 196
43 133
74 115
51 111
44 140
14 119
80 109
65 156
30 119
30 199
4 143
58 160
51 120
92 182
65 132
10 131
30 103
41 103
11 104
58 178
66 166
37 133
4 171
72 131
83 132
81 171
41 131
17 165
58 165
2 172
0 182
65 199
83 180
17 123
44 101
81 131
92 199
32 119
56 124
44 160
92 158
17 196
2 156
27 160
95 108
97 142
4 142
0 103
4 103
22 143
34 100
97 165
81 119
45 172
41 166
70 131
