46 121.0
86 121.0
98 189.0
75 152.0
58 193.0
58 177.0
35 179.0
6 115.0
63 138.0
45 133.0
20 102.0
80 169.0
52 166.0
93 145.0
77 145.0
33 141.0
65 168.0
65 155.0
35 169.0
20 179.0
46 133.0
6 179.0
63 133.0
45 138.0
63 179.0
35 177.0
52 141.0
65 133.0
46 168.0
6 177.0
58 121.0
80 168.0
46 179.0
63 115.0
80 145.0
65 121.0
98 193.0
63 193.0
33 145.0
58 152.0
20 169.0
80 152.0
75 193.0
86 155.0
80 121.0
80 179.0
20 145.0
58 145.0
93 168.0
63 155.0
33 193.0
93 166.0
46 102.0
45 115.0
77 152.0
65 138.0
6 145.0
52 121.0
35 189.0
45 177.0
75 121.0
35 133.0
45 102.0
93 102.0
75 115.0
33 133.0
65 102.0
35 152.0
35 121.0
33 155.0
86 138.0
45 179.0
52 189.0
77 133.0
80 141.0
86 133.0
75 133.0
52 115.0
58 138.0
20 177.0
98 102.0
63 121.0
20 121.0
45 145.0
93 115.0
45 169.0
52 133.0
75 141.0
65 145.0
77 121.0
