45 120
85 120
97 188
74 151
57 192
57 176
34 178
5 114
62 137
44 132
19 101
79 168
51 165
92 144
76 144
32 140
64 167
64 154
34 168
19 178
45 132
5 178
62 132
44 137
62 178
34 176
51 140
64 132
45 167
5 176
57 120
79 167
45 178
62 114
79 144
64 120
97 192
62 192
32 144
57 151
19 168
79 151
74 192
85 154
79 120
79 178
19 144
57 144
92 167
62 154
32 192
92 165
45 101
44 114
76 151
64 137
5 144
51 120
34 188
44 176
74 120
34 132
44 101
92 101
74 114
32 132
64 101
34 151
34 120
32 154
85 137
44 178
51 188
76 132
79 140
85 132
74 132
51 114
57 137
19 176
97 101
62 120
19 120
44 144
92 114
44 168
51 132
74 140
64 144
76 120
