46 107.0
76 139.0
86 154.0
12 164.0
32 141.0
100 154.0
37 164.0
83 182.0
99 173.0
68 181.0
60 174.0
98 165.0
50 184.0
55 173.0
58 103.0
40 130.0
38 111.0
22 111.0
67 130.0
4 134.0
18 127.0
49 163.0
36 105.0
6 121.0
13 106.0
21 113.0
23 110.0
9 119.0
19 109.0
26 126.0
24 144.0
63 194.0
2 177.0
5 159.0
27 147.0
5 128.0
2 193.0
27 192.0
63 101.0
45 179.0
42 161.0
53 116.0
17 135.0
78 148.0
80 156.0
72 137.0
88 132.0
89 186.0
52 112.0
70 190.0
52 176.0
94 142.0
59 162.0
92 178.0
25 153.0
47 117.0
29 142.0
1 117.0
77 178.0
11 140.0
30 167.0
33 138.0
11 158.0
33 157.0
84 104.0
15 108.0
65 136.0
81 118.0
73 136.0
82 108.0
43 136.0
66 175.0
69 131.0
41 145.0
17 199.0
25 160.0
90 169.0
96 191.0
99 180.0
63 188.0
63 110.0
76 104.0
6 186.0
100 118.0
25 121.0
5 139.0
70 130.0
59 118.0
5 113.0
53 184.0
81 190.0
94 109.0
59 161.0
19 148.0
83 158.0
80 182.0
46 132.0
88 135.0
25 167.0
100 109.0
21 153.0
46 179.0
32 148.0
19 178.0
19 167.0
81 157.0
38 165.0
19 164.0
42 194.0
83 103.0
5 157.0
23 142.0
11 177.0
30 162.0
19 111.0
26 163.0
50 136.0
5 104.0
63 126.0
63 182.0
50 139.0
76 117.0
1 111.0
5 108.0
11 130.0
38 132.0
63 162.0
21 105.0
33 108.0
9 179.0
52 144.0
29 173.0
82 130.0
60 113.0
83 140.0
36 176.0
2 162.0
30 136.0
12 121.0
2 113.0
81 193.0
88 162.0
17 158.0
42 165.0
26 104.0
86 173.0
60 135.0
88 103.0
68 144.0
100 106.0
83 177.0
53 162.0
78 104.0
58 176.0
15 138.0
70 118.0
46 140.0
76 105.0
33 139.0
63 103.0
23 192.0
33 176.0
59 164.0
30 106.0
17 193.0
47 132.0
23 178.0
2 158.0
46 112.0
21 111.0
36 101.0
94 141.0
5 173.0
6 117.0
49 130.0
11 163.0
18 178.0
60 132.0
17 101.0
13 130.0
23 182.0
58 174.0
25 134.0
36 182.0
9 140.0
59 184.0
68 161.0
19 190.0
9 190.0
33 103.0
65 184.0
82 182.0
47 165.0
18 181.0
77 108.0
13 118.0
76 161.0
70 142.0
60 136.0
19 105.0
38 109.0
4 138.0
46 142.0
33 141.0
63 144.0
58 144.0
73 119.0
15 130.0
36 192.0
11 127.0
5 142.0
46 105.0
13 104.0
11 110.0
58 153.0
18 164.0
27 181.0
19 154.0
12 153.0
73 127.0
25 116.0
4 104.0
38 105.0
47 119.0
24 193.0
21 130.0
13 147.0
42 154.0
9 127.0
13 186.0
11 111.0
76 148.0
89 117.0
49 108.0
40 127.0
63 104.0
49 104.0
77 154.0
6 136.0
2 111.0
52 184.0
92 136.0
19 135.0
11 147.0
30 161.0
25 108.0
5 140.0
13 132.0
63 134.0
78 103.0
72 173.0
77 192.0
6 105.0
24 162.0
47 164.0
40 193.0
94 181.0
78 142.0
17 110.0
33 135.0
100 119.0
50 106.0
4 118.0
89 154.0
4 103.0
24 116.0
2 144.0
2 141.0
98 136.0
49 117.0
15 148.0
94 158.0
12 156.0
80 140.0
65 107.0
36 193.0
21 126.0
70 139.0
19 181.0
33 126.0
81 135.0
5 186.0
6 174.0
86 113.0
59 105.0
5 127.0
83 101.0
4 181.0
47 138.0
100 138.0
68 130.0
32 192.0
59 128.0
42 144.0
94 148.0
2 167.0
30 111.0
89 173.0
11 181.0
77 181.0
26 108.0
13 135.0
32 153.0
21 109.0
76 138.0
30 173.0
78 139.0
13 141.0
11 148.0
2 174.0
22 167.0
60 148.0
21 147.0
55 105.0
92 137.0
2 148.0
42 139.0
53 164.0
40 148.0
52 178.0
19 176.0
23 112.0
22 190.0
89 108.0
38 154.0
40 182.0
98 118.0
70 113.0
13 134.0
37 126.0
98 111.0
84 147.0
38 116.0
46 174.0
58 173.0
11 134.0
33 142.0
19 103.0
76 162.0
13 193.0
98 154.0
73 106.0
92 130.0
4 106.0
59 158.0
42 134.0
13 176.0
2 106.0
53 134.0
59 186.0
