97 171.0
60 191.0
75 166.0
99 169.0
8 159.0
36 177.0
8 147.0
36 129.0
35 130.0
43 103.0
21 121.0
10 123.0
14 141.0
91 120.0
51 141.0
87 120.0
53 184.0
42 182.0
42 173.0
7 137.0
64 156.0
7 176.0
64 112.0
59 109.0
25 126.0
92 126.0
29 109.0
33 142.0
30 162.0
21 129.0
36 142.0
30 130.0
64 171.0
42 171.0
8 103.0
59 130.0
43 147.0
60 112.0
10 156.0
8 141.0
30 176.0
59 103.0
43 142.0
30 126.0
92 137.0
51 191.0
36 141.0
33 126.0
51 109.0
53 121.0
35 191.0
30 191.0
87 173.0
30 177.0
14 109.0
99 126.0
10 141.0
33 137.0
92 120.0
53 169.0
64 173.0
7 169.0
53 126.0
36 120.0
97 147.0
7 173.0
7 191.0
60 141.0
8 109.0
29 182.0
21 171.0
36 121.0
53 177.0
