66 107.0
26 131.0
15 124.0
6 133.0
1 172.0
18 156.0
42 192.0
1 193.0
42 191.0
37 128.0
13 137.0
4 130.0
46 104.0
49 142.0
47 144.0
22 118.0
45 134.0
2 115.0
40 106.0
23 166.0
60 167.0
75 174.0
39 162.0
52 195.0
96 153.0
70 195.0
92 186.0
72 144.0
74 198.0
62 165.0
99 112.0
61 150.0
48 164.0
17 126.0
11 190.0
12 160.0
77 149.0
83 195.0
41 151.0
44 122.0
17 198.0
56 194.0
28 132.0
68 180.0
74 187.0
58 154.0
27 173.0
66 152.0
82 139.0
67 179.0
53 151.0
23 115.0
49 118.0
37 137.0
13 128.0
2 106.0
47 142.0
40 166.0
96 167.0
66 133.0
52 167.0
6 131.0
37 104.0
49 144.0
42 156.0
42 172.0
