28 105.0
52 104.0
55 117.0
62 105.0
96 104.0
85 188.0
89 150.0
56 136.0
86 164.0
30 151.0
1 132.0
33 133.0
11 141.0
18 162.0
48 132.0
70 200.0
44 114.0
91 147.0
51 165.0
49 175.0
79 188.0
8 112.0
72 170.0
39 171.0
25 177.0
76 145.0
43 122.0
93 120.0
35 190.0
5 158.0
92 174.0
56 180.0
5 182.0
38 148.0
29 103.0
1 120.0
34 123.0
6 177.0
23 127.0
59 192.0
30 125.0
46 175.0
74 143.0
57 184.0
1 141.0
86 151.0
62 104.0
55 104.0
56 151.0
52 105.0
28 117.0
30 136.0
62 117.0
33 132.0
11 132.0
85 136.0
89 164.0
55 105.0
