95 110
54 140
57 140
34 172
97 183
55 160
29 172
19 107
23 159
19 164
59 170
77 117
25 117
42 145
9 154
42 189
41 143
92 103
44 103
17 117
62 199
8 187
3 185
63 110
10 197
66 102
94 157
67 183
48 188
48 147
44 169
61 163
0 115
1 178
38 191
48 175
9 107
97 189
34 110
23 143
92 183
59 140
54 172
41 189
77 143
42 170
95 143
54 107
95 103
25 140
44 107
92 189
42 140
23 183
77 103
42 160
29 117
59 154
77 164
57 107
97 159
44 160
19 145
57 160
92 110
29 189
77 159
25 159
42 159
19 160
29 143
92 164
57 159
92 107
19 172
23 154
77 154
54 103
41 110
23 117
19 110
29 107
19 117
44 154
57 183
23 172
97 145
57 189
29 140
29 164
95 164
23 145
25 145
23 160
57 170
