10 122.0
23 157.0
21 140.0
13 138.0
21 158.0
9 164.0
19 107.0
44 139.0
26 141.0
19 120.0
34 178.0
27 153.0
63 142.0
5 117.0
27 162.0
89 119.0
70 126.0
80 144.0
31 124.0
88 124.0
52 119.0
30 194.0
11 125.0
3 101.0
3 147.0
30 193.0
11 159.0
3 128.0
30 192.0
84 179.0
82 148.0
74 135.0
73 116.0
15 161.0
65 179.0
76 132.0
86 154.0
46 163.0
60 196.0
50 136.0
83 199.0
38 169.0
22 174.0
49 112.0
8 149.0
35 200.0
79 147.0
95 175.0
66 199.0
85 148.0
53 174.0
45 141.0
39 165.0
41 111.0
29 133.0
59 172.0
28 192.0
94 186.0
19 176.0
39 112.0
56 168.0
43 160.0
37 150.0
60 149.0
57 118.0
93 106.0
67 123.0
92 171.0
80 169.0
93 151.0
10 102.0
4 127.0
74 131.0
51 172.0
25 130.0
90 165.0
98 182.0
80 162.0
19 119.0
30 153.0
9 192.0
34 140.0
10 179.0
63 126.0
82 126.0
34 128.0
19 162.0
73 162.0
