95 102
51 169
61 108
89 137
57 180
45 169
6 146
81 153
70 162
30 105
36 162
5 157
53 145
62 151
46 127
53 161
62 154
4 132
43 100
58 131
3 140
31 166
10 122
0 128
32 111
10 101
19 171
23 126
52 191
15 138
15 194
19 199
99 172
82 144
91 183
38 192
33 121
26 160
96 187
39 193
65 149
98 190
67 150
74 118
68 112
14 193
44 197
41 188
21 173
83 129
92 179
60 134
83 184
29 149
34 100
55 115
80 163
2 199
49 179
12 185
87 105
11 194
78 170
86 158
25 169
20 162
23 170
13 181
46 143
59 104
38 123
87 148
30 186
44 159
58 168
66 167
0 175
82 113
33 172
45 137
45 108
61 102
15 199
51 108
70 105
32 166
61 137
98 112
