2
1 2 3 4 5 6 7 8 9 10 11 12 13 14 15 16 17 18 19 20 21 22 23 24 25 26 27 28 29 30 31 32 33 34 35 36 37 38 39 40 41 42 43 44 45 46 47 48 49 50 51 52 53 54 55 56 57 58 59 60 61 62 63 64 65 66 67 68 69 70 71 72 73 74 75 76 77 78 79 80 81 82 83 84 85 86 87 88 89 90 91 92 93 94 95 96 97 98 99 100 
154
71 95
73 78
74 91
78 73
82 90
82 91
82 100
82 94
82 95
83 96
83 97
83 98
83 99
83 87
83 89
83 92
83 93
84 100
84 86
84 90
84 91
84 94
84 95
85 96
85 97
85 98
85 99
85 86
85 87
85 88
85 89
85 92
86 96
86 97
86 98
86 99
86 84
86 85
86 88
86 89
86 92
87 96
87 97
87 98
87 99
87 83
87 85
87 88
87 89
87 92
87 93
88 96
88 97
88 99
88 85
88 86
88 87
88 89
88 92
88 93
89 96
89 98
89 99
89 83
89 85
89 86
89 87
89 88
89 92
89 93
90 100
90 82
90 84
90 91
90 94
90 95
91 100
91 74
91 82
91 84
91 90
91 94
91 95
92 97
92 98
92 99
92 83
92 85
92 86
92 87
92 88
92 89
93 96
93 99
93 83
93 87
93 88
93 89
94 100
94 82
94 84
94 90
94 91
94 95
95 100
95 71
95 82
95 84
95 90
95 91
95 94
96 98
96 99
96 83
96 85
96 86
96 87
96 88
96 89
96 93
97 98
97 99
97 83
97 85
97 86
97 87
97 88
97 92
98 96
98 97
98 99
98 83
98 85
98 86
98 87
98 89
98 92
99 96
99 97
99 98
99 83
99 85
99 86
99 87
99 88
99 89
99 92
99 93
100 82
100 84
100 90
100 91
100 94
100 95
101 102 103 104 105 106 107 108 109 110 111 112 113 114 115 116 117 118 119 120 121 122 123 124 125 126 127 128 129 130 131 132 133 134 135 136 137 138 139 140 141 142 143 144 145 146 147 148 149 150 151 152 153 154 155 156 157 158 159 160 161 162 163 164 165 166 167 168 169 170 171 172 173 174 175 176 177 178 179 180 181 182 183 184 185 186 187 188 189 190 191 192 193 194 195 196 197 198 199 200 
10
196 198
196 199
197 198
197 199
198 196
198 197
198 199
199 196
199 197
199 198
1
1 2
44
171 35
171 20
171 53
35 120
35 171
37 108
37 123
37 172
7 172
7 108
172 37
172 7
57 153
57 157
39 153
39 108
108 39
108 51
108 20
108 37
108 7
120 35
51 154
51 108
51 119
148 24
53 171
53 157
53 119
54 123
119 51
119 53
24 148
20 123
20 171
20 108
154 51
123 20
123 37
123 54
157 57
157 53
153 57
153 39
13
4 5 134 7 15 20 24 28 49 53 62 71 72 75 101 106 108 112 118 119 148 127  
33 131 133 9 151 154 45 109 157 145 51 57 54 23 25 26 123 125 126 31  
128 2 11 13 14 16 149 153 29 162 35 37 39 171 172 175 104 105 107 115 120 124  
32 64 10 43 61 47 50 74 22 56 42  
3 100 38 41 44 17 82 67 84 73 55 90 91 60 94 95  
1 34 6 8 12 48 18 19 27  
65 68 69 40 76 77 46 52 21 58 59 30 63  
96 97 66 99 36 70 98 78 79 80 81 83 85 86 87 88 89 92 93  
161 132 174 142 143 147 110 150 164 122 156  
160 194 195 103 200 138 167 141 173 144 117 182 184 155 190 191  
130 163 165 168 169 140 176 177 146 152 121 158 159  
129 102 135 137 139 111 113 114 116  
192 193 196 197 166 199 136 170 178 179 180 181 183 185 186 187 188 189 198  
