93 139.0
24 168.0
88 140.0
73 175.0
4 167.0
64 158.0
17 167.0
46 186.0
2 179.0
41 166.0
44 157.0
50 194.0
46 187.0
41 171.0
51 111.0
3 114.0
26 103.0
14 126.0
56 128.0
54 120.0
16 127.0
52 108.0
25 120.0
20 163.0
22 102.0
8 146.0
28 150.0
28 141.0
78 152.0
71 156.0
15 125.0
79 154.0
87 116.0
94 152.0
86 116.0
31 190.0
6 148.0
29 200.0
23 172.0
31 153.0
23 176.0
6 198.0
29 177.0
59 165.0
36 180.0
35 118.0
33 162.0
38 192.0
33 196.0
36 119.0
91 182.0
99 191.0
81 197.0
97 174.0
74 143.0
82 145.0
45 181.0
43 189.0
42 106.0
68 123.0
1 129.0
39 107.0
58 129.0
75 123.0
95 138.0
92 135.0
62 159.0
65 133.0
80 134.0
83 133.0
18 138.0
70 147.0
49 104.0
55 117.0
61 188.0
30 164.0
69 124.0
69 160.0
21 193.0
100 127.0
90 179.0
39 132.0
55 161.0
80 182.0
42 120.0
46 167.0
1 126.0
16 141.0
2 126.0
59 166.0
1 128.0
18 125.0
97 103.0
35 190.0
64 153.0
4 103.0
58 171.0
6 166.0
26 166.0
31 159.0
56 118.0
69 194.0
73 116.0
2 191.0
33 159.0
70 172.0
54 196.0
45 152.0
33 111.0
38 187.0
93 141.0
25 182.0
43 194.0
24 126.0
14 152.0
54 189.0
74 133.0
59 108.0
54 134.0
1 138.0
28 191.0
28 116.0
70 119.0
23 188.0
30 171.0
65 171.0
64 126.0
74 138.0
83 145.0
69 158.0
70 177.0
36 175.0
68 103.0
20 179.0
3 150.0
26 127.0
15 108.0
39 180.0
71 145.0
52 196.0
94 128.0
15 198.0
91 168.0
92 128.0
3 138.0
78 164.0
58 187.0
86 189.0
30 154.0
69 133.0
65 128.0
44 124.0
17 188.0
23 102.0
97 198.0
28 107.0
95 180.0
17 150.0
42 141.0
31 188.0
44 159.0
18 146.0
33 117.0
65 158.0
69 141.0
4 153.0
22 168.0
16 152.0
79 134.0
35 138.0
73 190.0
6 103.0
93 147.0
36 123.0
28 157.0
31 182.0
58 114.0
23 138.0
14 124.0
43 154.0
8 158.0
6 168.0
29 125.0
59 124.0
16 111.0
59 123.0
45 126.0
51 157.0
82 141.0
17 179.0
1 135.0
43 129.0
65 165.0
35 156.0
55 118.0
42 116.0
59 117.0
51 175.0
59 182.0
39 103.0
58 127.0
22 123.0
26 167.0
88 125.0
44 189.0
82 187.0
80 126.0
93 150.0
33 179.0
83 129.0
92 146.0
79 168.0
70 167.0
75 160.0
30 133.0
29 163.0
33 148.0
45 123.0
79 191.0
50 140.0
54 153.0
86 114.0
33 125.0
64 182.0
56 107.0
64 166.0
59 159.0
69 176.0
91 192.0
54 156.0
39 168.0
39 117.0
99 125.0
71 107.0
38 102.0
1 190.0
46 133.0
26 198.0
25 187.0
68 119.0
73 157.0
79 164.0
3 141.0
78 106.0
41 139.0
81 135.0
28 145.0
58 179.0
92 196.0
62 116.0
31 128.0
97 107.0
35 106.0
69 128.0
43 148.0
50 103.0
4 102.0
52 198.0
3 196.0
26 141.0
79 126.0
6 125.0
38 114.0
14 108.0
6 119.0
71 124.0
33 120.0
70 146.0
52 146.0
33 108.0
3 197.0
79 114.0
73 181.0
55 106.0
52 103.0
73 186.0
1 160.0
58 146.0
23 123.0
94 123.0
41 107.0
94 133.0
2 103.0
26 200.0
74 120.0
24 154.0
3 167.0
1 196.0
62 189.0
61 134.0
35 107.0
80 165.0
79 186.0
54 146.0
35 175.0
38 189.0
99 141.0
69 156.0
87 123.0
23 162.0
31 127.0
58 126.0
51 164.0
64 197.0
50 141.0
68 181.0
45 124.0
65 198.0
81 108.0
42 160.0
68 141.0
35 186.0
26 117.0
23 125.0
6 118.0
97 116.0
71 114.0
70 163.0
99 148.0
2 167.0
64 117.0
28 140.0
58 198.0
44 106.0
31 111.0
22 194.0
41 147.0
75 135.0
25 200.0
65 194.0
49 167.0
8 192.0
36 190.0
56 106.0
8 103.0
29 107.0
2 150.0
8 154.0
33 172.0
61 191.0
50 165.0
54 133.0
22 111.0
78 159.0
25 102.0
86 107.0
31 187.0
93 176.0
55 186.0
81 120.0
6 162.0
39 167.0
50 138.0
68 172.0
61 116.0
74 107.0
74 190.0
49 102.0
78 129.0
3 153.0
42 188.0
97 156.0
59 160.0
65 123.0
6 111.0
38 127.0
22 120.0
28 108.0
20 189.0
4 124.0
4 106.0
42 104.0
16 164.0
22 127.0
18 129.0
23 181.0
97 180.0
43 166.0
23 129.0
28 125.0
36 125.0
59 156.0
22 114.0
45 154.0
38 156.0
29 167.0
24 145.0
81 190.0
42 172.0
42 108.0
