92 138
23 167
87 139
72 174
3 166
63 157
16 166
45 185
1 178
40 165
43 156
49 193
45 186
40 170
50 110
2 113
25 102
13 125
55 127
53 119
15 126
51 107
24 119
19 162
21 101
7 145
27 149
27 140
77 151
70 155
14 124
78 153
86 115
93 151
85 115
30 189
5 147
28 199
22 171
30 152
22 175
5 197
28 176
58 164
35 179
34 117
32 161
37 191
32 195
35 118
90 181
98 190
80 196
96 173
73 142
81 144
44 180
42 188
41 105
67 122
0 128
38 106
57 128
74 122
94 137
91 134
61 158
64 132
79 133
82 132
17 137
69 146
48 103
54 116
60 187
29 163
68 123
68 159
20 192
99 126
89 178
38 131
54 160
79 181
41 119
45 166
0 125
15 140
1 125
58 165
0 127
17 124
96 102
34 189
63 152
3 102
57 170
5 165
25 165
30 158
55 117
68 193
72 115
1 190
32 158
69 171
53 195
44 151
32 110
37 186
92 140
24 181
42 193
23 125
13 151
53 188
73 132
58 107
53 133
0 137
27 190
27 115
69 118
22 187
29 170
64 170
63 125
73 137
82 144
68 157
69 176
35 174
67 102
19 178
2 149
25 126
14 107
38 179
70 144
51 195
93 127
14 197
90 167
91 127
2 137
77 163
57 186
85 188
29 153
68 132
64 127
43 123
16 187
22 101
96 197
27 106
94 179
16 149
41 140
30 187
43 158
17 145
32 116
64 157
68 140
3 152
21 167
15 151
78 133
34 137
72 189
5 102
92 146
35 122
27 156
30 181
57 113
22 137
13 123
42 153
7 157
5 167
28 124
58 123
15 110
58 122
44 125
50 156
81 140
16 178
0 134
42 128
64 164
34 155
54 117
41 115
58 116
50 174
58 181
38 102
57 126
21 122
25 166
87 124
43 188
81 186
79 125
92 149
32 178
82 128
91 145
78 167
69 166
74 159
29 132
28 162
32 147
44 122
78 190
49 139
53 152
85 113
32 124
63 181
55 106
63 165
58 158
68 175
90 191
53 155
38 167
38 116
98 124
70 106
37 101
0 189
45 132
25 197
24 186
67 118
72 156
78 163
2 140
77 105
40 138
80 134
27 144
57 178
91 195
61 115
30 127
96 106
34 105
68 127
42 147
49 102
3 101
51 197
2 195
25 140
78 125
5 124
37 113
13 107
5 118
70 123
32 119
69 145
51 145
32 107
2 196
78 113
72 180
54 105
51 102
72 185
0 159
57 145
22 122
93 122
40 106
93 132
1 102
25 199
73 119
23 153
2 166
0 195
61 188
60 133
34 106
79 164
78 185
53 145
34 174
37 188
98 140
68 155
86 122
22 161
30 126
57 125
50 163
63 196
49 140
67 180
44 123
64 197
80 107
41 159
67 140
34 185
25 116
22 124
5 117
96 115
70 113
69 162
98 147
1 166
63 116
27 139
57 197
43 105
30 110
21 193
40 146
74 134
24 199
64 193
48 166
7 191
35 189
55 105
7 102
28 106
1 149
7 153
32 171
60 190
49 164
53 132
21 110
77 158
24 101
85 106
30 186
92 175
54 185
80 119
5 161
38 166
49 137
67 171
60 115
73 106
73 189
48 101
77 128
2 152
41 187
96 155
58 159
64 122
5 110
37 126
21 119
27 107
19 188
3 123
3 105
41 103
15 163
21 126
17 128
22 180
96 179
42 165
22 128
27 124
35 124
58 155
21 113
44 153
37 155
28 166
23 144
80 189
41 171
41 107
