11 111
31 145
89 175
75 131
55 136
85 199
99 185
66 126
57 133
21 101
56 162
37 162
7 132
35 129
3 102
48 129
78 115
47 134
60 178
34 142
15 147
9 107
12 103
5 117
20 148
18 180
43 172
23 183
25 173
25 181
18 114
52 166
61 156
77 157
16 139
44 121
40 118
19 108
53 143
6 123
38 108
87 113
79 165
30 170
51 194
95 190
71 186
87 184
76 120
24 112
28 109
92 105
46 112
27 105
93 120
91 109
29 193
10 191
2 192
10 158
29 128
2 124
29 100
2 146
14 177
80 152
64 144
83 161
81 116
72 177
77 194
25 148
47 133
35 180
16 108
43 131
10 123
2 120
83 156
37 108
52 173
3 128
35 134
30 148
2 143
23 178
57 143
31 109
93 103
2 114
7 116
46 103
7 123
53 161
93 142
55 162
9 113
3 143
66 175
6 193
81 100
23 162
52 128
2 123
44 178
61 117
64 156
3 148
91 181
71 129
43 152
2 177
83 139
29 112
83 173
5 139
66 191
57 112
64 143
18 146
52 152
18 147
2 112
55 152
53 136
6 173
87 107
60 116
79 131
53 129
2 145
38 184
47 103
51 109
23 102
34 133
61 129
2 172
21 118
40 120
35 193
43 129
95 152
83 111
53 199
27 108
92 152
15 132
47 118
79 109
56 108
61 142
38 121
23 184
2 134
16 143
31 102
2 136
77 134
57 184
37 129
48 126
78 145
25 103
72 123
91 166
29 172
43 133
2 178
52 113
30 120
52 115
16 145
48 145
40 132
