3 101
59 143
63 145
87 140
46 162
16 101
72 162
1 150
49 113
43 125
45 110
40 150
2 127
25 126
10 121
13 119
36 105
15 130
51 128
24 122
55 122
7 147
21 197
27 176
26 189
26 175
27 184
7 171
21 183
93 194
65 161
14 117
56 118
78 179
85 164
86 191
22 141
28 138
6 166
30 157
22 167
30 139
32 154
35 160
37 168
33 148
34 129
37 112
73 163
90 172
98 159
88 146
42 192
81 103
44 116
80 146
38 111
41 131
66 108
67 109
39 111
74 109
97 193
75 186
99 156
83 165
76 185
71 170
84 114
47 170
82 124
64 153
17 136
95 151
61 115
91 153
79 115
9 166
48 187
56 137
53 181
37 184
79 130
30 194
80 130
47 129
49 128
45 148
22 130
35 130
93 163
93 126
86 115
2 131
79 126
32 130
63 108
30 111
49 151
2 139
43 146
98 143
81 193
15 184
71 168
88 126
34 115
13 168
25 172
64 127
61 126
81 185
93 193
75 184
21 136
34 185
25 143
85 125
90 130
35 189
27 126
59 115
10 163
78 183
99 148
2 151
76 189
78 153
99 136
32 140
86 157
24 138
21 145
97 176
37 153
73 138
67 138
35 127
42 128
13 125
88 124
1 159
15 126
6 122
3 185
33 159
7 191
63 146
1 130
97 154
36 140
30 168
25 128
15 136
3 122
83 111
65 108
76 113
21 160
85 121
49 194
63 113
74 192
16 148
35 143
64 105
61 129
45 151
33 175
22 175
56 172
28 143
13 191
27 165
44 164
59 170
41 172
88 129
76 124
81 101
2 160
66 148
88 109
1 111
7 154
45 116
26 191
66 105
75 160
72 160
22 114
25 153
10 175
45 122
65 136
63 111
21 157
16 109
25 105
56 166
1 118
21 130
79 145
59 179
67 185
63 127
1 165
41 153
14 122
83 168
17 101
22 183
13 154
73 164
67 154
36 111
93 165
84 167
39 125
15 193
88 168
59 185
36 171
71 143
71 125
35 183
61 111
76 127
25 189
61 110
10 186
37 114
47 146
61 154
30 108
44 151
10 113
67 192
87 164
90 185
15 179
64 121
97 122
25 160
22 192
59 119
37 139
91 184
7 105
42 119
51 186
32 162
95 113
59 129
22 153
40 111
14 141
72 103
45 128
98 122
72 126
43 126
27 108
34 117
22 126
63 136
67 163
82 154
51 161
6 131
2 161
51 143
49 146
64 126
59 168
2 171
32 111
21 163
35 162
7 127
26 170
26 108
40 124
91 109
1 151
6 121
33 124
43 168
34 184
63 147
83 108
3 119
65 128
66 114
7 128
82 192
42 113
63 151
97 141
49 122
15 150
49 141
73 113
90 139
40 186
74 150
27 111
90 121
98 160
91 171
93 103
22 147
13 113
91 145
76 143
56 150
97 121
86 168
1 164
22 128
72 128
10 166
80 119
36 194
28 108
78 101
27 115
34 105
24 167
36 170
99 119
24 129
71 153
39 160
84 122
7 114
37 138
35 138
36 119
21 179
47 126
33 140
22 101
83 162
2 167
34 172
75 138
41 168
34 171
37 194
38 164
7 138
99 130
71 131
40 119
25 113
37 131
88 194
22 145
91 160
22 136
30 153
26 161
47 179
14 101
43 115
56 162
28 113
59 153
95 130
14 115
83 154
95 116
25 191
24 164
14 109
28 186
65 159
28 119
22 184
75 126
24 146
56 139
82 165
10 171
