63 119.0
44 180.0
46 196.0
50 118.0
41 162.0
41 195.0
50 183.0
26 137.0
51 116.0
11 125.0
14 154.0
51 156.0
37 126.0
52 114.0
25 151.0
16 111.0
56 126.0
33 121.0
35 109.0
59 132.0
34 110.0
36 109.0
48 138.0
84 159.0
98 135.0
53 133.0
90 136.0
85 135.0
72 138.0
100 159.0
49 161.0
55 169.0
30 170.0
61 149.0
69 155.0
13 113.0
4 118.0
73 132.0
28 180.0
71 195.0
15 123.0
10 192.0
29 108.0
82 147.0
91 155.0
1 153.0
39 156.0
92 145.0
80 117.0
23 104.0
30 193.0
32 163.0
49 127.0
50 178.0
57 166.0
12 129.0
19 182.0
40 145.0
80 168.0
32 167.0
57 148.0
21 184.0
14 116.0
61 155.0
