18 157.0
31 103.0
6 147.0
48 106.0
5 174.0
44 189.0
44 156.0
5 198.0
64 144.0
19 104.0
94 144.0
91 104.0
41 137.0
11 131.0
53 139.0
20 127.0
53 192.0
12 155.0
79 128.0
12 158.0
8 123.0
78 129.0
65 129.0
39 110.0
100 143.0
27 143.0
69 166.0
15 125.0
75 168.0
76 140.0
10 193.0
14 142.0
14 161.0
93 177.0
84 126.0
42 160.0
93 129.0
8 157.0
94 174.0
75 131.0
79 157.0
48 131.0
15 161.0
78 147.0
18 174.0
27 142.0
76 127.0
19 110.0
5 129.0
15 155.0
15 158.0
20 144.0
6 174.0
31 139.0
44 125.0
14 166.0
93 157.0
93 127.0
27 147.0
20 128.0
12 168.0
18 143.0
84 155.0
64 143.0
76 177.0
19 129.0
53 106.0
39 144.0
75 142.0
64 147.0
5 106.0
19 139.0
75 143.0
14 155.0
91 131.0
94 168.0
10 127.0
15 143.0
10 144.0
48 161.0
53 110.0
11 161.0
91 103.0
15 127.0
84 127.0
19 123.0
10 139.0
39 157.0
11 192.0
91 168.0
