17 156
30 102
5 146
47 105
4 173
43 188
43 155
4 197
63 143
18 103
93 143
90 103
40 136
10 130
52 138
19 126
52 191
11 154
78 127
11 157
7 122
77 128
64 128
38 109
99 142
26 142
68 165
14 124
74 167
75 139
9 192
13 141
13 160
92 176
83 125
41 159
92 128
7 156
93 173
74 130
78 156
47 130
14 160
77 146
17 173
26 141
75 126
18 109
4 128
14 154
14 157
19 143
5 173
30 138
43 124
13 165
92 156
92 126
26 146
19 127
11 167
17 142
83 154
63 142
75 176
18 128
52 105
38 143
74 141
63 146
4 105
18 138
74 142
13 154
90 130
93 167
9 126
14 142
9 143
47 160
52 109
10 160
90 102
14 126
83 126
18 122
9 138
38 156
10 191
90 167
