19 111
26 109
27 108
31 117
8 182
9 164
8 179
9 118
6 135
28 158
22 132
6 137
37 160
33 168
58 112
35 129
99 119
89 107
84 126
76 126
97 107
71 119
68 106
12 122
54 128
48 122
87 144
1 140
13 109
24 108
56 184
73 102
74 196
82 103
83 172
71 149
7 150
78 151
3 186
89 180
83 100
20 184
12 158
19 132
27 126
26 126
12 107
26 106
48 135
76 112
28 119
8 108
12 112
58 122
9 108
6 107
48 158
26 135
26 132
84 122
28 111
37 119
97 108
97 179
35 158
27 182
27 132
19 122
26 164
58 158
28 129
37 108
33 117
89 106
84 158
26 107
28 126
68 135
68 126
28 128
48 126
6 119
58 132
54 107
27 122
37 118
12 108
99 132
58 117
27 118
6 126
26 168
9 137
28 168
71 128
8 168
28 107
54 164
9 107
6 112
28 112
97 128
27 119
48 108
27 160
26 158
48 182
89 112
84 106
33 109
99 135
35 137
97 106
31 112
31 106
27 135
12 119
8 109
22 111
12 160
48 168
6 129
8 119
22 160
89 135
89 137
31 132
54 182
27 112
58 107
