93 167.0
24 101.0
88 168.0
60 158.0
4 175.0
64 140.0
73 140.0
63 173.0
2 188.0
50 117.0
41 164.0
46 160.0
2 124.0
46 147.0
26 126.0
51 114.0
11 111.0
14 103.0
52 169.0
54 155.0
25 161.0
37 170.0
56 149.0
54 113.0
8 180.0
28 119.0
27 183.0
20 118.0
28 196.0
8 162.0
20 195.0
32 122.0
9 108.0
12 120.0
10 128.0
6 174.0
31 181.0
7 105.0
29 189.0
31 182.0
6 191.0
29 197.0
7 199.0
33 135.0
35 133.0
36 134.0
38 138.0
59 159.0
81 141.0
89 144.0
45 150.0
43 163.0
82 146.0
74 163.0
99 146.0
91 141.0
98 110.0
100 132.0
85 109.0
90 121.0
48 121.0
77 132.0
72 110.0
76 109.0
83 129.0
92 106.0
65 131.0
18 107.0
80 107.0
96 106.0
19 129.0
69 184.0
30 185.0
13 148.0
61 177.0
70 190.0
49 153.0
30 172.0
61 198.0
86 148.0
67 167.0
63 116.0
4 166.0
20 126.0
61 131.0
27 117.0
89 167.0
28 175.0
12 182.0
49 105.0
93 162.0
25 108.0
29 183.0
46 129.0
99 199.0
25 110.0
99 158.0
32 106.0
59 103.0
49 150.0
46 113.0
51 198.0
63 118.0
28 110.0
11 195.0
54 195.0
6 109.0
52 107.0
11 170.0
59 198.0
99 138.0
18 188.0
27 107.0
99 190.0
2 132.0
37 190.0
37 196.0
32 168.0
45 132.0
29 159.0
11 199.0
89 119.0
32 169.0
7 106.0
25 133.0
10 121.0
25 141.0
8 133.0
33 190.0
27 190.0
88 138.0
56 184.0
74 182.0
2 149.0
46 180.0
20 101.0
30 183.0
52 180.0
52 119.0
61 111.0
31 119.0
9 138.0
60 164.0
2 109.0
6 103.0
48 162.0
38 170.0
13 169.0
13 182.0
30 196.0
99 161.0
56 146.0
45 135.0
98 169.0
18 163.0
26 131.0
19 149.0
50 199.0
100 149.0
80 109.0
28 122.0
24 128.0
48 188.0
20 108.0
80 196.0
51 107.0
93 191.0
26 132.0
98 168.0
59 114.0
19 140.0
7 138.0
20 144.0
81 133.0
6 149.0
72 182.0
96 183.0
41 181.0
51 164.0
25 117.0
54 158.0
32 134.0
29 150.0
26 159.0
61 147.0
2 153.0
38 122.0
18 111.0
98 108.0
48 140.0
65 182.0
76 172.0
98 141.0
89 108.0
19 126.0
82 105.0
51 183.0
72 113.0
