51 162
27 105
89 162
36 179
30 173
36 134
30 197
62 157
47 161
47 151
80 156
56 102
18 115
35 148
50 115
12 148
23 116
15 104
28 183
1 172
28 192
64 112
59 135
25 150
59 149
26 120
91 109
71 120
14 128
39 122
74 128
24 122
9 174
42 165
42 198
9 196
72 117
41 170
21 170
84 148
88 170
16 196
0 147
3 140
50 176
14 199
25 171
39 170
30 148
1 170
14 170
56 128
41 192
9 135
41 120
35 135
9 148
18 162
26 162
9 128
47 197
50 134
28 173
24 198
12 135
15 128
1 112
80 162
51 135
42 116
51 174
91 150
28 150
28 156
26 134
56 172
41 179
25 157
89 174
30 162
23 148
14 196
91 105
89 192
62 183
23 151
64 122
71 183
30 115
51 115
72 104
80 112
15 120
1 102
91 161
12 196
26 170
89 116
