71 139.0
7 183.0
71 172.0
5 164.0
4 119.0
5 194.0
4 191.0
13 153.0
94 120.0
50 120.0
36 153.0
62 162.0
55 128.0
74 188.0
80 165.0
30 131.0
63 141.0
54 154.0
57 105.0
3 129.0
1 190.0
41 185.0
20 127.0
24 115.0
2 109.0
67 149.0
87 127.0
78 151.0
100 164.0
95 172.0
40 187.0
69 103.0
68 156.0
21 181.0
42 191.0
93 105.0
3 155.0
94 162.0
34 189.0
42 185.0
11 135.0
7 182.0
22 118.0
66 147.0
77 106.0
47 181.0
17 138.0
20 104.0
23 144.0
27 111.0
18 133.0
70 167.0
89 102.0
76 187.0
83 160.0
6 197.0
61 125.0
49 175.0
56 114.0
59 173.0
47 145.0
4 164.0
50 153.0
71 183.0
4 194.0
36 120.0
5 119.0
94 153.0
5 191.0
7 139.0
7 172.0
13 120.0
