63 138.0
46 159.0
2 134.0
44 133.0
50 135.0
28 151.0
20 103.0
27 111.0
8 126.0
79 149.0
94 161.0
66 155.0
78 170.0
86 169.0
57 113.0
71 155.0
9 146.0
32 144.0
12 102.0
10 150.0
32 141.0
29 188.0
23 160.0
6 164.0
31 104.0
23 124.0
29 173.0
6 117.0
89 118.0
43 195.0
99 165.0
82 192.0
74 162.0
45 180.0
5 119.0
91 192.0
58 158.0
42 101.0
75 167.0
68 139.0
1 168.0
39 140.0
18 108.0
95 127.0
80 122.0
92 120.0
65 108.0
19 120.0
96 122.0
30 154.0
49 152.0
70 156.0
55 137.0
69 116.0
61 137.0
69 118.0
9 126.0
10 158.0
46 144.0
44 150.0
43 108.0
6 140.0
96 159.0
6 111.0
46 103.0
31 140.0
31 155.0
1 120.0
32 133.0
45 127.0
65 158.0
19 160.0
6 134.0
44 170.0
6 116.0
50 144.0
66 120.0
23 120.0
23 146.0
61 113.0
39 169.0
20 134.0
20 137.0
96 138.0
71 126.0
20 150.0
32 117.0
46 104.0
63 116.0
23 102.0
57 140.0
18 116.0
50 151.0
27 173.0
9 127.0
31 162.0
30 135.0
10 149.0
71 133.0
18 135.0
78 126.0
1 159.0
63 195.0
9 138.0
9 167.0
27 104.0
2 164.0
68 138.0
61 155.0
31 119.0
66 116.0
86 159.0
44 113.0
89 138.0
29 151.0
75 180.0
32 101.0
32 169.0
70 104.0
82 127.0
45 101.0
96 162.0
18 167.0
19 124.0
5 126.0
28 134.0
49 122.0
70 133.0
79 164.0
75 103.0
23 108.0
46 154.0
58 195.0
19 139.0
80 141.0
9 135.0
61 140.0
10 162.0
