62 148.0
52 106.0
90 147.0
28 147.0
96 148.0
98 141.0
35 101.0
30 133.0
74 101.0
89 133.0
7 177.0
37 178.0
31 160.0
18 165.0
48 149.0
6 124.0
47 153.0
94 169.0
50 199.0
13 166.0
51 176.0
64 197.0
51 125.0
41 193.0
1 173.0
32 161.0
32 142.0
24 137.0
16 107.0
49 171.0
49 118.0
2 123.0
12 167.0
67 112.0
79 129.0
77 109.0
8 181.0
65 157.0
60 138.0
95 200.0
72 127.0
92 172.0
83 192.0
34 134.0
97 146.0
99 128.0
68 162.0
66 158.0
69 190.0
75 128.0
22 114.0
61 121.0
84 114.0
93 121.0
65 123.0
13 160.0
68 197.0
96 160.0
32 160.0
61 125.0
67 137.0
32 148.0
94 133.0
32 109.0
32 107.0
24 127.0
65 192.0
64 167.0
75 106.0
18 161.0
75 138.0
18 147.0
61 138.0
74 142.0
35 137.0
6 193.0
24 112.0
97 193.0
51 153.0
93 127.0
1 200.0
13 101.0
97 125.0
32 167.0
13 133.0
64 158.0
62 118.0
7 127.0
96 134.0
62 200.0
99 121.0
1 177.0
22 138.0
93 149.0
98 166.0
69 177.0
18 162.0
6 134.0
35 127.0
16 146.0
22 192.0
90 146.0
98 148.0
13 172.0
74 123.0
98 167.0
65 161.0
6 106.0
8 127.0
41 197.0
47 114.0
94 172.0
60 112.0
93 172.0
95 148.0
6 176.0
60 177.0
49 147.0
18 134.0
37 101.0
37 114.0
66 200.0
7 123.0
89 157.0
1 153.0
98 118.0
79 114.0
12 199.0
51 109.0
77 149.0
60 200.0
96 193.0
94 137.0
79 133.0
98 138.0
96 173.0
50 200.0
92 147.0
1 148.0
30 107.0
67 101.0
62 171.0
16 148.0
69 148.0
83 109.0
12 109.0
84 190.0
90 114.0
64 171.0
89 146.0
1 106.0
79 146.0
24 190.0
98 137.0
99 176.0
1 133.0
67 106.0
28 146.0
93 173.0
1 141.0
72 158.0
72 190.0
12 121.0
69 121.0
52 129.0
77 129.0
47 178.0
74 177.0
48 142.0
98 181.0
30 157.0
34 121.0
24 178.0
74 106.0
62 177.0
22 129.0
49 166.0
6 167.0
48 178.0
6 107.0
69 129.0
47 193.0
50 114.0
48 114.0
79 200.0
94 171.0
48 121.0
6 177.0
18 121.0
51 112.0
61 134.0
7 157.0
52 146.0
69 173.0
50 153.0
6 109.0
79 141.0
72 181.0
93 169.0
49 114.0
66 165.0
50 106.0
95 101.0
6 181.0
75 129.0
96 192.0
18 141.0
37 109.0
16 177.0
6 121.0
31 200.0
67 148.0
28 153.0
60 146.0
48 173.0
79 177.0
6 166.0
60 106.0
49 153.0
83 161.0
75 101.0
18 123.0
47 146.0
49 141.0
49 200.0
98 190.0
32 153.0
22 147.0
30 124.0
1 109.0
93 133.0
83 165.0
83 177.0
30 118.0
34 124.0
51 127.0
48 160.0
98 149.0
67 124.0
72 129.0
79 101.0
24 114.0
90 141.0
22 148.0
95 121.0
64 124.0
68 200.0
6 128.0
65 167.0
62 129.0
22 123.0
90 101.0
89 190.0
16 192.0
35 171.0
7 158.0
68 137.0
77 112.0
94 129.0
69 134.0
79 161.0
95 106.0
31 193.0
47 165.0
72 124.0
1 157.0
22 190.0
31 148.0
95 177.0
94 173.0
