61 147
51 105
89 146
27 146
95 147
97 140
34 100
29 132
73 100
88 132
6 176
36 177
30 159
17 164
47 148
5 123
46 152
93 168
49 198
12 165
50 175
63 196
50 124
40 192
0 172
31 160
31 141
23 136
15 106
48 170
48 117
1 122
11 166
66 111
78 128
76 108
7 180
64 156
59 137
94 199
71 126
91 171
82 191
33 133
96 145
98 127
67 161
65 157
68 189
74 127
21 113
60 120
83 113
92 120
64 122
12 159
67 196
95 159
31 159
60 124
66 136
31 147
93 132
31 108
31 106
23 126
64 191
63 166
74 105
17 160
74 137
17 146
60 137
73 141
34 136
5 192
23 111
96 192
50 152
92 126
0 199
12 100
96 124
31 166
12 132
63 157
61 117
6 126
95 133
61 199
98 120
0 176
21 137
92 148
97 165
68 176
17 161
5 133
34 126
15 145
21 191
89 145
97 147
12 171
73 122
97 166
64 160
5 105
7 126
40 196
46 113
93 171
59 111
92 171
94 147
5 175
59 176
48 146
17 133
36 100
36 113
65 199
6 122
88 156
0 152
97 117
78 113
11 198
50 108
76 148
59 199
95 192
93 136
78 132
97 137
95 172
49 199
91 146
0 147
29 106
66 100
61 170
15 147
68 147
82 108
11 108
83 189
89 113
63 170
88 145
0 105
78 145
23 189
97 136
98 175
0 132
66 105
27 145
92 172
0 140
71 157
71 189
11 120
68 120
51 128
76 128
46 177
73 176
47 141
97 180
29 156
33 120
23 177
73 105
61 176
21 128
48 165
5 166
47 177
5 106
68 128
46 192
49 113
47 113
78 199
93 170
47 120
5 176
17 120
50 111
60 133
6 156
51 145
68 172
49 152
5 108
78 140
71 180
92 168
48 113
65 164
49 105
94 100
5 180
74 128
95 191
17 140
36 108
15 176
5 120
30 199
66 147
27 152
59 145
47 172
78 176
5 165
59 105
48 152
82 160
74 100
17 122
46 145
48 140
48 199
97 189
31 152
21 146
29 123
0 108
92 132
82 164
82 176
29 117
33 123
50 126
47 159
97 148
66 123
71 128
78 100
23 113
89 140
21 147
94 120
63 123
67 199
5 127
64 166
61 128
21 122
89 100
88 189
15 191
34 170
6 157
67 136
76 111
93 128
68 133
78 160
94 105
30 192
46 164
71 123
0 156
21 189
30 147
94 176
93 172
