11 164
99 114
85 180
75 181
55 183
45 172
89 172
96 142
67 160
82 115
59 178
97 147
54 115
98 178
66 101
57 104
37 133
56 126
21 104
3 198
7 196
17 197
48 154
48 149
3 182
7 167
15 192
60 158
34 128
47 191
78 100
60 193
78 124
15 146
13 123
68 143
94 125
90 108
84 108
86 143
70 125
61 188
44 187
41 179
52 171
16 151
16 169
6 116
53 152
63 161
19 144
38 177
83 135
81 117
80 107
72 148
73 107
64 117
7 161
80 152
11 148
66 180
63 160
34 180
48 143
41 117
59 117
3 125
70 114
78 161
96 193
64 152
99 108
66 149
19 149
86 133
38 107
59 133
64 126
83 100
55 101
98 177
13 126
55 116
98 188
47 101
60 161
53 123
72 100
83 169
3 143
19 183
16 167
57 179
3 179
81 196
84 135
56 197
90 182
16 125
3 171
63 104
89 182
80 125
52 108
17 177
96 171
97 146
94 161
3 144
17 125
99 147
89 107
7 169
53 164
6 180
63 142
81 142
70 179
68 187
81 172
82 193
34 154
96 125
85 192
83 188
66 115
72 133
86 107
19 167
3 151
47 179
96 128
78 115
85 158
52 172
60 123
82 177
3 101
90 116
41 135
89 188
6 187
97 117
98 196
