86 109.0
98 170.0
85 170.0
56 109.0
82 133.0
7 141.0
1 179.0
41 129.0
79 117.0
23 159.0
10 122.0
43 161.0
10 184.0
93 176.0
84 115.0
22 168.0
93 199.0
62 160.0
58 129.0
63 189.0
6 102.0
3 141.0
57 115.0
17 124.0
5 127.0
64 159.0
50 172.0
36 194.0
16 163.0
49 129.0
78 104.0
77 118.0
27 149.0
95 190.0
97 144.0
40 185.0
75 175.0
62 152.0
16 155.0
14 180.0
13 198.0
65 156.0
14 171.0
10 107.0
95 163.0
15 154.0
22 150.0
64 164.0
80 194.0
53 149.0
76 124.0
45 165.0
62 108.0
73 183.0
57 139.0
88 110.0
85 109.0
1 129.0
10 161.0
56 170.0
22 115.0
22 199.0
93 115.0
23 117.0
22 176.0
7 133.0
93 168.0
82 141.0
84 168.0
43 184.0
86 170.0
84 176.0
41 179.0
79 159.0
98 109.0
43 122.0
84 199.0
