85 108
97 169
84 169
55 108
81 132
6 140
0 178
40 128
78 116
22 158
9 121
42 160
9 183
92 175
83 114
21 167
92 198
61 159
57 128
62 188
5 101
2 140
56 114
16 123
4 126
63 158
49 171
35 193
15 162
48 128
77 103
76 117
26 148
94 189
96 143
39 184
74 174
61 151
15 154
13 179
12 197
64 155
13 170
9 106
94 162
14 153
21 149
63 163
79 193
52 148
75 123
44 164
61 107
72 182
56 138
87 109
84 108
0 128
9 160
55 169
21 114
21 198
92 114
22 116
21 175
6 132
92 167
81 140
83 167
42 183
85 169
83 175
40 178
78 158
97 108
42 121
83 198
