30 156
17 137
53 104
46 158
63 148
93 152
49 152
35 148
0 111
10 101
19 140
15 132
1 199
28 182
1 138
26 134
94 188
71 129
26 155
96 189
75 145
68 195
98 189
42 160
20 141
20 192
27 118
45 187
85 190
73 156
56 129
43 106
76 146
41 135
39 106
96 153
1 118
98 193
72 125
38 167
82 174
4 120
0 148
26 141
71 152
93 195
10 158
46 156
19 137
17 158
30 138
19 101
10 148
46 140
26 111
63 138
46 148
63 160
42 148
28 104
28 188
53 156
19 104
20 132
46 182
94 192
30 129
28 189
30 199
53 111
10 195
10 189
28 137
71 182
93 199
20 104
46 132
94 189
96 188
28 152
71 189
42 199
1 111
53 138
1 101
30 148
98 140
20 134
17 140
30 111
53 188
15 134
30 145
15 137
53 155
0 140
42 156
1 132
0 195
35 104
30 182
28 111
96 141
19 158
35 158
63 158
0 199
46 137
10 182
63 140
28 129
17 199
93 132
30 192
42 152
10 137
71 137
15 138
19 152
1 129
28 101
0 182
98 101
94 158
96 192
15 199
0 192
53 141
17 132
17 138
