87 154
23 112
92 148
63 160
59 169
3 168
46 148
40 131
43 120
49 111
1 109
62 131
50 115
2 136
10 124
13 155
2 153
15 123
51 172
24 163
55 146
53 159
51 187
53 116
27 122
7 128
19 105
26 106
56 161
85 191
77 179
14 195
93 194
70 118
65 164
20 142
11 196
8 173
9 104
9 190
8 198
20 181
11 188
37 138
33 141
34 174
58 167
35 157
34 166
90 183
81 147
42 184
73 189
4 175
80 199
88 171
98 197
57 110
41 150
38 125
74 102
67 150
0 110
76 162
83 101
47 149
75 145
97 143
84 101
52 162
99 145
18 193
94 170
17 185
91 165
82 186
64 178
79 114
6 164
68 122
53 119
76 133
1 170
75 141
11 183
49 102
92 105
13 120
13 123
27 170
56 159
2 195
40 178
7 167
24 142
81 118
18 149
37 195
