25 141.0
45 194.0
31 173.0
54 184.0
51 117.0
45 155.0
51 190.0
31 195.0
40 106.0
69 108.0
59 112.0
68 119.0
77 148.0
58 106.0
65 108.0
2 121.0
14 158.0
37 146.0
11 163.0
29 165.0
14 152.0
2 176.0
78 139.0
80 111.0
89 116.0
93 135.0
79 113.0
86 113.0
99 135.0
96 139.0
85 111.0
66 116.0
51 112.0
45 152.0
51 135.0
37 108.0
85 173.0
96 184.0
2 108.0
11 195.0
68 111.0
45 148.0
85 163.0
68 117.0
96 195.0
68 158.0
51 106.0
99 190.0
69 176.0
86 106.0
77 152.0
69 194.0
59 121.0
99 148.0
51 121.0
66 173.0
89 106.0
54 106.0
96 108.0
2 184.0
58 139.0
51 116.0
25 176.0
40 184.0
45 146.0
51 139.0
86 173.0
86 121.0
37 113.0
29 106.0
66 163.0
59 152.0
11 139.0
2 190.0
68 152.0
58 158.0
51 148.0
77 113.0
79 119.0
58 135.0
45 119.0
25 108.0
85 155.0
54 139.0
11 155.0
99 117.0
99 194.0
66 148.0
78 112.0
86 146.0
51 165.0
80 184.0
77 139.0
29 141.0
69 173.0
96 119.0
89 121.0
59 135.0
65 155.0
25 139.0
51 108.0
51 152.0
79 152.0
2 112.0
11 117.0
29 190.0
69 116.0
