3 170.0
22 176.0
49 139.0
47 185.0
49 152.0
22 169.0
47 196.0
3 150.0
93 182.0
59 178.0
92 183.0
63 138.0
88 151.0
43 186.0
72 177.0
55 147.0
10 149.0
99 103.0
98 122.0
57 149.0
27 147.0
94 103.0
90 122.0
100 149.0
81 116.0
80 173.0
35 121.0
68 154.0
89 171.0
48 184.0
17 171.0
79 167.0
51 125.0
86 153.0
83 114.0
78 136.0
82 162.0
77 119.0
31 142.0
33 144.0
24 101.0
20 118.0
41 142.0
7 144.0
26 179.0
66 173.0
44 138.0
29 138.0
30 191.0
13 155.0
19 116.0
36 147.0
14 189.0
23 193.0
32 182.0
84 108.0
54 169.0
39 176.0
52 101.0
50 106.0
32 106.0
48 126.0
51 128.0
33 146.0
33 143.0
92 192.0
42 193.0
14 155.0
12 161.0
47 198.0
86 145.0
9 123.0
82 180.0
59 181.0
63 164.0
86 141.0
43 124.0
51 144.0
92 116.0
77 152.0
88 121.0
24 184.0
79 103.0
100 169.0
3 118.0
72 147.0
41 125.0
98 184.0
72 150.0
43 122.0
47 149.0
20 183.0
90 101.0
43 121.0
24 121.0
63 122.0
31 153.0
35 167.0
68 170.0
77 142.0
43 144.0
81 144.0
92 121.0
57 196.0
93 142.0
77 173.0
57 125.0
27 139.0
43 170.0
59 196.0
