2 169
21 175
48 138
46 184
48 151
21 168
46 195
2 149
92 181
58 177
91 182
62 137
87 150
42 185
71 176
54 146
9 148
98 102
97 121
56 148
26 146
93 102
89 121
99 148
80 115
79 172
34 120
67 153
88 170
47 183
16 170
78 166
50 124
85 152
82 113
77 135
81 161
76 118
30 141
32 143
23 100
19 117
40 141
6 143
25 178
65 172
43 137
28 137
29 190
12 154
18 115
35 146
13 188
22 192
31 181
83 107
53 168
38 175
51 100
49 105
31 105
47 125
50 127
32 145
32 142
91 191
41 192
13 154
11 160
46 197
85 144
8 122
81 179
58 180
62 163
85 140
42 123
50 143
91 115
76 151
87 120
23 183
78 102
99 168
2 117
71 146
40 124
97 183
71 149
42 121
46 148
19 182
89 100
42 120
23 120
62 121
30 152
34 166
67 169
76 141
42 143
80 143
91 120
56 195
92 141
76 172
56 124
26 138
42 169
58 195
