2 121.0
50 109.0
46 110.0
44 132.0
41 121.0
58 173.0
68 117.0
1 104.0
42 160.0
40 147.0
67 188.0
40 193.0
25 157.0
56 194.0
52 171.0
37 178.0
54 166.0
52 187.0
54 179.0
73 155.0
88 178.0
4 171.0
3 134.0
11 177.0
22 133.0
20 185.0
71 104.0
86 122.0
15 184.0
9 155.0
32 127.0
6 155.0
7 144.0
38 165.0
34 188.0
81 106.0
43 166.0
91 162.0
53 140.0
84 187.0
72 112.0
96 149.0
80 154.0
65 142.0
70 160.0
30 116.0
44 144.0
64 150.0
34 126.0
17 151.0
69 152.0
49 116.0
72 108.0
2 120.0
77 106.0
58 129.0
93 159.0
25 133.0
69 191.0
46 145.0
42 182.0
58 101.0
15 175.0
22 200.0
9 185.0
12 177.0
62 165.0
29 192.0
49 183.0
19 161.0
57 149.0
1 147.0
46 132.0
52 157.0
25 178.0
2 132.0
41 109.0
40 173.0
67 147.0
50 110.0
58 160.0
56 157.0
58 147.0
58 117.0
40 104.0
58 188.0
42 147.0
58 104.0
41 132.0
54 178.0
41 110.0
2 109.0
37 187.0
44 121.0
25 187.0
