52 134.0
96 172.0
28 183.0
85 170.0
74 138.0
35 170.0
86 138.0
18 133.0
37 111.0
47 167.0
6 112.0
9 125.0
3 176.0
9 169.0
3 166.0
51 162.0
13 158.0
91 196.0
94 162.0
33 193.0
32 122.0
32 161.0
24 147.0
53 148.0
2 144.0
12 117.0
83 156.0
100 198.0
95 130.0
83 180.0
97 121.0
25 110.0
68 121.0
99 110.0
93 118.0
45 182.0
22 182.0
59 173.0
65 189.0
1 113.0
90 116.0
98 165.0
37 180.0
22 138.0
22 170.0
18 112.0
32 170.0
68 148.0
74 172.0
99 148.0
24 117.0
6 144.0
100 196.0
83 117.0
94 182.0
2 176.0
47 148.0
9 144.0
22 144.0
13 170.0
6 138.0
35 121.0
