26 114.0
51 151.0
11 111.0
3 126.0
21 134.0
32 136.0
12 138.0
9 133.0
9 135.0
35 117.0
34 160.0
38 147.0
33 193.0
36 124.0
38 173.0
33 104.0
90 123.0
48 106.0
77 131.0
98 107.0
85 123.0
100 131.0
53 106.0
76 107.0
83 170.0
18 169.0
65 149.0
95 130.0
80 155.0
62 161.0
19 169.0
55 146.0
30 150.0
69 102.0
61 144.0
13 141.0
49 102.0
32 173.0
51 135.0
83 131.0
13 135.0
13 111.0
35 131.0
13 147.0
61 147.0
49 133.0
61 138.0
51 169.0
38 169.0
61 106.0
12 126.0
69 114.0
51 155.0
34 111.0
83 144.0
13 114.0
36 111.0
13 126.0
30 135.0
33 123.0
51 150.0
48 173.0
