46 121.0
90 113.0
86 113.0
32 121.0
99 196.0
98 189.0
60 152.0
83 196.0
58 122.0
57 167.0
18 165.0
8 182.0
18 173.0
43 146.0
16 176.0
16 137.0
43 112.0
85 124.0
69 126.0
87 126.0
95 124.0
19 192.0
24 147.0
24 101.0
19 194.0
34 104.0
2 118.0
17 163.0
45 127.0
80 135.0
88 161.0
89 135.0
93 162.0
28 117.0
47 117.0
59 162.0
74 103.0
15 130.0
73 130.0
23 132.0
13 111.0
64 150.0
41 149.0
3 171.0
79 160.0
14 197.0
36 175.0
12 114.0
46 185.0
49 195.0
45 139.0
50 107.0
85 162.0
57 152.0
17 104.0
80 192.0
2 167.0
8 192.0
83 126.0
83 173.0
69 167.0
43 135.0
15 104.0
99 163.0
87 176.0
85 192.0
83 103.0
32 118.0
60 163.0
17 167.0
74 122.0
43 167.0
93 103.0
83 165.0
45 196.0
47 127.0
69 161.0
32 152.0
15 196.0
8 121.0
45 194.0
87 103.0
89 118.0
58 137.0
24 173.0
85 121.0
58 165.0
15 127.0
86 162.0
19 152.0
99 130.0
19 161.0
99 176.0
16 126.0
34 122.0
47 194.0
17 124.0
85 194.0
57 130.0
24 135.0
19 126.0
93 182.0
2 130.0
85 167.0
16 113.0
74 167.0
24 112.0
16 194.0
46 146.0
45 103.0
28 101.0
89 122.0
19 104.0
59 194.0
2 103.0
8 137.0
98 117.0
85 103.0
32 162.0
60 124.0
15 124.0
58 130.0
45 152.0
88 176.0
28 103.0
60 173.0
90 162.0
45 130.0
87 194.0
16 161.0
2 112.0
17 162.0
34 182.0
57 112.0
89 121.0
85 163.0
85 101.0
16 173.0
16 127.0
17 173.0
32 126.0
95 127.0
43 104.0
34 152.0
16 135.0
2 122.0
90 130.0
57 118.0
18 113.0
88 122.0
46 117.0
89 104.0
8 135.0
88 126.0
89 130.0
83 122.0
19 137.0
98 124.0
8 163.0
58 189.0
34 127.0
18 163.0
69 112.0
73 113.0
17 101.0
59 121.0
2 173.0
69 135.0
28 167.0
74 121.0
98 122.0
60 104.0
87 173.0
16 118.0
2 113.0
34 124.0
57 196.0
74 104.0
93 135.0
73 137.0
60 113.0
59 127.0
69 189.0
99 182.0
19 167.0
19 103.0
15 161.0
28 163.0
17 118.0
47 101.0
58 121.0
17 189.0
24 121.0
19 118.0
24 117.0
