100 127
100 176
100 187
100 192
101 104
101 126
101 133
101 162
102 106
102 110
102 129
102 132
103 135
103 148
103 166
103 178
104 101
104 133
104 151
104 162
105 109
105 112
105 120
105 160
106 102
106 140
106 153
106 163
107 117
107 135
107 144
107 148
108 118
108 123
108 143
108 146
109 105
109 112
109 122
109 180
110 102
110 129
110 132
110 195
111 162
111 175
111 185
111 199
112 105
112 109
112 120
112 122
113 170
113 186
113 190
113 194
114 172
114 180
114 181
114 183
115 134
115 154
115 160
115 178
116 152
116 160
116 161
116 177
117 107
117 131
117 135
117 148
118 108
118 123
118 125
118 143
119 138
119 153
119 163
119 187
120 105
120 112
120 122
120 164
121 139
121 156
121 157
121 166
122 109
122 112
122 120
122 132
123 108
123 118
123 125
123 143
124 146
124 191
124 192
124 193
125 118
125 123
125 143
125 179
126 101
126 133
126 156
126 162
127 100
127 158
127 174
127 191
128 138
128 176
128 192
128 193
129 102
129 110
129 132
129 167
130 179
130 187
130 188
130 195
131 117
131 155
131 185
131 199
132 102
132 110
132 122
132 129
133 101
133 104
133 126
133 162
133 177
134 115
134 142
134 147
134 178
134 195
135 103
135 107
135 117
135 145
135 148
136 150
136 155
136 185
136 189
136 199
137 139
137 147
137 156
137 157
137 166
138 119
138 128
138 140
138 153
138 163
139 121
139 137
139 156
139 166
139 189
140 106
140 138
140 153
140 163
140 199
141 144
141 149
141 152
141 161
141 177
142 134
142 147
142 160
142 175
142 178
143 108
143 118
143 123
143 125
143 198
144 107
144 141
144 152
144 161
144 177
145 135
145 175
145 185
145 189
145 199
146 108
146 124
146 191
146 192
146 193
147 134
147 137
147 142
147 160
147 178
148 103
148 107
148 117
148 135
148 159
149 141
149 167
149 196
149 197
149 198
150 136
150 184
150 186
150 190
150 194
151 104
151 170
151 179
151 187
151 188
151 195
152 116
152 141
152 144
152 153
152 161
152 177
153 106
153 119
153 138
153 140
153 152
153 163
154 115
154 174
154 182
154 196
154 197
154 198
155 131
155 136
155 175
155 180
155 189
155 199
156 121
156 126
156 137
156 139
156 157
156 166
157 121
157 137
157 156
157 165
157 166
157 181
158 127
158 176
158 188
158 191
158 192
158 193
159 148
159 174
159 182
159 196
159 197
159 198
160 105
160 115
160 116
160 142
160 147
160 178
161 116
161 141
161 144
161 152
161 168
161 177
162 101
162 104
162 111
162 126
162 133
162 188
163 106
163 119
163 138
163 140
163 153
163 189
164 120
164 172
164 173
164 180
164 181
164 183
165 157
165 168
165 170
165 184
165 190
165 194
166 103
166 121
166 137
166 139
166 156
166 157
166 190
167 129
167 149
167 182
167 186
167 196
167 197
167 198
168 161
168 165
168 170
168 184
168 186
168 190
168 194
169 171
169 172
169 179
169 187
169 188
169 195
170 113
170 151
170 165
170 168
170 184
170 186
170 190
171 169
171 177
171 179
171 187
171 188
171 195
172 114
172 164
172 169
172 173
172 180
172 181
172 183
173 164
173 172
173 178
173 180
173 181
173 183
173 198
174 127
174 154
174 159
174 182
174 196
174 197
174 198
175 111
175 142
175 145
175 155
175 185
175 189
175 199
176 100
176 128
176 158
176 191
176 192
176 193
176 197
177 116
177 133
177 141
177 144
177 152
177 161
177 171
178 103
178 115
178 134
178 142
178 147
178 160
178 173
179 125
179 130
179 151
179 169
179 171
179 187
179 188
179 195
180 109
180 114
180 155
180 164
180 172
180 173
180 181
180 183
181 114
181 157
181 164
181 172
181 173
181 180
181 183
181 196
182 154
182 159
182 167
182 174
182 196
182 197
182 198
182 199
183 114
183 164
183 172
183 173
183 180
183 181
183 194
183 197
184 150
184 165
184 168
184 170
184 185
184 186
184 190
184 194
185 111
185 131
185 136
185 145
185 175
185 184
185 189
185 191
185 199
186 113
186 150
186 167
186 168
186 170
186 184
186 190
186 192
186 194
187 100
187 119
187 130
187 151
187 169
187 171
187 179
187 188
187 195
188 130
188 151
188 158
188 162
188 169
188 171
188 179
188 187
188 195
189 136
189 139
189 145
189 155
189 163
189 175
189 185
189 193
189 199
190 113
190 150
190 165
190 166
190 168
190 170
190 184
190 186
190 194
191 124
191 127
191 146
191 158
191 176
191 185
191 192
191 193
191 194
192 100
192 124
192 128
192 146
192 158
192 176
192 186
192 191
192 193
193 124
193 128
193 146
193 158
193 176
193 189
193 191
193 192
193 196
194 113
194 150
194 165
194 168
194 183
194 184
194 186
194 190
194 191
195 110
195 130
195 134
195 151
195 169
195 171
195 179
195 187
195 188
196 149
196 154
196 159
196 167
196 174
196 181
196 182
196 193
196 197
196 198
197 149
197 154
197 159
197 167
197 174
197 176
197 182
197 183
197 196
197 198
198 143
198 149
198 154
198 159
198 167
198 173
198 174
198 182
198 196
198 197
199 111
199 131
199 136
199 140
199 145
199 155
199 175
199 182
199 185
199 189
