23 129
52 185
48 173
15 134
15 179
23 188
52 184
53 194
47 199
62 191
46 133
62 126
53 182
35 158
87 103
12 104
63 143
93 158
18 103
90 143
27 114
61 150
85 158
88 199
17 161
2 121
43 166
0 163
78 145
76 183
99 192
33 130
96 126
67 116
20 199
83 164
32 127
15 154
5 106
27 147
85 137
48 135
31 150
16 100
47 115
54 122
27 176
43 174
46 165
32 109
81 192
48 143
12 188
63 194
63 126
87 194
47 104
15 158
15 143
52 158
47 103
47 134
87 133
35 182
48 199
12 126
46 103
15 199
46 104
12 179
47 188
62 129
90 191
23 103
18 185
23 191
48 103
53 158
63 185
48 104
63 173
93 126
53 129
93 182
12 185
15 182
53 134
48 126
47 129
46 129
90 129
15 104
15 103
63 179
48 194
87 134
18 133
48 158
52 126
46 179
