8 175
21 195
21 168
8 169
31 163
7 134
7 179
31 180
63 110
80 183
16 120
47 120
72 166
15 113
20 173
72 124
95 105
75 165
51 105
49 165
6 148
30 146
64 146
65 196
43 170
29 176
91 119
66 107
54 146
76 104
90 141
33 136
12 158
19 193
69 144
31 137
78 106
51 110
16 168
75 163
47 195
20 148
31 183
75 124
21 110
51 146
80 169
47 148
7 110
21 183
72 165
95 166
16 175
7 148
30 183
16 105
95 180
20 134
95 168
21 165
63 175
15 179
15 163
75 168
75 195
8 163
8 148
7 105
15 183
8 134
6 105
64 165
7 175
64 175
20 146
64 166
6 110
64 169
63 166
6 165
7 195
7 146
72 120
16 146
7 183
8 166
21 148
31 105
49 146
80 148
95 134
21 124
8 120
15 148
16 173
80 179
7 173
80 173
15 105
7 168
30 175
15 110
95 169
63 168
8 165
64 110
63 179
64 168
47 134
31 120
63 146
75 113
49 173
20 183
16 180
