2
1 2 3 4 5 6 7 8 9 10 11 12 13 14 15 16 17 18 19 20 21 22 23 24 25 26 27 28 29 30 31 32 33 34 35 36 37 38 39 40 41 42 43 44 45 46 47 48 49 50 51 52 53 54 55 56 57 58 59 60 61 62 63 64 65 66 67 68 69 70 71 72 73 74 75 76 77 78 79 80 81 82 83 84 85 86 87 88 89 90 91 92 93 94 95 96 97 98 99 100 
320
1 52 3
1 37 3
2 40 4
2 4 4
3 74 4
3 77 4
4 2 4
4 38 4
5 26 3
5 61 2
6 51 2
6 76 3
7 77 1
7 38 2
8 17 1
8 25 1
9 53 5
9 78 4
10 73 3
10 82 4
11 99 2
11 52 4
12 93 5
12 70 5
13 75 6
13 22 9
14 64 3
14 46 5
15 29 5
15 30 6
16 62 5
16 55 4
17 8 1
17 25 6
18 88 2
18 100 7
19 40 1
19 76 3
20 68 2
20 60 6
21 64 5
21 46 5
22 75 6
22 13 9
23 53 2
23 78 6
24 68 2
24 54 2
25 8 1
25 17 6
26 35 4
26 5 3
27 58 3
27 66 3
28 99 2
28 35 2
29 59 1
29 15 5
30 59 2
30 15 6
31 98 3
31 100 4
32 33 4
32 75 3
33 32 4
33 75 3
34 98 2
34 100 1
35 26 4
35 28 2
36 66 4
36 44 1
37 1 3
37 78 1
38 4 4
38 7 2
39 99 3
39 95 1
40 2 4
40 19 1
41 51 4
41 76 2
42 59 4
42 45 4
43 52 2
43 77 4
44 66 4
44 36 1
45 42 4
45 61 4
46 64 1
46 21 5
46 14 5
47 96 1
47 93 2
47 86 2
48 67 2
48 69 3
48 93 3
49 73 3
49 50 3
49 82 2
50 49 3
50 82 1
50 73 1
51 41 4
51 76 3
51 6 2
52 1 3
52 11 4
52 43 2
53 9 5
53 78 3
53 23 2
54 24 2
54 68 3
54 60 2
55 16 4
55 62 4
55 63 3
56 97 3
56 98 2
56 100 4
57 80 1
57 88 3
57 83 3
58 27 3
58 61 4
59 42 4
59 29 1
59 30 2
60 68 2
60 20 6
60 54 2
61 58 4
61 5 2
61 45 4
62 16 5
62 63 1
62 55 4
63 94 3
63 62 1
63 55 3
64 46 1
64 21 5
64 14 3
65 89 4
65 99 2
65 95 3
66 44 4
66 27 3
66 36 4
67 48 2
67 69 5
67 70 4
67 93 3
68 24 2
68 60 2
68 20 2
68 54 3
69 48 3
69 67 5
69 93 2
69 70 4
70 67 4
70 12 5
70 69 4
70 93 1
71 96 3
71 81 4
71 92 1
71 86 2
72 80 2
72 83 3
72 84 1
72 79 3
73 49 3
73 10 3
73 82 1
73 50 1
74 3 4
74 77 2
75 32 3
75 33 3
75 13 6
75 22 6
76 41 2
76 19 3
76 6 3
76 51 3
77 43 4
77 74 2
77 3 4
77 7 1
78 9 4
78 53 3
78 37 1
78 23 6
79 72 3
79 88 3
79 82 2
79 84 2
80 72 2
80 57 1
80 83 3
80 84 1
80 88 3
81 96 1
81 92 3
81 94 3
81 86 1
81 71 4
82 49 2
82 10 4
82 79 2
82 50 1
82 73 1
83 72 3
83 57 3
83 84 3
83 80 3
83 88 2
84 72 1
84 80 1
84 83 3
84 88 2
84 79 2
85 89 3
85 95 3
85 99 1
85 87 1
86 96 2
86 71 2
86 47 2
86 81 1
86 92 1
86 94 2
87 89 4
87 90 1
87 99 2
87 85 1
87 95 1
88 79 3
88 80 3
88 18 2
88 83 2
88 84 2
88 57 3
89 65 4
89 95 2
89 99 2
89 85 3
89 87 4
90 97 1
90 98 2
90 91 4
90 100 2
90 87 1
91 97 1
91 90 4
91 100 4
91 98 3
92 96 1
92 81 3
92 94 2
92 86 1
92 71 1
93 67 3
93 69 2
93 70 1
93 12 5
93 47 2
93 48 3
94 96 3
94 81 3
94 92 2
94 86 2
94 63 3
95 65 3
95 99 3
95 39 1
95 85 3
95 87 1
95 89 2
96 100 1
96 71 3
96 47 1
96 81 1
96 86 2
96 92 1
96 94 3
97 56 3
97 90 1
97 91 1
97 100 1
97 98 3
98 97 3
98 34 2
98 100 1
98 56 2
98 90 2
98 91 3
98 31 3
99 65 2
99 39 3
99 11 2
99 85 1
99 87 2
99 89 2
99 28 2
99 95 3
100 96 1
100 97 1
100 34 1
100 98 1
100 18 7
100 56 4
100 90 2
100 91 4
100 31 4
101 102 103 104 105 106 107 108 109 110 111 112 113 114 115 116 117 118 119 120 121 122 123 124 125 126 127 128 129 130 131 132 133 134 135 136 137 138 139 140 141 142 143 144 145 146 147 148 149 150 151 152 153 154 155 156 157 158 159 160 161 162 163 164 165 166 167 168 169 170 171 172 173 174 175 176 177 178 179 180 181 182 183 184 185 186 187 188 189 190 191 192 193 194 195 196 197 198 199 200 
320
101 152 5
101 137 16
102 104 9
102 140 14
103 177 8
103 174 16
104 138 12
104 102 9
105 161 8
105 126 8
106 176 7
106 151 9
107 177 15
107 138 9
108 117 14
108 125 20
109 153 5
109 178 9
110 173 16
110 182 13
111 152 12
111 199 2
112 193 7
112 170 13
113 122 12
113 175 12
114 146 11
114 164 11
115 129 12
115 130 11
116 162 7
116 155 9
117 108 14
117 125 18
118 200 2
118 188 2
119 176 7
119 140 7
120 160 17
120 168 9
121 146 9
121 164 15
122 113 12
122 175 13
123 153 15
123 178 5
124 168 11
124 154 10
125 108 20
125 117 18
126 105 8
126 135 12
127 166 17
127 158 3
128 199 12
128 135 6
129 115 12
129 159 13
130 115 11
130 159 10
131 200 6
131 198 7
132 133 16
132 175 15
133 132 16
133 175 6
134 200 4
134 198 6
135 128 6
135 126 12
136 144 26
136 166 15
137 178 6
137 101 16
138 104 12
138 107 9
139 195 9
139 199 7
140 102 14
140 119 7
141 176 11
141 151 8
142 145 4
142 159 7
143 152 8
143 177 8
144 136 26
144 166 13
145 161 16
145 142 4
146 121 9
146 114 11
146 164 8
147 193 4
147 186 7
147 196 8
148 169 5
148 193 5
148 167 9
149 173 9
149 150 13
149 182 10
150 149 13
150 182 9
150 173 12
151 176 10
151 106 9
151 141 8
152 143 8
152 101 5
152 111 12
153 178 14
153 123 15
153 109 5
154 160 6
154 168 13
154 124 10
155 162 12
155 163 6
155 116 9
156 200 5
156 197 6
156 198 6
157 188 10
157 180 14
157 183 4
158 161 19
158 127 3
159 129 13
159 130 10
159 142 7
160 120 17
160 168 10
160 154 6
161 105 8
161 158 19
161 145 16
162 155 12
162 116 7
162 163 6
163 162 6
163 155 6
163 194 6
164 121 15
164 114 11
164 146 8
165 195 8
165 189 5
165 199 6
166 136 15
166 144 13
166 127 17
167 169 12
167 170 4
167 148 9
167 193 5
168 120 9
168 160 10
168 154 13
168 124 11
169 193 5
169 170 6
169 148 5
169 167 12
170 112 13
170 169 6
170 193 9
170 167 4
171 192 4
171 186 3
171 196 4
171 181 7
172 184 7
172 179 4
172 180 7
172 183 5
173 182 13
173 149 9
173 110 16
173 150 12
174 177 9
174 103 16
175 113 12
175 122 13
175 132 15
175 133 6
176 106 7
176 151 10
176 141 11
176 119 7
177 107 15
177 143 8
177 174 9
177 103 8
178 137 6
178 123 5
178 109 9
178 153 14
179 184 7
179 188 8
179 172 4
179 182 4
180 184 8
180 188 6
180 172 7
180 157 14
180 183 7
181 192 9
181 186 10
181 171 7
181 196 7
181 194 8
182 179 4
182 150 9
182 149 10
182 110 13
182 173 13
183 184 7
183 188 5
183 172 5
183 180 7
183 157 4
184 188 5
184 180 8
184 179 7
184 172 7
184 183 7
185 187 4
185 189 6
185 195 7
185 199 8
186 192 3
186 194 3
186 196 4
186 171 3
186 147 7
186 181 10
187 185 4
187 195 7
187 189 6
187 190 4
187 199 2
188 179 8
188 180 6
188 118 2
188 183 5
188 184 5
188 157 10
189 185 6
189 187 6
189 165 5
189 195 7
189 199 8
190 200 2
190 187 4
190 197 6
190 198 7
190 191 12
191 200 7
191 197 3
191 198 7
191 190 12
192 194 7
192 171 4
192 196 4
192 186 3
192 181 9
193 167 5
193 169 5
193 170 9
193 112 7
193 147 4
193 148 5
194 192 7
194 186 3
194 163 6
194 196 6
194 181 8
195 165 8
195 199 4
195 139 9
195 185 7
195 187 7
195 189 7
196 192 4
196 194 6
196 200 2
196 171 4
196 147 8
196 181 7
196 186 4
197 200 2
197 156 6
197 198 4
197 190 6
197 191 3
198 131 7
198 197 4
198 134 6
198 200 5
198 156 6
198 190 7
198 191 7
199 128 12
199 195 4
199 165 6
199 139 7
199 111 2
199 185 8
199 187 2
199 189 8
200 131 6
200 196 2
200 197 2
200 198 5
200 118 2
200 134 4
200 156 5
200 190 2
200 191 7
1
1 2
172
2 114 4
3 192 3
3 187 1
3 126 1
4 192 2
4 146 3
4 194 2
4 126 4
7 196 1
8 178 3
8 138 5
9 188 7
9 117 4
11 126 4
12 129 3
13 134 2
15 155 4
15 140 3
17 153 2
17 123 2
18 154 3
20 116 2
21 184 1
21 101 5
22 200 2
22 118 4
23 108 3
24 116 6
27 128 5
27 195 3
30 138 9
32 131 5
34 168 6
37 192 3
37 105 5
37 196 2
38 140 2
38 164 2
38 126 2
42 102 5
43 194 4
43 147 1
44 192 1
44 114 3
44 139 3
44 187 2
45 184 4
45 180 1
45 134 2
46 152 7
48 123 1
48 115 3
52 105 3
54 162 5
59 102 4
60 155 8
61 172 3
61 140 3
61 188 1
61 157 4
64 137 2
64 180 3
66 185 5
66 123 3
66 189 6
67 142 4
71 196 2
71 143 3
74 186 5
75 128 2
75 190 2
75 191 4
78 108 6
81 177 9
90 154 5
91 120 3
91 116 5
92 160 3
92 174 8
93 152 3
93 130 4
94 103 3
96 103 5
97 120 2
100 160 2
100 164 3
101 21 5
102 42 5
102 59 4
103 96 5
103 94 3
105 52 3
105 37 5
108 78 6
108 23 3
114 2 4
114 44 3
115 48 3
116 24 6
116 91 5
116 20 2
117 9 4
118 22 4
120 97 2
120 91 3
123 48 1
123 17 2
123 66 3
126 3 1
126 11 4
126 4 4
126 38 2
128 75 2
128 27 5
129 12 3
130 93 4
131 32 5
134 13 2
134 45 2
137 64 2
138 8 5
138 30 9
139 44 3
140 61 3
140 38 2
140 15 3
142 67 4
143 71 3
146 4 3
147 43 1
152 93 3
152 46 7
153 17 2
154 90 5
154 18 3
155 60 8
155 15 4
157 61 4
160 92 3
160 100 2
162 54 5
164 100 3
164 38 2
168 34 6
172 61 3
174 92 8
177 81 9
178 8 3
180 64 3
180 45 1
184 45 4
184 21 1
185 66 5
186 74 5
187 3 1
187 44 2
188 9 7
188 61 1
189 66 6
190 75 2
191 75 4
192 4 2
192 3 3
192 44 1
192 37 3
194 43 4
194 4 2
195 27 3
196 71 2
196 37 2
196 7 1
200 22 2
26
160 97 34 100 168 98 120 18 56 90 91 124 154 31  
102 104 42 140 15 138 59 29 30  
1 37 135 105 11 52 126  
9 108 78 117 23 125 53  
128 66 187 36 165 199 139 44 195 185 27 189  
96 107 71 177 103 174 47 81 86 143 92 94  
64 101 137 14 46 111 21 152  
162 163 68 20 54 24 116 155 60  
129 130 67 69 70 12 142 48 115 93 159  
172 45 61 179 180 183 184 58 188 157  
32 33 197 131 22 134 200 75 13 118 198 156 190 191  
192 194 3 196 7 74 43 77 147 171 186 181  
8 109 17 178 25 153 123  
2 164 4 38 40 146 114 121  
72 79 80 83 84 88 57  
16 63 62 55  
49 10 82 50 73  
65 99 39 85 87 89 28 95  
41 19 76 6 51  
26 35 5  
136 144 166 127  
173 182 149 110 150  
193 167 169 170 112 148  
145 158 161  
113 122 132 133 175  
176 106 151 141 119  
