2
1 2 3 4 5 6 7 8 9 10 11 12 13 14 15 16 17 18 19 20 21 22 23 24 25 26 27 28 29 30 31 32 33 34 35 36 37 38 39 40 41 42 43 44 45 46 47 48 49 50 51 52 53 54 55 56 57 58 59 60 61 62 63 64 65 66 67 68 69 70 71 72 73 74 75 76 77 78 79 80 81 82 83 84 85 86 87 88 89 90 91 92 93 94 95 96 97 98 99 100 
320
1 52 17
1 37 12
2 40 14
2 4 18
3 74 13
3 77 8
4 2 18
4 38 23
5 26 17
5 61 8
6 51 13
6 76 12
7 77 19
7 38 9
8 17 16
8 25 7
9 53 15
9 78 11
10 73 10
10 82 15
11 99 5
11 52 10
12 93 2
12 70 10
13 75 12
13 22 14
14 64 12
14 46 13
15 29 16
15 30 19
16 62 15
16 55 14
17 8 16
17 25 16
18 88 4
18 100 8
19 40 5
19 76 17
20 68 12
20 60 13
21 64 11
21 46 14
22 75 11
22 13 14
23 53 11
23 78 12
24 68 11
24 54 14
25 8 7
25 17 16
26 35 18
26 5 17
27 58 6
27 66 12
28 99 15
28 35 8
29 59 14
29 15 16
30 59 14
30 15 19
31 98 11
31 100 5
32 33 14
32 75 7
33 32 14
33 75 13
34 98 10
34 100 7
35 26 18
35 28 8
36 66 24
36 44 14
37 1 12
37 78 6
38 4 23
38 7 9
39 99 14
39 95 9
40 2 14
40 19 5
41 51 11
41 76 9
42 59 10
42 45 7
43 52 9
43 77 11
44 66 12
44 36 14
45 42 7
45 61 18
46 64 9
46 21 14
46 14 13
47 96 8
47 93 3
47 86 6
48 67 12
48 69 9
48 93 11
49 73 9
49 50 10
49 82 5
50 49 10
50 82 11
50 73 7
51 41 11
51 76 9
51 6 13
52 1 17
52 11 10
52 43 9
53 9 15
53 78 8
53 23 11
54 24 14
54 68 12
54 60 10
55 16 14
55 62 7
55 63 9
56 97 6
56 98 7
56 100 8
57 80 10
57 88 5
57 83 9
58 27 6
58 61 10
59 42 10
59 29 14
59 30 14
60 68 5
60 20 13
60 54 10
61 58 10
61 5 8
61 45 18
62 16 15
62 63 10
62 55 7
63 94 3
63 62 10
63 55 9
64 46 9
64 21 11
64 14 12
65 89 12
65 99 7
65 95 10
66 44 12
66 27 12
66 36 24
67 48 12
67 69 7
67 70 8
67 93 7
68 24 11
68 60 5
68 20 12
68 54 12
69 48 9
69 67 7
69 93 6
69 70 10
70 67 8
70 12 10
70 69 10
70 93 10
71 96 8
71 81 11
71 92 5
71 86 7
72 80 10
72 83 6
72 84 5
72 79 2
73 49 9
73 10 10
73 82 5
73 50 7
74 3 13
74 77 11
75 32 7
75 33 13
75 13 12
75 22 11
76 41 9
76 19 17
76 6 12
76 51 9
77 43 11
77 74 11
77 3 8
77 7 19
78 9 11
78 53 8
78 37 6
78 23 12
79 72 2
79 88 9
79 82 3
79 84 4
80 72 10
80 57 10
80 83 15
80 84 4
80 88 5
81 96 11
81 92 10
81 94 12
81 86 6
81 71 11
82 49 5
82 10 15
82 79 3
82 50 11
82 73 5
83 72 6
83 57 9
83 84 8
83 80 15
83 88 5
84 72 5
84 80 4
84 83 8
84 88 1
84 79 4
85 89 10
85 95 4
85 99 4
85 87 7
86 96 10
86 71 7
86 47 6
86 81 6
86 92 4
86 94 2
87 89 4
87 90 3
87 99 6
87 85 7
87 95 9
88 79 9
88 80 5
88 18 4
88 83 5
88 84 1
88 57 5
89 65 12
89 95 7
89 99 6
89 85 10
89 87 4
90 97 5
90 98 7
90 91 6
90 100 4
90 87 3
91 97 9
91 90 6
91 100 10
91 98 7
92 96 9
92 81 10
92 94 6
92 86 4
92 71 5
93 67 7
93 69 6
93 70 10
93 12 2
93 47 3
93 48 11
94 96 6
94 81 12
94 92 6
94 86 2
94 63 3
95 65 10
95 99 1
95 39 9
95 85 4
95 87 9
95 89 7
96 100 3
96 71 8
96 47 8
96 81 11
96 86 10
96 92 9
96 94 6
97 56 6
97 90 5
97 91 9
97 100 4
97 98 5
98 97 5
98 34 10
98 100 8
98 56 7
98 90 7
98 91 7
98 31 11
99 65 7
99 39 14
99 11 5
99 85 4
99 87 6
99 89 6
99 28 15
99 95 1
100 96 3
100 97 4
100 34 7
100 98 8
100 18 8
100 56 8
100 90 4
100 91 10
100 31 5
101 102 103 104 105 106 107 108 109 110 111 112 113 114 115 116 117 118 119 120 121 122 123 124 125 126 127 128 129 130 131 132 133 134 135 136 137 138 139 140 141 142 143 144 145 146 147 148 149 150 151 152 153 154 155 156 157 158 159 160 161 162 163 164 165 166 167 168 169 170 171 172 173 174 175 176 177 178 179 180 181 182 183 184 185 186 187 188 189 190 191 192 193 194 195 196 197 198 199 200 
320
101 152 10
101 137 12
102 104 15
102 140 13
103 177 13
103 174 15
104 138 18
104 102 15
105 161 10
105 126 16
106 176 10
106 151 16
107 177 10
107 138 10
108 117 14
108 125 16
109 153 15
109 178 11
110 173 18
110 182 10
111 152 17
111 199 3
112 193 12
112 170 10
113 122 16
113 175 14
114 146 14
114 164 15
115 129 14
115 130 17
116 162 11
116 155 15
117 108 14
117 125 11
118 200 14
118 188 5
119 176 12
119 140 6
120 160 13
120 168 8
121 146 15
121 164 18
122 113 16
122 175 16
123 153 14
123 178 9
124 168 10
124 154 10
125 108 16
125 117 11
126 105 16
126 135 18
127 166 12
127 158 6
128 199 9
128 135 8
129 115 14
129 159 9
130 115 17
130 159 11
131 200 8
131 198 11
132 133 18
132 175 10
133 132 18
133 175 14
134 200 13
134 198 8
135 128 8
135 126 18
136 144 23
136 166 10
137 178 5
137 101 12
138 104 18
138 107 10
139 195 17
139 199 8
140 102 13
140 119 6
141 176 4
141 151 9
142 145 6
142 159 19
143 152 4
143 177 10
144 136 23
144 166 12
145 161 17
145 142 6
146 121 15
146 114 14
146 164 9
147 193 8
147 186 12
147 196 2
148 169 13
148 193 11
148 167 9
149 173 12
149 150 18
149 182 8
150 149 18
150 182 13
150 173 11
151 176 9
151 106 16
151 141 9
152 143 4
152 101 10
152 111 17
153 178 12
153 123 14
153 109 15
154 160 5
154 168 10
154 124 10
155 162 12
155 163 12
155 116 15
156 200 8
156 197 13
156 198 10
157 188 7
157 180 8
157 183 9
158 161 13
158 127 6
159 129 9
159 130 11
159 142 19
160 120 13
160 168 6
160 154 5
161 105 10
161 158 13
161 145 17
162 155 12
162 116 11
162 163 6
163 162 6
163 155 12
163 194 3
164 121 18
164 114 15
164 146 9
165 195 6
165 189 4
165 199 6
166 136 10
166 144 12
166 127 12
167 169 8
167 170 7
167 148 9
167 193 5
168 120 8
168 160 6
168 154 10
168 124 10
169 193 8
169 170 6
169 148 13
169 167 8
170 112 10
170 169 6
170 193 12
170 167 7
171 192 5
171 186 8
171 196 9
171 181 8
172 184 7
172 179 5
172 180 7
172 183 8
173 182 7
173 149 12
173 110 18
173 150 11
174 177 19
174 103 15
175 113 14
175 122 16
175 132 10
175 133 14
176 106 10
176 151 9
176 141 4
176 119 12
177 107 10
177 143 10
177 174 19
177 103 13
178 137 5
178 123 9
178 109 11
178 153 12
179 184 5
179 188 6
179 172 5
179 182 2
180 184 8
180 188 4
180 172 7
180 157 8
180 183 6
181 192 3
181 186 6
181 171 8
181 196 3
181 194 3
182 179 2
182 150 13
182 149 8
182 110 10
182 173 7
183 184 4
183 188 8
183 172 8
183 180 6
183 157 9
184 188 6
184 180 8
184 179 5
184 172 7
184 183 4
185 187 12
185 189 6
185 195 6
185 199 4
186 192 5
186 194 1
186 196 7
186 171 8
186 147 12
186 181 6
187 185 12
187 195 3
187 189 8
187 190 3
187 199 7
188 179 6
188 180 4
188 118 5
188 183 8
188 184 6
188 157 7
189 185 6
189 187 8
189 165 4
189 195 7
189 199 8
190 200 7
190 187 3
190 197 4
190 198 3
190 191 8
191 200 6
191 197 8
191 198 5
191 190 8
192 194 5
192 171 5
192 196 4
192 186 5
192 181 3
193 167 5
193 169 8
193 170 12
193 112 12
193 147 8
193 148 11
194 192 5
194 186 1
194 163 3
194 196 5
194 181 3
195 165 6
195 199 7
195 139 17
195 185 6
195 187 3
195 189 7
196 192 4
196 194 5
196 200 3
196 171 9
196 147 2
196 181 3
196 186 7
197 200 5
197 156 13
197 198 3
197 190 4
197 191 8
198 131 11
198 197 3
198 134 8
198 200 2
198 156 10
198 190 3
198 191 5
199 128 9
199 195 7
199 165 6
199 139 8
199 111 3
199 185 4
199 187 7
199 189 8
200 131 8
200 196 3
200 197 5
200 198 2
200 118 14
200 134 13
200 156 8
200 190 7
200 191 6
1
1 2
172
2 114 4
3 192 3
3 187 1
3 126 1
4 192 2
4 146 3
4 194 2
4 126 4
7 196 1
8 178 3
8 138 5
9 188 7
9 117 4
11 126 4
12 129 3
13 134 2
15 155 4
15 140 3
17 153 2
17 123 2
18 154 3
20 116 2
21 184 1
21 101 5
22 200 2
22 118 4
23 108 3
24 116 6
27 128 5
27 195 3
30 138 9
32 131 5
34 168 6
37 192 3
37 105 5
37 196 2
38 140 2
38 164 2
38 126 2
42 102 5
43 194 4
43 147 1
44 192 1
44 114 3
44 139 3
44 187 2
45 184 4
45 180 1
45 134 2
46 152 7
48 123 1
48 115 3
52 105 3
54 162 5
59 102 4
60 155 8
61 172 3
61 140 3
61 188 1
61 157 4
64 137 2
64 180 3
66 185 5
66 123 3
66 189 6
67 142 4
71 196 2
71 143 3
74 186 5
75 128 2
75 190 2
75 191 4
78 108 6
81 177 9
90 154 5
91 120 3
91 116 5
92 160 3
92 174 8
93 152 3
93 130 4
94 103 3
96 103 5
97 120 2
100 160 2
100 164 3
101 21 5
102 42 5
102 59 4
103 96 5
103 94 3
105 52 3
105 37 5
108 78 6
108 23 3
114 2 4
114 44 3
115 48 3
116 24 6
116 91 5
116 20 2
117 9 4
118 22 4
120 97 2
120 91 3
123 48 1
123 17 2
123 66 3
126 3 1
126 11 4
126 4 4
126 38 2
128 75 2
128 27 5
129 12 3
130 93 4
131 32 5
134 13 2
134 45 2
137 64 2
138 8 5
138 30 9
139 44 3
140 61 3
140 38 2
140 15 3
142 67 4
143 71 3
146 4 3
147 43 1
152 93 3
152 46 7
153 17 2
154 90 5
154 18 3
155 60 8
155 15 4
157 61 4
160 92 3
160 100 2
162 54 5
164 100 3
164 38 2
168 34 6
172 61 3
174 92 8
177 81 9
178 8 3
180 64 3
180 45 1
184 45 4
184 21 1
185 66 5
186 74 5
187 3 1
187 44 2
188 9 7
188 61 1
189 66 6
190 75 2
191 75 4
192 4 2
192 3 3
192 44 1
192 37 3
194 43 4
194 4 2
195 27 3
196 71 2
196 37 2
196 7 1
200 22 2
26
160 97 34 100 168 98 120 18 56 90 91 124 154 31  
102 104 42 140 15 138 59 29 30  
1 37 135 105 11 52 126  
9 108 78 117 23 125 53  
128 66 187 36 165 199 139 44 195 185 27 189  
96 107 71 177 103 174 47 81 86 143 92 94  
64 101 137 14 46 111 21 152  
162 163 68 20 54 24 116 155 60  
129 130 67 69 70 12 142 48 115 93 159  
172 45 61 179 180 183 184 58 188 157  
32 33 197 131 22 134 200 75 13 118 198 156 190 191  
192 194 3 196 7 74 43 77 147 171 186 181  
8 109 17 178 25 153 123  
2 164 4 38 40 146 114 121  
72 79 80 83 84 88 57  
16 63 62 55  
49 10 82 50 73  
65 99 39 85 87 89 28 95  
41 19 76 6 51  
26 35 5  
136 144 166 127  
173 182 149 110 150  
193 167 169 170 112 148  
145 158 161  
113 122 132 133 175  
176 106 151 141 119  
