2
1 2 3 4 5 6 7 8 9 10 11 12 13 14 15 16 17 18 19 20 21 22 23 24 25 26 27 28 29 30 31 32 33 34 35 36 37 38 39 40 41 42 43 44 45 46 47 48 49 50 51 52 53 54 55 56 57 58 59 60 61 62 63 64 65 66 67 68 69 70 71 72 73 74 75 76 77 78 79 80 81 82 83 84 85 86 87 88 89 90 91 92 93 94 95 96 97 98 99 100 
320
1 52 1
1 37 1
2 40 1
2 4 1
3 74 1
3 77 1
4 2 1
4 38 1
5 26 1
5 61 1
6 51 1
6 76 1
7 77 1
7 38 1
8 17 1
8 25 1
9 53 1
9 78 1
10 73 1
10 82 1
11 99 1
11 52 1
12 93 1
12 70 1
13 75 1
13 22 1
14 64 1
14 46 1
15 29 1
15 30 1
16 62 1
16 55 1
17 8 1
17 25 1
18 88 1
18 100 1
19 40 1
19 76 1
20 68 1
20 60 1
21 64 1
21 46 1
22 75 1
22 13 1
23 53 1
23 78 1
24 68 1
24 54 1
25 8 1
25 17 1
26 35 1
26 5 1
27 58 1
27 66 1
28 99 1
28 35 1
29 59 1
29 15 1
30 59 1
30 15 1
31 98 1
31 100 1
32 33 1
32 75 1
33 32 1
33 75 1
34 98 1
34 100 1
35 26 1
35 28 1
36 66 1
36 44 1
37 1 1
37 78 1
38 4 1
38 7 1
39 99 1
39 95 1
40 2 1
40 19 1
41 51 1
41 76 1
42 59 1
42 45 1
43 52 1
43 77 1
44 66 1
44 36 1
45 42 1
45 61 1
46 64 1
46 21 1
46 14 1
47 96 1
47 93 1
47 86 1
48 67 1
48 69 1
48 93 1
49 73 1
49 50 1
49 82 1
50 49 1
50 82 1
50 73 1
51 41 1
51 76 1
51 6 1
52 1 1
52 11 1
52 43 1
53 9 1
53 78 1
53 23 1
54 24 1
54 68 1
54 60 1
55 16 1
55 62 1
55 63 1
56 97 1
56 98 1
56 100 1
57 80 1
57 88 1
57 83 1
58 27 1
58 61 1
59 42 1
59 29 1
59 30 1
60 68 1
60 20 1
60 54 1
61 58 1
61 5 1
61 45 1
62 16 1
62 63 1
62 55 1
63 94 1
63 62 1
63 55 1
64 46 1
64 21 1
64 14 1
65 89 1
65 99 1
65 95 1
66 44 1
66 27 1
66 36 1
67 48 1
67 69 1
67 70 1
67 93 1
68 24 1
68 60 1
68 20 1
68 54 1
69 48 1
69 67 1
69 93 1
69 70 1
70 67 1
70 12 1
70 69 1
70 93 1
71 96 1
71 81 1
71 92 1
71 86 1
72 80 1
72 83 1
72 84 1
72 79 1
73 49 1
73 10 1
73 82 1
73 50 1
74 3 1
74 77 1
75 32 1
75 33 1
75 13 1
75 22 1
76 41 1
76 19 1
76 6 1
76 51 1
77 43 1
77 74 1
77 3 1
77 7 1
78 9 1
78 53 1
78 37 1
78 23 1
79 72 1
79 88 1
79 82 1
79 84 1
80 72 1
80 57 1
80 83 1
80 84 1
80 88 1
81 96 1
81 92 1
81 94 1
81 86 1
81 71 1
82 49 1
82 10 1
82 79 1
82 50 1
82 73 1
83 72 1
83 57 1
83 84 1
83 80 1
83 88 1
84 72 1
84 80 1
84 83 1
84 88 1
84 79 1
85 89 1
85 95 1
85 99 1
85 87 1
86 96 1
86 71 1
86 47 1
86 81 1
86 92 1
86 94 1
87 89 1
87 90 1
87 99 1
87 85 1
87 95 1
88 79 1
88 80 1
88 18 1
88 83 1
88 84 1
88 57 1
89 65 1
89 95 1
89 99 1
89 85 1
89 87 1
90 97 1
90 98 1
90 91 1
90 100 1
90 87 1
91 97 1
91 90 1
91 100 1
91 98 1
92 96 1
92 81 1
92 94 1
92 86 1
92 71 1
93 67 1
93 69 1
93 70 1
93 12 1
93 47 1
93 48 1
94 96 1
94 81 1
94 92 1
94 86 1
94 63 1
95 65 1
95 99 1
95 39 1
95 85 1
95 87 1
95 89 1
96 100 1
96 71 1
96 47 1
96 81 1
96 86 1
96 92 1
96 94 1
97 56 1
97 90 1
97 91 1
97 100 1
97 98 1
98 97 1
98 34 1
98 100 1
98 56 1
98 90 1
98 91 1
98 31 1
99 65 1
99 39 1
99 11 1
99 85 1
99 87 1
99 89 1
99 28 1
99 95 1
100 96 1
100 97 1
100 34 1
100 98 1
100 18 1
100 56 1
100 90 1
100 91 1
100 31 1
101 102 103 104 105 106 107 108 109 110 111 112 113 114 115 116 117 118 119 120 121 122 123 124 125 126 127 128 129 130 131 132 133 134 135 136 137 138 139 140 141 142 143 144 145 146 147 148 149 150 151 152 153 154 155 156 157 158 159 160 161 162 163 164 165 166 167 168 169 170 171 172 173 174 175 176 177 178 179 180 181 182 183 184 185 186 187 188 189 190 191 192 193 194 195 196 197 198 199 200 
320
101 152 12
101 137 13
102 104 10
102 140 14
103 177 7
103 174 14
104 138 15
104 102 10
105 161 9
105 126 20
106 176 12
106 151 16
107 177 14
107 138 7
108 117 15
108 125 11
109 153 17
109 178 11
110 173 10
110 182 7
111 152 11
111 199 2
112 193 14
112 170 14
113 122 20
113 175 8
114 146 15
114 164 11
115 129 19
115 130 14
116 162 10
116 155 6
117 108 15
117 125 11
118 200 9
118 188 6
119 176 13
119 140 8
120 160 15
120 168 12
121 146 15
121 164 13
122 113 20
122 175 15
123 153 8
123 178 13
124 168 11
124 154 11
125 108 11
125 117 11
126 105 20
126 135 13
127 166 9
127 158 7
128 199 7
128 135 3
129 115 19
129 159 9
130 115 14
130 159 18
131 200 18
131 198 7
132 133 7
132 175 12
133 132 7
133 175 14
134 200 12
134 198 17
135 128 3
135 126 13
136 144 18
136 166 20
137 178 5
137 101 13
138 104 15
138 107 7
139 195 10
139 199 15
140 102 14
140 119 8
141 176 8
141 151 14
142 145 9
142 159 8
143 152 7
143 177 9
144 136 18
144 166 12
145 161 10
145 142 9
146 121 15
146 114 15
146 164 12
147 193 4
147 186 6
147 196 4
148 169 7
148 193 12
148 167 8
149 173 4
149 150 6
149 182 10
150 149 6
150 182 6
150 173 6
151 176 11
151 106 16
151 141 14
152 143 7
152 101 12
152 111 11
153 178 6
153 123 8
153 109 17
154 160 14
154 168 7
154 124 11
155 162 13
155 163 7
155 116 6
156 200 6
156 197 12
156 198 9
157 188 8
157 180 8
157 183 7
158 161 16
158 127 7
159 129 9
159 130 18
159 142 8
160 120 15
160 168 6
160 154 14
161 105 9
161 158 16
161 145 10
162 155 13
162 116 10
162 163 10
163 162 10
163 155 7
163 194 8
164 121 13
164 114 11
164 146 12
165 195 4
165 189 10
165 199 7
166 136 20
166 144 12
166 127 9
167 169 12
167 170 8
167 148 8
167 193 9
168 120 12
168 160 6
168 154 7
168 124 11
169 193 6
169 170 10
169 148 7
169 167 12
170 112 14
170 169 10
170 193 8
170 167 8
171 192 14
171 186 8
171 196 10
171 181 6
172 184 6
172 179 8
172 180 8
172 183 9
173 182 5
173 149 4
173 110 10
173 150 6
174 177 10
174 103 14
175 113 8
175 122 15
175 132 12
175 133 14
176 106 12
176 151 11
176 141 8
176 119 13
177 107 14
177 143 9
177 174 10
177 103 7
178 137 5
178 123 13
178 109 11
178 153 6
179 184 9
179 188 2
179 172 8
179 182 4
180 184 11
180 188 5
180 172 8
180 157 8
180 183 8
181 192 7
181 186 10
181 171 6
181 196 7
181 194 5
182 179 4
182 150 6
182 149 10
182 110 7
182 173 5
183 184 8
183 188 4
183 172 9
183 180 8
183 157 7
184 188 8
184 180 11
184 179 9
184 172 6
184 183 8
185 187 2
185 189 11
185 195 14
185 199 8
186 192 7
186 194 6
186 196 5
186 171 8
186 147 6
186 181 10
187 185 2
187 195 8
187 189 9
187 190 2
187 199 8
188 179 2
188 180 5
188 118 6
188 183 4
188 184 8
188 157 8
189 185 11
189 187 9
189 165 10
189 195 10
189 199 6
190 200 8
190 187 2
190 197 7
190 198 5
190 191 7
191 200 5
191 197 7
191 198 9
191 190 7
192 194 9
192 171 14
192 196 4
192 186 7
192 181 7
193 167 9
193 169 6
193 170 8
193 112 14
193 147 4
193 148 12
194 192 9
194 186 6
194 163 8
194 196 6
194 181 5
195 165 4
195 199 4
195 139 10
195 185 14
195 187 8
195 189 10
196 192 4
196 194 6
196 200 1
196 171 10
196 147 4
196 181 7
196 186 5
197 200 3
197 156 12
197 198 10
197 190 7
197 191 7
198 131 7
198 197 10
198 134 17
198 200 4
198 156 9
198 190 5
198 191 9
199 128 7
199 195 4
199 165 7
199 139 15
199 111 2
199 185 8
199 187 8
199 189 6
200 131 18
200 196 1
200 197 3
200 198 4
200 118 9
200 134 12
200 156 6
200 190 8
200 191 5
1
1 2
172
2 114 4
3 192 3
3 187 1
3 126 1
4 192 2
4 146 3
4 194 2
4 126 4
7 196 1
8 178 3
8 138 5
9 188 7
9 117 4
11 126 4
12 129 3
13 134 2
15 155 4
15 140 3
17 153 2
17 123 2
18 154 3
20 116 2
21 184 1
21 101 5
22 200 2
22 118 4
23 108 3
24 116 6
27 128 5
27 195 3
30 138 9
32 131 5
34 168 6
37 192 3
37 105 5
37 196 2
38 140 2
38 164 2
38 126 2
42 102 5
43 194 4
43 147 1
44 192 1
44 114 3
44 139 3
44 187 2
45 184 4
45 180 1
45 134 2
46 152 7
48 123 1
48 115 3
52 105 3
54 162 5
59 102 4
60 155 8
61 172 3
61 140 3
61 188 1
61 157 4
64 137 2
64 180 3
66 185 5
66 123 3
66 189 6
67 142 4
71 196 2
71 143 3
74 186 5
75 128 2
75 190 2
75 191 4
78 108 6
81 177 9
90 154 5
91 120 3
91 116 5
92 160 3
92 174 8
93 152 3
93 130 4
94 103 3
96 103 5
97 120 2
100 160 2
100 164 3
101 21 5
102 42 5
102 59 4
103 96 5
103 94 3
105 52 3
105 37 5
108 78 6
108 23 3
114 2 4
114 44 3
115 48 3
116 24 6
116 91 5
116 20 2
117 9 4
118 22 4
120 97 2
120 91 3
123 48 1
123 17 2
123 66 3
126 3 1
126 11 4
126 4 4
126 38 2
128 75 2
128 27 5
129 12 3
130 93 4
131 32 5
134 13 2
134 45 2
137 64 2
138 8 5
138 30 9
139 44 3
140 61 3
140 38 2
140 15 3
142 67 4
143 71 3
146 4 3
147 43 1
152 93 3
152 46 7
153 17 2
154 90 5
154 18 3
155 60 8
155 15 4
157 61 4
160 92 3
160 100 2
162 54 5
164 100 3
164 38 2
168 34 6
172 61 3
174 92 8
177 81 9
178 8 3
180 64 3
180 45 1
184 45 4
184 21 1
185 66 5
186 74 5
187 3 1
187 44 2
188 9 7
188 61 1
189 66 6
190 75 2
191 75 4
192 4 2
192 3 3
192 44 1
192 37 3
194 43 4
194 4 2
195 27 3
196 71 2
196 37 2
196 7 1
200 22 2
26
160 97 34 100 168 98 120 18 56 90 91 124 154 31  
102 104 42 140 15 138 59 29 30  
1 37 135 105 11 52 126  
9 108 78 117 23 125 53  
128 66 187 36 165 199 139 44 195 185 27 189  
96 107 71 177 103 174 47 81 86 143 92 94  
64 101 137 14 46 111 21 152  
162 163 68 20 54 24 116 155 60  
129 130 67 69 70 12 142 48 115 93 159  
172 45 61 179 180 183 184 58 188 157  
32 33 197 131 22 134 200 75 13 118 198 156 190 191  
192 194 3 196 7 74 43 77 147 171 186 181  
8 109 17 178 25 153 123  
2 164 4 38 40 146 114 121  
72 79 80 83 84 88 57  
16 63 62 55  
49 10 82 50 73  
65 99 39 85 87 89 28 95  
41 19 76 6 51  
26 35 5  
136 144 166 127  
173 182 149 110 150  
193 167 169 170 112 148  
145 158 161  
113 122 132 133 175  
176 106 151 141 119  
