2
1 2 3 4 5 6 7 8 9 10 11 12 13 14 15 16 17 18 19 20 21 22 23 24 25 26 27 28 29 30 31 32 33 34 35 36 37 38 39 40 41 42 43 44 45 46 47 48 49 50 51 52 53 54 55 56 57 58 59 60 61 62 63 64 65 66 67 68 69 70 71 72 73 74 75 76 77 78 79 80 81 82 83 84 85 86 87 88 89 90 91 92 93 94 95 96 97 98 99 100 
320
1 52 15
1 37 9
2 40 14
2 4 18
3 74 9
3 77 13
4 2 18
4 38 13
5 26 10
5 61 7
6 51 9
6 76 4
7 77 9
7 38 10
8 17 14
8 25 20
9 53 9
9 78 8
10 73 6
10 82 2
11 99 2
11 52 11
12 93 13
12 70 11
13 75 7
13 22 9
14 64 11
14 46 8
15 29 15
15 30 16
16 62 9
16 55 14
17 8 14
17 25 13
18 88 5
18 100 12
19 40 10
19 76 7
20 68 8
20 60 16
21 64 12
21 46 10
22 75 13
22 13 9
23 53 8
23 78 13
24 68 10
24 54 12
25 8 20
25 17 13
26 35 12
26 5 10
27 58 8
27 66 15
28 99 14
28 35 7
29 59 14
29 15 15
30 59 18
30 15 16
31 98 17
31 100 7
32 33 10
32 75 11
33 32 10
33 75 11
34 98 8
34 100 9
35 26 12
35 28 7
36 66 6
36 44 14
37 1 9
37 78 4
38 4 13
38 7 10
39 99 9
39 95 9
40 2 14
40 19 10
41 51 15
41 76 12
42 59 17
42 45 5
43 52 4
43 77 9
44 66 13
44 36 14
45 42 5
45 61 13
46 64 12
46 21 10
46 14 8
47 96 9
47 93 4
47 86 6
48 67 7
48 69 7
48 93 3
49 73 11
49 50 7
49 82 8
50 49 7
50 82 9
50 73 6
51 41 15
51 76 10
51 6 9
52 1 15
52 11 11
52 43 4
53 9 9
53 78 8
53 23 8
54 24 12
54 68 8
54 60 5
55 16 14
55 62 12
55 63 12
56 97 8
56 98 12
56 100 5
57 80 8
57 88 6
57 83 8
58 27 8
58 61 11
59 42 17
59 29 14
59 30 18
60 68 7
60 20 16
60 54 5
61 58 11
61 5 7
61 45 13
62 16 9
62 63 6
62 55 12
63 94 3
63 62 6
63 55 12
64 46 12
64 21 12
64 14 11
65 89 8
65 99 3
65 95 6
66 44 13
66 27 15
66 36 6
67 48 7
67 69 11
67 70 6
67 93 5
68 24 10
68 60 7
68 20 8
68 54 8
69 48 7
69 67 11
69 93 4
69 70 4
70 67 6
70 12 11
70 69 4
70 93 7
71 96 8
71 81 7
71 92 6
71 86 8
72 80 10
72 83 7
72 84 8
72 79 9
73 49 11
73 10 6
73 82 5
73 50 6
74 3 9
74 77 10
75 32 11
75 33 11
75 13 7
75 22 13
76 41 12
76 19 7
76 6 4
76 51 10
77 43 9
77 74 10
77 3 13
77 7 9
78 9 8
78 53 8
78 37 4
78 23 13
79 72 9
79 88 7
79 82 3
79 84 3
80 72 10
80 57 8
80 83 7
80 84 7
80 88 4
81 96 3
81 92 5
81 94 10
81 86 8
81 71 7
82 49 8
82 10 2
82 79 3
82 50 9
82 73 5
83 72 7
83 57 8
83 84 11
83 80 7
83 88 6
84 72 8
84 80 7
84 83 11
84 88 4
84 79 3
85 89 11
85 95 10
85 99 2
85 87 8
86 96 3
86 71 8
86 47 6
86 81 8
86 92 3
86 94 6
87 89 9
87 90 2
87 99 6
87 85 8
87 95 5
88 79 7
88 80 4
88 18 5
88 83 6
88 84 4
88 57 6
89 65 8
89 95 6
89 99 5
89 85 11
89 87 9
90 97 5
90 98 6
90 91 6
90 100 3
90 87 2
91 97 7
91 90 6
91 100 6
91 98 5
92 96 6
92 81 5
92 94 8
92 86 3
92 71 6
93 67 5
93 69 4
93 70 7
93 12 13
93 47 4
93 48 3
94 96 5
94 81 10
94 92 8
94 86 6
94 63 3
95 65 6
95 99 3
95 39 9
95 85 10
95 87 5
95 89 6
96 100 1
96 71 8
96 47 9
96 81 3
96 86 3
96 92 6
96 94 5
97 56 8
97 90 5
97 91 7
97 100 7
97 98 7
98 97 7
98 34 8
98 100 6
98 56 12
98 90 6
98 91 5
98 31 17
99 65 3
99 39 9
99 11 2
99 85 2
99 87 6
99 89 5
99 28 14
99 95 3
100 96 1
100 97 7
100 34 9
100 98 6
100 18 12
100 56 5
100 90 3
100 91 6
100 31 7
101 102 103 104 105 106 107 108 109 110 111 112 113 114 115 116 117 118 119 120 121 122 123 124 125 126 127 128 129 130 131 132 133 134 135 136 137 138 139 140 141 142 143 144 145 146 147 148 149 150 151 152 153 154 155 156 157 158 159 160 161 162 163 164 165 166 167 168 169 170 171 172 173 174 175 176 177 178 179 180 181 182 183 184 185 186 187 188 189 190 191 192 193 194 195 196 197 198 199 200 
320
101 152 11
101 137 11
102 104 18
102 140 14
103 177 4
103 174 15
104 138 14
104 102 18
105 161 5
105 126 12
106 176 15
106 151 16
107 177 8
107 138 4
108 117 13
108 125 14
109 153 7
109 178 8
110 173 17
110 182 12
111 152 10
111 199 4
112 193 9
112 170 17
113 122 12
113 175 14
114 146 11
114 164 9
115 129 18
115 130 12
116 162 7
116 155 8
117 108 13
117 125 15
118 200 11
118 188 2
119 176 11
119 140 8
120 160 9
120 168 18
121 146 10
121 164 12
122 113 12
122 175 9
123 153 7
123 178 7
124 168 5
124 154 11
125 108 14
125 117 15
126 105 12
126 135 17
127 166 13
127 158 6
128 199 4
128 135 10
129 115 18
129 159 9
130 115 12
130 159 12
131 200 5
131 198 10
132 133 8
132 175 6
133 132 8
133 175 6
134 200 9
134 198 6
135 128 10
135 126 17
136 144 12
136 166 11
137 178 4
137 101 11
138 104 14
138 107 4
139 195 6
139 199 14
140 102 14
140 119 8
141 176 10
141 151 10
142 145 8
142 159 6
143 152 8
143 177 16
144 136 12
144 166 16
145 161 13
145 142 8
146 121 10
146 114 11
146 164 9
147 193 2
147 186 5
147 196 4
148 169 6
148 193 7
148 167 10
149 173 9
149 150 4
149 182 3
150 149 4
150 182 4
150 173 10
151 176 10
151 106 16
151 141 10
152 143 8
152 101 11
152 111 10
153 178 15
153 123 7
153 109 7
154 160 6
154 168 9
154 124 11
155 162 7
155 163 7
155 116 8
156 200 6
156 197 10
156 198 5
157 188 9
157 180 11
157 183 10
158 161 12
158 127 6
159 129 9
159 130 12
159 142 6
160 120 9
160 168 11
160 154 6
161 105 5
161 158 12
161 145 13
162 155 7
162 116 7
162 163 12
163 162 12
163 155 7
163 194 4
164 121 12
164 114 9
164 146 9
165 195 8
165 189 9
165 199 9
166 136 11
166 144 16
166 127 13
167 169 10
167 170 7
167 148 10
167 193 7
168 120 18
168 160 11
168 154 9
168 124 5
169 193 10
169 170 6
169 148 6
169 167 10
170 112 17
170 169 6
170 193 9
170 167 7
171 192 7
171 186 5
171 196 5
171 181 4
172 184 7
172 179 10
172 180 5
172 183 3
173 182 11
173 149 9
173 110 17
173 150 10
174 177 14
174 103 15
175 113 14
175 122 9
175 132 6
175 133 6
176 106 15
176 151 10
176 141 10
176 119 11
177 107 8
177 143 16
177 174 14
177 103 4
178 137 4
178 123 7
178 109 8
178 153 15
179 184 7
179 188 13
179 172 10
179 182 3
180 184 9
180 188 4
180 172 5
180 157 11
180 183 5
181 192 6
181 186 5
181 171 4
181 196 7
181 194 5
182 179 3
182 150 4
182 149 3
182 110 12
182 173 11
183 184 10
183 188 8
183 172 3
183 180 5
183 157 10
184 188 8
184 180 9
184 179 7
184 172 7
184 183 10
185 187 10
185 189 6
185 195 8
185 199 8
186 192 3
186 194 9
186 196 4
186 171 5
186 147 5
186 181 5
187 185 10
187 195 5
187 189 2
187 190 4
187 199 5
188 179 13
188 180 4
188 118 2
188 183 8
188 184 8
188 157 9
189 185 6
189 187 2
189 165 9
189 195 6
189 199 8
190 200 8
190 187 4
190 197 5
190 198 5
190 191 7
191 200 5
191 197 6
191 198 9
191 190 7
192 194 6
192 171 7
192 196 3
192 186 3
192 181 6
193 167 7
193 169 10
193 170 9
193 112 9
193 147 2
193 148 7
194 192 6
194 186 9
194 163 4
194 196 5
194 181 5
195 165 8
195 199 3
195 139 6
195 185 8
195 187 5
195 189 6
196 192 3
196 194 5
196 200 3
196 171 5
196 147 4
196 181 7
196 186 4
197 200 5
197 156 10
197 198 5
197 190 5
197 191 6
198 131 10
198 197 5
198 134 6
198 200 5
198 156 5
198 190 5
198 191 9
199 128 4
199 195 3
199 165 9
199 139 14
199 111 4
199 185 8
199 187 5
199 189 8
200 131 5
200 196 3
200 197 5
200 198 5
200 118 11
200 134 9
200 156 6
200 190 8
200 191 5
1
1 2
172
2 114 4
3 192 3
3 187 1
3 126 1
4 192 2
4 146 3
4 194 2
4 126 4
7 196 1
8 178 3
8 138 5
9 188 7
9 117 4
11 126 4
12 129 3
13 134 2
15 155 4
15 140 3
17 153 2
17 123 2
18 154 3
20 116 2
21 184 1
21 101 5
22 200 2
22 118 4
23 108 3
24 116 6
27 128 5
27 195 3
30 138 9
32 131 5
34 168 6
37 192 3
37 105 5
37 196 2
38 140 2
38 164 2
38 126 2
42 102 5
43 194 4
43 147 1
44 192 1
44 114 3
44 139 3
44 187 2
45 184 4
45 180 1
45 134 2
46 152 7
48 123 1
48 115 3
52 105 3
54 162 5
59 102 4
60 155 8
61 172 3
61 140 3
61 188 1
61 157 4
64 137 2
64 180 3
66 185 5
66 123 3
66 189 6
67 142 4
71 196 2
71 143 3
74 186 5
75 128 2
75 190 2
75 191 4
78 108 6
81 177 9
90 154 5
91 120 3
91 116 5
92 160 3
92 174 8
93 152 3
93 130 4
94 103 3
96 103 5
97 120 2
100 160 2
100 164 3
101 21 5
102 42 5
102 59 4
103 96 5
103 94 3
105 52 3
105 37 5
108 78 6
108 23 3
114 2 4
114 44 3
115 48 3
116 24 6
116 91 5
116 20 2
117 9 4
118 22 4
120 97 2
120 91 3
123 48 1
123 17 2
123 66 3
126 3 1
126 11 4
126 4 4
126 38 2
128 75 2
128 27 5
129 12 3
130 93 4
131 32 5
134 13 2
134 45 2
137 64 2
138 8 5
138 30 9
139 44 3
140 61 3
140 38 2
140 15 3
142 67 4
143 71 3
146 4 3
147 43 1
152 93 3
152 46 7
153 17 2
154 90 5
154 18 3
155 60 8
155 15 4
157 61 4
160 92 3
160 100 2
162 54 5
164 100 3
164 38 2
168 34 6
172 61 3
174 92 8
177 81 9
178 8 3
180 64 3
180 45 1
184 45 4
184 21 1
185 66 5
186 74 5
187 3 1
187 44 2
188 9 7
188 61 1
189 66 6
190 75 2
191 75 4
192 4 2
192 3 3
192 44 1
192 37 3
194 43 4
194 4 2
195 27 3
196 71 2
196 37 2
196 7 1
200 22 2
26
160 97 34 100 168 98 120 18 56 90 91 124 154 31  
102 104 42 140 15 138 59 29 30  
1 37 135 105 11 52 126  
9 108 78 117 23 125 53  
128 66 187 36 165 199 139 44 195 185 27 189  
96 107 71 177 103 174 47 81 86 143 92 94  
64 101 137 14 46 111 21 152  
162 163 68 20 54 24 116 155 60  
129 130 67 69 70 12 142 48 115 93 159  
172 45 61 179 180 183 184 58 188 157  
32 33 197 131 22 134 200 75 13 118 198 156 190 191  
192 194 3 196 7 74 43 77 147 171 186 181  
8 109 17 178 25 153 123  
2 164 4 38 40 146 114 121  
72 79 80 83 84 88 57  
16 63 62 55  
49 10 82 50 73  
65 99 39 85 87 89 28 95  
41 19 76 6 51  
26 35 5  
136 144 166 127  
173 182 149 110 150  
193 167 169 170 112 148  
145 158 161  
113 122 132 133 175  
176 106 151 141 119  
