2
1 2 3 4 5 6 7 8 9 10 11 12 13 14 15 16 17 18 19 20 21 22 23 24 25 26 27 28 29 30 31 32 33 34 35 36 37 38 39 40 41 42 43 44 45 46 47 48 49 50 51 52 53 54 55 56 57 58 59 60 61 62 63 64 65 66 67 68 69 70 71 72 73 74 75 76 77 78 79 80 81 82 83 84 85 86 87 88 89 90 91 92 93 94 95 96 97 98 99 100 
320
1 52 0
1 37 0
2 40 0
2 4 0
3 74 0
3 77 0
4 2 0
4 38 0
5 26 0
5 61 1
6 51 1
6 76 0
7 77 0
7 38 1
8 17 0
8 25 0
9 53 0
9 78 0
10 73 1
10 82 0
11 99 0
11 52 0
12 93 0
12 70 0
13 75 0
13 22 0
14 64 0
14 46 0
15 29 1
15 30 0
16 62 0
16 55 1
17 8 0
17 25 0
18 88 1
18 100 0
19 40 0
19 76 0
20 68 1
20 60 0
21 64 0
21 46 0
22 75 0
22 13 0
23 53 0
23 78 0
24 68 0
24 54 0
25 8 0
25 17 0
26 35 0
26 5 0
27 58 0
27 66 0
28 99 0
28 35 1
29 59 0
29 15 1
30 59 0
30 15 0
31 98 0
31 100 0
32 33 1
32 75 0
33 32 1
33 75 0
34 98 0
34 100 0
35 26 0
35 28 1
36 66 0
36 44 0
37 1 0
37 78 0
38 4 0
38 7 1
39 99 0
39 95 0
40 2 0
40 19 0
41 51 0
41 76 0
42 59 0
42 45 0
43 52 0
43 77 1
44 66 0
44 36 0
45 42 0
45 61 0
46 64 0
46 21 0
46 14 0
47 96 0
47 93 1
47 86 1
48 67 1
48 69 1
48 93 1
49 73 1
49 50 0
49 82 0
50 49 0
50 82 0
50 73 0
51 41 0
51 76 0
51 6 1
52 1 0
52 11 0
52 43 0
53 9 0
53 78 0
53 23 0
54 24 0
54 68 0
54 60 0
55 16 1
55 62 1
55 63 0
56 97 0
56 98 1
56 100 0
57 80 0
57 88 0
57 83 0
58 27 0
58 61 0
59 42 0
59 29 0
59 30 0
60 68 0
60 20 0
60 54 0
61 58 0
61 5 1
61 45 0
62 16 0
62 63 0
62 55 1
63 94 1
63 62 0
63 55 0
64 46 0
64 21 0
64 14 0
65 89 0
65 99 0
65 95 0
66 44 0
66 27 0
66 36 0
67 48 1
67 69 0
67 70 0
67 93 0
68 24 0
68 60 0
68 20 1
68 54 0
69 48 1
69 67 0
69 93 0
69 70 0
70 67 0
70 12 0
70 69 0
70 93 0
71 96 0
71 81 1
71 92 0
71 86 1
72 80 0
72 83 0
72 84 0
72 79 1
73 49 1
73 10 1
73 82 1
73 50 0
74 3 0
74 77 0
75 32 0
75 33 0
75 13 0
75 22 0
76 41 0
76 19 0
76 6 0
76 51 0
77 43 1
77 74 0
77 3 0
77 7 0
78 9 0
78 53 0
78 37 0
78 23 0
79 72 1
79 88 0
79 82 1
79 84 1
80 72 0
80 57 0
80 83 0
80 84 1
80 88 0
81 96 0
81 92 1
81 94 1
81 86 1
81 71 1
82 49 0
82 10 0
82 79 1
82 50 0
82 73 1
83 72 0
83 57 0
83 84 1
83 80 0
83 88 1
84 72 0
84 80 1
84 83 1
84 88 1
84 79 1
85 89 0
85 95 1
85 99 1
85 87 0
86 96 0
86 71 1
86 47 1
86 81 1
86 92 1
86 94 0
87 89 1
87 90 1
87 99 0
87 85 0
87 95 0
88 79 0
88 80 0
88 18 1
88 83 1
88 84 1
88 57 0
89 65 0
89 95 0
89 99 1
89 85 0
89 87 1
90 97 0
90 98 0
90 91 0
90 100 1
90 87 1
91 97 0
91 90 0
91 100 0
91 98 1
92 96 1
92 81 1
92 94 1
92 86 1
92 71 0
93 67 0
93 69 0
93 70 0
93 12 0
93 47 1
93 48 1
94 96 0
94 81 1
94 92 1
94 86 0
94 63 1
95 65 0
95 99 1
95 39 0
95 85 1
95 87 0
95 89 0
96 100 1
96 71 0
96 47 0
96 81 0
96 86 0
96 92 1
96 94 0
97 56 0
97 90 0
97 91 0
97 100 0
97 98 0
98 97 0
98 34 0
98 100 0
98 56 1
98 90 0
98 91 1
98 31 0
99 65 0
99 39 0
99 11 0
99 85 1
99 87 0
99 89 1
99 28 0
99 95 1
100 96 1
100 97 0
100 34 0
100 98 0
100 18 0
100 56 0
100 90 1
100 91 0
100 31 0
101 102 103 104 105 106 107 108 109 110 111 112 113 114 115 116 117 118 119 120 121 122 123 124 125 126 127 128 129 130 131 132 133 134 135 136 137 138 139 140 141 142 143 144 145 146 147 148 149 150 151 152 153 154 155 156 157 158 159 160 161 162 163 164 165 166 167 168 169 170 171 172 173 174 175 176 177 178 179 180 181 182 183 184 185 186 187 188 189 190 191 192 193 194 195 196 197 198 199 200 
320
101 152 11
101 137 6
102 104 10
102 140 15
103 177 8
103 174 6
104 138 8
104 102 10
105 161 5
105 126 9
106 176 6
106 151 12
107 177 5
107 138 8
108 117 9
108 125 16
109 153 10
109 178 8
110 173 8
110 182 6
111 152 9
111 199 3
112 193 7
112 170 6
113 122 14
113 175 8
114 146 9
114 164 15
115 129 9
115 130 9
116 162 10
116 155 8
117 108 9
117 125 9
118 200 9
118 188 4
119 176 9
119 140 8
120 160 8
120 168 3
121 146 7
121 164 12
122 113 14
122 175 8
123 153 7
123 178 9
124 168 5
124 154 11
125 108 16
125 117 9
126 105 9
126 135 8
127 166 7
127 158 3
128 199 4
128 135 5
129 115 9
129 159 9
130 115 9
130 159 5
131 200 3
131 198 7
132 133 11
132 175 9
133 132 11
133 175 7
134 200 6
134 198 5
135 128 5
135 126 8
136 144 12
136 166 10
137 178 3
137 101 6
138 104 8
138 107 8
139 195 9
139 199 6
140 102 15
140 119 8
141 176 8
141 151 11
142 145 7
142 159 4
143 152 4
143 177 11
144 136 12
144 166 5
145 161 12
145 142 7
146 121 7
146 114 9
146 164 10
147 193 1
147 186 6
147 196 5
148 169 5
148 193 6
148 167 5
149 173 3
149 150 10
149 182 5
150 149 10
150 182 10
150 173 5
151 176 6
151 106 12
151 141 11
152 143 4
152 101 11
152 111 9
153 178 5
153 123 7
153 109 10
154 160 4
154 168 7
154 124 11
155 162 9
155 163 8
155 116 8
156 200 4
156 197 8
156 198 5
157 188 5
157 180 6
157 183 7
158 161 8
158 127 3
159 129 9
159 130 5
159 142 4
160 120 8
160 168 6
160 154 4
161 105 5
161 158 8
161 145 12
162 155 9
162 116 10
162 163 3
163 162 3
163 155 8
163 194 1
164 121 12
164 114 15
164 146 10
165 195 5
165 189 5
165 199 10
166 136 10
166 144 5
166 127 7
167 169 3
167 170 10
167 148 5
167 193 7
168 120 3
168 160 6
168 154 7
168 124 5
169 193 3
169 170 6
169 148 5
169 167 3
170 112 6
170 169 6
170 193 5
170 167 10
171 192 9
171 186 3
171 196 5
171 181 1
172 184 5
172 179 10
172 180 5
172 183 7
173 182 6
173 149 3
173 110 8
173 150 5
174 177 3
174 103 6
175 113 8
175 122 8
175 132 9
175 133 7
176 106 6
176 151 6
176 141 8
176 119 9
177 107 5
177 143 11
177 174 3
177 103 8
178 137 3
178 123 9
178 109 8
178 153 5
179 184 6
179 188 7
179 172 10
179 182 4
180 184 7
180 188 3
180 172 5
180 157 6
180 183 7
181 192 3
181 186 5
181 171 1
181 196 8
181 194 5
182 179 4
182 150 10
182 149 5
182 110 6
182 173 6
183 184 8
183 188 6
183 172 7
183 180 7
183 157 7
184 188 7
184 180 7
184 179 6
184 172 5
184 183 8
185 187 8
185 189 2
185 195 4
185 199 3
186 192 6
186 194 4
186 196 5
186 171 3
186 147 6
186 181 5
187 185 8
187 195 2
187 189 8
187 190 2
187 199 5
188 179 7
188 180 3
188 118 4
188 183 6
188 184 7
188 157 5
189 185 2
189 187 8
189 165 5
189 195 5
189 199 8
190 200 5
190 187 2
190 197 7
190 198 3
190 191 3
191 200 4
191 197 5
191 198 11
191 190 3
192 194 8
192 171 9
192 196 2
192 186 6
192 181 3
193 167 7
193 169 3
193 170 5
193 112 7
193 147 1
193 148 6
194 192 8
194 186 4
194 163 1
194 196 2
194 181 5
195 165 5
195 199 2
195 139 9
195 185 4
195 187 2
195 189 5
196 192 2
196 194 2
196 200 2
196 171 5
196 147 5
196 181 8
196 186 5
197 200 4
197 156 8
197 198 6
197 190 7
197 191 5
198 131 7
198 197 6
198 134 5
198 200 4
198 156 5
198 190 3
198 191 11
199 128 4
199 195 2
199 165 10
199 139 6
199 111 3
199 185 3
199 187 5
199 189 8
200 131 3
200 196 2
200 197 4
200 198 4
200 118 9
200 134 6
200 156 4
200 190 5
200 191 4
1
1 2
172
2 114 4
3 192 3
3 187 1
3 126 1
4 192 2
4 146 3
4 194 2
4 126 4
7 196 1
8 178 3
8 138 5
9 188 7
9 117 4
11 126 4
12 129 3
13 134 2
15 155 4
15 140 3
17 153 2
17 123 2
18 154 3
20 116 2
21 184 1
21 101 5
22 200 2
22 118 4
23 108 3
24 116 6
27 128 5
27 195 3
30 138 9
32 131 5
34 168 6
37 192 3
37 105 5
37 196 2
38 140 2
38 164 2
38 126 2
42 102 5
43 194 4
43 147 1
44 192 1
44 114 3
44 139 3
44 187 2
45 184 4
45 180 1
45 134 2
46 152 7
48 123 1
48 115 3
52 105 3
54 162 5
59 102 4
60 155 8
61 172 3
61 140 3
61 188 1
61 157 4
64 137 2
64 180 3
66 185 5
66 123 3
66 189 6
67 142 4
71 196 2
71 143 3
74 186 5
75 128 2
75 190 2
75 191 4
78 108 6
81 177 9
90 154 5
91 120 3
91 116 5
92 160 3
92 174 8
93 152 3
93 130 4
94 103 3
96 103 5
97 120 2
100 160 2
100 164 3
101 21 5
102 42 5
102 59 4
103 96 5
103 94 3
105 52 3
105 37 5
108 78 6
108 23 3
114 2 4
114 44 3
115 48 3
116 24 6
116 91 5
116 20 2
117 9 4
118 22 4
120 97 2
120 91 3
123 48 1
123 17 2
123 66 3
126 3 1
126 11 4
126 4 4
126 38 2
128 75 2
128 27 5
129 12 3
130 93 4
131 32 5
134 13 2
134 45 2
137 64 2
138 8 5
138 30 9
139 44 3
140 61 3
140 38 2
140 15 3
142 67 4
143 71 3
146 4 3
147 43 1
152 93 3
152 46 7
153 17 2
154 90 5
154 18 3
155 60 8
155 15 4
157 61 4
160 92 3
160 100 2
162 54 5
164 100 3
164 38 2
168 34 6
172 61 3
174 92 8
177 81 9
178 8 3
180 64 3
180 45 1
184 45 4
184 21 1
185 66 5
186 74 5
187 3 1
187 44 2
188 9 7
188 61 1
189 66 6
190 75 2
191 75 4
192 4 2
192 3 3
192 44 1
192 37 3
194 43 4
194 4 2
195 27 3
196 71 2
196 37 2
196 7 1
200 22 2
26
160 97 34 100 168 98 120 18 56 90 91 124 154 31  
102 104 42 140 15 138 59 29 30  
1 37 135 105 11 52 126  
9 108 78 117 23 125 53  
128 66 187 36 165 199 139 44 195 185 27 189  
96 107 71 177 103 174 47 81 86 143 92 94  
64 101 137 14 46 111 21 152  
162 163 68 20 54 24 116 155 60  
129 130 67 69 70 12 142 48 115 93 159  
172 45 61 179 180 183 184 58 188 157  
32 33 197 131 22 134 200 75 13 118 198 156 190 191  
192 194 3 196 7 74 43 77 147 171 186 181  
8 109 17 178 25 153 123  
2 164 4 38 40 146 114 121  
72 79 80 83 84 88 57  
16 63 62 55  
49 10 82 50 73  
65 99 39 85 87 89 28 95  
41 19 76 6 51  
26 35 5  
136 144 166 127  
173 182 149 110 150  
193 167 169 170 112 148  
145 158 161  
113 122 132 133 175  
176 106 151 141 119  
