2
1 2 3 4 5 6 7 8 9 10 11 12 13 14 15 16 17 18 19 20 21 22 23 24 25 26 27 28 29 30 31 32 33 34 35 36 37 38 39 40 41 42 43 44 45 46 47 48 49 50 51 52 53 54 55 56 57 58 59 60 61 62 63 64 65 66 67 68 69 70 71 72 73 74 75 76 77 78 79 80 81 82 83 84 85 86 87 88 89 90 91 92 93 94 95 96 97 98 99 100 
320
1 52 1
1 37 0
2 40 1
2 4 1
3 74 1
3 77 1
4 2 1
4 38 1
5 26 1
5 61 1
6 51 1
6 76 1
7 77 1
7 38 1
8 17 1
8 25 1
9 53 1
9 78 1
10 73 1
10 82 1
11 99 1
11 52 0
12 93 1
12 70 1
13 75 1
13 22 1
14 64 0
14 46 0
15 29 0
15 30 1
16 62 1
16 55 0
17 8 1
17 25 1
18 88 1
18 100 1
19 40 1
19 76 0
20 68 1
20 60 1
21 64 1
21 46 1
22 75 1
22 13 1
23 53 1
23 78 1
24 68 1
24 54 1
25 8 1
25 17 1
26 35 1
26 5 1
27 58 0
27 66 1
28 99 0
28 35 1
29 59 0
29 15 0
30 59 1
30 15 1
31 98 1
31 100 0
32 33 0
32 75 1
33 32 0
33 75 1
34 98 1
34 100 1
35 26 1
35 28 1
36 66 1
36 44 1
37 1 0
37 78 1
38 4 1
38 7 1
39 99 1
39 95 1
40 2 1
40 19 1
41 51 0
41 76 0
42 59 0
42 45 1
43 52 1
43 77 1
44 66 1
44 36 1
45 42 1
45 61 1
46 64 1
46 21 1
46 14 0
47 96 1
47 93 1
47 86 1
48 67 1
48 69 1
48 93 1
49 73 1
49 50 1
49 82 1
50 49 1
50 82 0
50 73 1
51 41 0
51 76 1
51 6 1
52 1 1
52 11 0
52 43 1
53 9 1
53 78 1
53 23 1
54 24 1
54 68 1
54 60 1
55 16 0
55 62 1
55 63 1
56 97 1
56 98 1
56 100 1
57 80 1
57 88 1
57 83 1
58 27 0
58 61 1
59 42 0
59 29 0
59 30 1
60 68 1
60 20 1
60 54 1
61 58 1
61 5 1
61 45 1
62 16 1
62 63 1
62 55 1
63 94 1
63 62 1
63 55 1
64 46 1
64 21 1
64 14 0
65 89 1
65 99 1
65 95 1
66 44 1
66 27 1
66 36 1
67 48 1
67 69 1
67 70 1
67 93 1
68 24 1
68 60 1
68 20 1
68 54 1
69 48 1
69 67 1
69 93 0
69 70 0
70 67 1
70 12 1
70 69 0
70 93 1
71 96 0
71 81 1
71 92 0
71 86 0
72 80 1
72 83 1
72 84 1
72 79 1
73 49 1
73 10 1
73 82 1
73 50 1
74 3 1
74 77 0
75 32 1
75 33 1
75 13 1
75 22 1
76 41 0
76 19 0
76 6 1
76 51 1
77 43 1
77 74 0
77 3 1
77 7 1
78 9 1
78 53 1
78 37 1
78 23 1
79 72 1
79 88 1
79 82 1
79 84 1
80 72 1
80 57 1
80 83 0
80 84 1
80 88 1
81 96 1
81 92 1
81 94 1
81 86 1
81 71 1
82 49 1
82 10 1
82 79 1
82 50 0
82 73 1
83 72 1
83 57 1
83 84 1
83 80 0
83 88 1
84 72 1
84 80 1
84 83 1
84 88 1
84 79 1
85 89 1
85 95 1
85 99 1
85 87 1
86 96 1
86 71 0
86 47 1
86 81 1
86 92 0
86 94 1
87 89 1
87 90 1
87 99 1
87 85 1
87 95 1
88 79 1
88 80 1
88 18 1
88 83 1
88 84 1
88 57 1
89 65 1
89 95 1
89 99 1
89 85 1
89 87 1
90 97 1
90 98 1
90 91 1
90 100 1
90 87 1
91 97 1
91 90 1
91 100 1
91 98 1
92 96 1
92 81 1
92 94 1
92 86 0
92 71 0
93 67 1
93 69 0
93 70 1
93 12 1
93 47 1
93 48 1
94 96 0
94 81 1
94 92 1
94 86 1
94 63 1
95 65 1
95 99 1
95 39 1
95 85 1
95 87 1
95 89 1
96 100 1
96 71 0
96 47 1
96 81 1
96 86 1
96 92 1
96 94 0
97 56 1
97 90 1
97 91 1
97 100 1
97 98 1
98 97 1
98 34 1
98 100 1
98 56 1
98 90 1
98 91 1
98 31 1
99 65 1
99 39 1
99 11 1
99 85 1
99 87 1
99 89 1
99 28 0
99 95 1
100 96 1
100 97 1
100 34 1
100 98 1
100 18 1
100 56 1
100 90 1
100 91 1
100 31 0
101 102 103 104 105 106 107 108 109 110 111 112 113 114 115 116 117 118 119 120 121 122 123 124 125 126 127 128 129 130 131 132 133 134 135 136 137 138 139 140 141 142 143 144 145 146 147 148 149 150 151 152 153 154 155 156 157 158 159 160 161 162 163 164 165 166 167 168 169 170 171 172 173 174 175 176 177 178 179 180 181 182 183 184 185 186 187 188 189 190 191 192 193 194 195 196 197 198 199 200 
320
101 152 10
101 137 8
102 104 12
102 140 13
103 177 7
103 174 17
104 138 16
104 102 12
105 161 6
105 126 14
106 176 12
106 151 15
107 177 11
107 138 4
108 117 16
108 125 16
109 153 19
109 178 8
110 173 12
110 182 14
111 152 15
111 199 4
112 193 10
112 170 15
113 122 18
113 175 11
114 146 10
114 164 6
115 129 17
115 130 7
116 162 11
116 155 14
117 108 16
117 125 14
118 200 10
118 188 9
119 176 4
119 140 10
120 160 7
120 168 7
121 146 13
121 164 8
122 113 18
122 175 13
123 153 4
123 178 17
124 168 15
124 154 14
125 108 16
125 117 14
126 105 14
126 135 17
127 166 16
127 158 6
128 199 11
128 135 9
129 115 17
129 159 11
130 115 7
130 159 12
131 200 8
131 198 9
132 133 16
132 175 16
133 132 16
133 175 9
134 200 10
134 198 16
135 128 9
135 126 17
136 144 17
136 166 14
137 178 6
137 101 8
138 104 16
138 107 4
139 195 18
139 199 10
140 102 13
140 119 10
141 176 7
141 151 11
142 145 7
142 159 15
143 152 5
143 177 13
144 136 17
144 166 16
145 161 12
145 142 7
146 121 13
146 114 10
146 164 10
147 193 3
147 186 7
147 196 4
148 169 12
148 193 9
148 167 16
149 173 5
149 150 15
149 182 12
150 149 15
150 182 12
150 173 8
151 176 12
151 106 15
151 141 11
152 143 5
152 101 10
152 111 15
153 178 8
153 123 4
153 109 19
154 160 11
154 168 9
154 124 14
155 162 9
155 163 12
155 116 14
156 200 7
156 197 11
156 198 8
157 188 9
157 180 16
157 183 9
158 161 12
158 127 6
159 129 11
159 130 12
159 142 15
160 120 7
160 168 8
160 154 11
161 105 6
161 158 12
161 145 12
162 155 9
162 116 11
162 163 11
163 162 11
163 155 12
163 194 1
164 121 8
164 114 6
164 146 10
165 195 11
165 189 9
165 199 10
166 136 14
166 144 16
166 127 16
167 169 8
167 170 5
167 148 16
167 193 4
168 120 7
168 160 8
168 154 9
168 124 15
169 193 8
169 170 11
169 148 12
169 167 8
170 112 15
170 169 11
170 193 6
170 167 5
171 192 6
171 186 12
171 196 7
171 181 6
172 184 8
172 179 6
172 180 10
172 183 8
173 182 7
173 149 5
173 110 12
173 150 8
174 177 13
174 103 17
175 113 11
175 122 13
175 132 16
175 133 9
176 106 12
176 151 12
176 141 7
176 119 4
177 107 11
177 143 13
177 174 13
177 103 7
178 137 6
178 123 17
178 109 8
178 153 8
179 184 6
179 188 8
179 172 6
179 182 5
180 184 7
180 188 5
180 172 10
180 157 16
180 183 7
181 192 8
181 186 8
181 171 6
181 196 8
181 194 4
182 179 5
182 150 12
182 149 12
182 110 14
182 173 7
183 184 8
183 188 4
183 172 8
183 180 7
183 157 9
184 188 5
184 180 7
184 179 6
184 172 8
184 183 8
185 187 7
185 189 6
185 195 10
185 199 2
186 192 8
186 194 4
186 196 8
186 171 12
186 147 7
186 181 8
187 185 7
187 195 8
187 189 7
187 190 3
187 199 8
188 179 8
188 180 5
188 118 9
188 183 4
188 184 5
188 157 9
189 185 6
189 187 7
189 165 9
189 195 4
189 199 8
190 200 4
190 187 3
190 197 9
190 198 9
190 191 3
191 200 5
191 197 4
191 198 5
191 190 3
192 194 8
192 171 6
192 196 3
192 186 8
192 181 8
193 167 4
193 169 8
193 170 6
193 112 10
193 147 3
193 148 9
194 192 8
194 186 4
194 163 1
194 196 5
194 181 4
195 165 11
195 199 8
195 139 18
195 185 10
195 187 8
195 189 4
196 192 3
196 194 5
196 200 4
196 171 7
196 147 4
196 181 8
196 186 8
197 200 5
197 156 11
197 198 7
197 190 9
197 191 4
198 131 9
198 197 7
198 134 16
198 200 4
198 156 8
198 190 9
198 191 5
199 128 11
199 195 8
199 165 10
199 139 10
199 111 4
199 185 2
199 187 8
199 189 8
200 131 8
200 196 4
200 197 5
200 198 4
200 118 10
200 134 10
200 156 7
200 190 4
200 191 5
1
1 2
172
2 114 4
3 192 3
3 187 1
3 126 1
4 192 2
4 146 3
4 194 2
4 126 4
7 196 1
8 178 3
8 138 5
9 188 7
9 117 4
11 126 4
12 129 3
13 134 2
15 155 4
15 140 3
17 153 2
17 123 2
18 154 3
20 116 2
21 184 1
21 101 5
22 200 2
22 118 4
23 108 3
24 116 6
27 128 5
27 195 3
30 138 9
32 131 5
34 168 6
37 192 3
37 105 5
37 196 2
38 140 2
38 164 2
38 126 2
42 102 5
43 194 4
43 147 1
44 192 1
44 114 3
44 139 3
44 187 2
45 184 4
45 180 1
45 134 2
46 152 7
48 123 1
48 115 3
52 105 3
54 162 5
59 102 4
60 155 8
61 172 3
61 140 3
61 188 1
61 157 4
64 137 2
64 180 3
66 185 5
66 123 3
66 189 6
67 142 4
71 196 2
71 143 3
74 186 5
75 128 2
75 190 2
75 191 4
78 108 6
81 177 9
90 154 5
91 120 3
91 116 5
92 160 3
92 174 8
93 152 3
93 130 4
94 103 3
96 103 5
97 120 2
100 160 2
100 164 3
101 21 5
102 42 5
102 59 4
103 96 5
103 94 3
105 52 3
105 37 5
108 78 6
108 23 3
114 2 4
114 44 3
115 48 3
116 24 6
116 91 5
116 20 2
117 9 4
118 22 4
120 97 2
120 91 3
123 48 1
123 17 2
123 66 3
126 3 1
126 11 4
126 4 4
126 38 2
128 75 2
128 27 5
129 12 3
130 93 4
131 32 5
134 13 2
134 45 2
137 64 2
138 8 5
138 30 9
139 44 3
140 61 3
140 38 2
140 15 3
142 67 4
143 71 3
146 4 3
147 43 1
152 93 3
152 46 7
153 17 2
154 90 5
154 18 3
155 60 8
155 15 4
157 61 4
160 92 3
160 100 2
162 54 5
164 100 3
164 38 2
168 34 6
172 61 3
174 92 8
177 81 9
178 8 3
180 64 3
180 45 1
184 45 4
184 21 1
185 66 5
186 74 5
187 3 1
187 44 2
188 9 7
188 61 1
189 66 6
190 75 2
191 75 4
192 4 2
192 3 3
192 44 1
192 37 3
194 43 4
194 4 2
195 27 3
196 71 2
196 37 2
196 7 1
200 22 2
26
160 97 34 100 168 98 120 18 56 90 91 124 154 31  
102 104 42 140 15 138 59 29 30  
1 37 135 105 11 52 126  
9 108 78 117 23 125 53  
128 66 187 36 165 199 139 44 195 185 27 189  
96 107 71 177 103 174 47 81 86 143 92 94  
64 101 137 14 46 111 21 152  
162 163 68 20 54 24 116 155 60  
129 130 67 69 70 12 142 48 115 93 159  
172 45 61 179 180 183 184 58 188 157  
32 33 197 131 22 134 200 75 13 118 198 156 190 191  
192 194 3 196 7 74 43 77 147 171 186 181  
8 109 17 178 25 153 123  
2 164 4 38 40 146 114 121  
72 79 80 83 84 88 57  
16 63 62 55  
49 10 82 50 73  
65 99 39 85 87 89 28 95  
41 19 76 6 51  
26 35 5  
136 144 166 127  
173 182 149 110 150  
193 167 169 170 112 148  
145 158 161  
113 122 132 133 175  
176 106 151 141 119  
