2
1 2 3 4 5 6 7 8 9 10 11 12 13 14 15 16 17 18 19 20 21 22 23 24 25 26 27 28 29 30 31 32 33 34 35 36 37 38 39 40 41 42 43 44 45 46 47 48 49 50 51 52 53 54 55 56 57 58 59 60 61 62 63 64 65 66 67 68 69 70 71 72 73 74 75 76 77 78 79 80 81 82 83 84 85 86 87 88 89 90 91 92 93 94 95 96 97 98 99 100 
320
1 52 0
1 37 0
2 40 0
2 4 0
3 74 0
3 77 0
4 2 0
4 38 0
5 26 0
5 61 0
6 51 0
6 76 0
7 77 0
7 38 0
8 17 0
8 25 0
9 53 0
9 78 0
10 73 0
10 82 0
11 99 1
11 52 0
12 93 0
12 70 0
13 75 0
13 22 0
14 64 0
14 46 0
15 29 0
15 30 0
16 62 0
16 55 0
17 8 0
17 25 0
18 88 1
18 100 0
19 40 1
19 76 0
20 68 0
20 60 0
21 64 0
21 46 0
22 75 0
22 13 0
23 53 0
23 78 0
24 68 0
24 54 0
25 8 0
25 17 0
26 35 0
26 5 0
27 58 0
27 66 0
28 99 0
28 35 0
29 59 0
29 15 0
30 59 0
30 15 0
31 98 0
31 100 0
32 33 0
32 75 0
33 32 0
33 75 0
34 98 0
34 100 0
35 26 0
35 28 0
36 66 0
36 44 0
37 1 0
37 78 1
38 4 0
38 7 0
39 99 0
39 95 0
40 2 0
40 19 1
41 51 0
41 76 0
42 59 0
42 45 1
43 52 0
43 77 0
44 66 0
44 36 0
45 42 1
45 61 0
46 64 0
46 21 0
46 14 0
47 96 0
47 93 0
47 86 0
48 67 0
48 69 0
48 93 0
49 73 0
49 50 0
49 82 0
50 49 0
50 82 0
50 73 0
51 41 0
51 76 0
51 6 0
52 1 0
52 11 0
52 43 0
53 9 0
53 78 0
53 23 0
54 24 0
54 68 0
54 60 0
55 16 0
55 62 0
55 63 0
56 97 0
56 98 1
56 100 0
57 80 0
57 88 0
57 83 0
58 27 0
58 61 0
59 42 0
59 29 0
59 30 0
60 68 0
60 20 0
60 54 0
61 58 0
61 5 0
61 45 0
62 16 0
62 63 0
62 55 0
63 94 1
63 62 0
63 55 0
64 46 0
64 21 0
64 14 0
65 89 0
65 99 0
65 95 0
66 44 0
66 27 0
66 36 0
67 48 0
67 69 0
67 70 0
67 93 0
68 24 0
68 60 0
68 20 0
68 54 0
69 48 0
69 67 0
69 93 0
69 70 0
70 67 0
70 12 0
70 69 0
70 93 0
71 96 0
71 81 0
71 92 0
71 86 0
72 80 1
72 83 0
72 84 0
72 79 0
73 49 0
73 10 0
73 82 0
73 50 0
74 3 0
74 77 0
75 32 0
75 33 0
75 13 0
75 22 0
76 41 0
76 19 0
76 6 0
76 51 0
77 43 0
77 74 0
77 3 0
77 7 0
78 9 0
78 53 0
78 37 1
78 23 0
79 72 0
79 88 0
79 82 0
79 84 0
80 72 1
80 57 0
80 83 0
80 84 0
80 88 0
81 96 0
81 92 0
81 94 0
81 86 0
81 71 0
82 49 0
82 10 0
82 79 0
82 50 0
82 73 0
83 72 0
83 57 0
83 84 0
83 80 0
83 88 1
84 72 0
84 80 0
84 83 0
84 88 0
84 79 0
85 89 0
85 95 0
85 99 0
85 87 0
86 96 0
86 71 0
86 47 0
86 81 0
86 92 0
86 94 0
87 89 1
87 90 1
87 99 0
87 85 0
87 95 1
88 79 0
88 80 0
88 18 1
88 83 1
88 84 0
88 57 0
89 65 0
89 95 0
89 99 1
89 85 0
89 87 1
90 97 0
90 98 0
90 91 0
90 100 0
90 87 1
91 97 0
91 90 0
91 100 0
91 98 0
92 96 0
92 81 0
92 94 0
92 86 0
92 71 0
93 67 0
93 69 0
93 70 0
93 12 0
93 47 0
93 48 0
94 96 1
94 81 0
94 92 0
94 86 0
94 63 1
95 65 0
95 99 0
95 39 0
95 85 0
95 87 1
95 89 0
96 100 1
96 71 0
96 47 0
96 81 0
96 86 0
96 92 0
96 94 1
97 56 0
97 90 0
97 91 0
97 100 0
97 98 0
98 97 0
98 34 0
98 100 0
98 56 1
98 90 0
98 91 0
98 31 0
99 65 0
99 39 0
99 11 1
99 85 0
99 87 0
99 89 1
99 28 0
99 95 0
100 96 1
100 97 0
100 34 0
100 98 0
100 18 0
100 56 0
100 90 0
100 91 0
100 31 0
101 102 103 104 105 106 107 108 109 110 111 112 113 114 115 116 117 118 119 120 121 122 123 124 125 126 127 128 129 130 131 132 133 134 135 136 137 138 139 140 141 142 143 144 145 146 147 148 149 150 151 152 153 154 155 156 157 158 159 160 161 162 163 164 165 166 167 168 169 170 171 172 173 174 175 176 177 178 179 180 181 182 183 184 185 186 187 188 189 190 191 192 193 194 195 196 197 198 199 200 
320
101 152 10
101 137 19
102 104 15
102 140 17
103 177 19
103 174 13
104 138 12
104 102 15
105 161 6
105 126 16
106 176 15
106 151 7
107 177 8
107 138 6
108 117 12
108 125 11
109 153 16
109 178 15
110 173 12
110 182 12
111 152 12
111 199 4
112 193 9
112 170 15
113 122 17
113 175 16
114 146 14
114 164 9
115 129 16
115 130 13
116 162 15
116 155 16
117 108 12
117 125 19
118 200 8
118 188 5
119 176 9
119 140 6
120 160 9
120 168 10
121 146 12
121 164 13
122 113 17
122 175 11
123 153 13
123 178 9
124 168 14
124 154 15
125 108 11
125 117 19
126 105 16
126 135 10
127 166 10
127 158 7
128 199 14
128 135 5
129 115 16
129 159 12
130 115 13
130 159 16
131 200 5
131 198 10
132 133 15
132 175 10
133 132 15
133 175 6
134 200 7
134 198 12
135 128 5
135 126 10
136 144 21
136 166 13
137 178 3
137 101 19
138 104 12
138 107 6
139 195 20
139 199 9
140 102 17
140 119 6
141 176 8
141 151 9
142 145 9
142 159 15
143 152 8
143 177 18
144 136 21
144 166 11
145 161 7
145 142 9
146 121 12
146 114 14
146 164 12
147 193 5
147 186 8
147 196 6
148 169 12
148 193 9
148 167 13
149 173 10
149 150 8
149 182 7
150 149 8
150 182 7
150 173 16
151 176 12
151 106 7
151 141 9
152 143 8
152 101 10
152 111 12
153 178 7
153 123 13
153 109 16
154 160 7
154 168 10
154 124 15
155 162 10
155 163 12
155 116 16
156 200 5
156 197 5
156 198 5
157 188 7
157 180 7
157 183 9
158 161 7
158 127 7
159 129 12
159 130 16
159 142 15
160 120 9
160 168 14
160 154 7
161 105 6
161 158 7
161 145 7
162 155 10
162 116 15
162 163 6
163 162 6
163 155 12
163 194 5
164 121 13
164 114 9
164 146 12
165 195 10
165 189 12
165 199 6
166 136 13
166 144 11
166 127 10
167 169 9
167 170 7
167 148 13
167 193 6
168 120 10
168 160 14
168 154 10
168 124 14
169 193 8
169 170 10
169 148 12
169 167 9
170 112 15
170 169 10
170 193 8
170 167 7
171 192 6
171 186 13
171 196 3
171 181 10
172 184 4
172 179 3
172 180 8
172 183 4
173 182 6
173 149 10
173 110 12
173 150 16
174 177 6
174 103 13
175 113 16
175 122 11
175 132 10
175 133 6
176 106 15
176 151 12
176 141 8
176 119 9
177 107 8
177 143 18
177 174 6
177 103 19
178 137 3
178 123 9
178 109 15
178 153 7
179 184 12
179 188 2
179 172 3
179 182 5
180 184 7
180 188 11
180 172 8
180 157 7
180 183 6
181 192 5
181 186 5
181 171 10
181 196 8
181 194 12
182 179 5
182 150 7
182 149 7
182 110 12
182 173 6
183 184 6
183 188 3
183 172 4
183 180 6
183 157 9
184 188 5
184 180 7
184 179 12
184 172 4
184 183 6
185 187 12
185 189 5
185 195 7
185 199 4
186 192 7
186 194 4
186 196 5
186 171 13
186 147 8
186 181 5
187 185 12
187 195 8
187 189 7
187 190 6
187 199 8
188 179 2
188 180 11
188 118 5
188 183 3
188 184 5
188 157 7
189 185 5
189 187 7
189 165 12
189 195 7
189 199 8
190 200 9
190 187 6
190 197 9
190 198 8
190 191 5
191 200 7
191 197 6
191 198 9
191 190 5
192 194 11
192 171 6
192 196 11
192 186 7
192 181 5
193 167 6
193 169 8
193 170 8
193 112 9
193 147 5
193 148 9
194 192 11
194 186 4
194 163 5
194 196 8
194 181 12
195 165 10
195 199 3
195 139 20
195 185 7
195 187 8
195 189 7
196 192 11
196 194 8
196 200 2
196 171 3
196 147 6
196 181 8
196 186 5
197 200 5
197 156 5
197 198 6
197 190 9
197 191 6
198 131 10
198 197 6
198 134 12
198 200 6
198 156 5
198 190 8
198 191 9
199 128 14
199 195 3
199 165 6
199 139 9
199 111 4
199 185 4
199 187 8
199 189 8
200 131 5
200 196 2
200 197 5
200 198 6
200 118 8
200 134 7
200 156 5
200 190 9
200 191 7
1
1 2
172
2 114 4
3 192 3
3 187 1
3 126 1
4 192 2
4 146 3
4 194 2
4 126 4
7 196 1
8 178 3
8 138 5
9 188 7
9 117 4
11 126 4
12 129 3
13 134 2
15 155 4
15 140 3
17 153 2
17 123 2
18 154 3
20 116 2
21 184 1
21 101 5
22 200 2
22 118 4
23 108 3
24 116 6
27 128 5
27 195 3
30 138 9
32 131 5
34 168 6
37 192 3
37 105 5
37 196 2
38 140 2
38 164 2
38 126 2
42 102 5
43 194 4
43 147 1
44 192 1
44 114 3
44 139 3
44 187 2
45 184 4
45 180 1
45 134 2
46 152 7
48 123 1
48 115 3
52 105 3
54 162 5
59 102 4
60 155 8
61 172 3
61 140 3
61 188 1
61 157 4
64 137 2
64 180 3
66 185 5
66 123 3
66 189 6
67 142 4
71 196 2
71 143 3
74 186 5
75 128 2
75 190 2
75 191 4
78 108 6
81 177 9
90 154 5
91 120 3
91 116 5
92 160 3
92 174 8
93 152 3
93 130 4
94 103 3
96 103 5
97 120 2
100 160 2
100 164 3
101 21 5
102 42 5
102 59 4
103 96 5
103 94 3
105 52 3
105 37 5
108 78 6
108 23 3
114 2 4
114 44 3
115 48 3
116 24 6
116 91 5
116 20 2
117 9 4
118 22 4
120 97 2
120 91 3
123 48 1
123 17 2
123 66 3
126 3 1
126 11 4
126 4 4
126 38 2
128 75 2
128 27 5
129 12 3
130 93 4
131 32 5
134 13 2
134 45 2
137 64 2
138 8 5
138 30 9
139 44 3
140 61 3
140 38 2
140 15 3
142 67 4
143 71 3
146 4 3
147 43 1
152 93 3
152 46 7
153 17 2
154 90 5
154 18 3
155 60 8
155 15 4
157 61 4
160 92 3
160 100 2
162 54 5
164 100 3
164 38 2
168 34 6
172 61 3
174 92 8
177 81 9
178 8 3
180 64 3
180 45 1
184 45 4
184 21 1
185 66 5
186 74 5
187 3 1
187 44 2
188 9 7
188 61 1
189 66 6
190 75 2
191 75 4
192 4 2
192 3 3
192 44 1
192 37 3
194 43 4
194 4 2
195 27 3
196 71 2
196 37 2
196 7 1
200 22 2
26
160 97 34 100 168 98 120 18 56 90 91 124 154 31  
102 104 42 140 15 138 59 29 30  
1 37 135 105 11 52 126  
9 108 78 117 23 125 53  
128 66 187 36 165 199 139 44 195 185 27 189  
96 107 71 177 103 174 47 81 86 143 92 94  
64 101 137 14 46 111 21 152  
162 163 68 20 54 24 116 155 60  
129 130 67 69 70 12 142 48 115 93 159  
172 45 61 179 180 183 184 58 188 157  
32 33 197 131 22 134 200 75 13 118 198 156 190 191  
192 194 3 196 7 74 43 77 147 171 186 181  
8 109 17 178 25 153 123  
2 164 4 38 40 146 114 121  
72 79 80 83 84 88 57  
16 63 62 55  
49 10 82 50 73  
65 99 39 85 87 89 28 95  
41 19 76 6 51  
26 35 5  
136 144 166 127  
173 182 149 110 150  
193 167 169 170 112 148  
145 158 161  
113 122 132 133 175  
176 106 151 141 119  
