46 162.0
56 117.0
86 153.0
12 145.0
100 145.0
4 196.0
49 152.0
36 189.0
4 131.0
36 172.0
13 106.0
6 123.0
21 113.0
69 156.0
51 186.0
87 190.0
14 137.0
91 200.0
26 141.0
44 139.0
19 164.0
44 120.0
65 163.0
82 134.0
74 105.0
81 134.0
65 139.0
44 200.0
49 113.0
14 123.0
86 172.0
13 163.0
21 141.0
74 189.0
12 163.0
6 164.0
65 123.0
82 186.0
19 123.0
6 117.0
100 186.0
87 105.0
91 123.0
100 164.0
4 120.0
26 134.0
21 131.0
69 134.0
21 134.0
19 172.0
4 186.0
81 106.0
44 163.0
81 139.0
49 106.0
4 106.0
44 105.0
46 190.0
4 200.0
49 153.0
6 163.0
6 200.0
81 189.0
19 156.0
4 145.0
49 200.0
13 134.0
51 134.0
82 190.0
12 189.0
69 106.0
46 106.0
56 120.0
13 153.0
13 139.0
49 123.0
81 117.0
44 145.0
86 186.0
100 123.0
65 200.0
44 172.0
12 137.0
36 120.0
82 131.0
81 141.0
26 190.0
65 137.0
86 190.0
86 196.0
87 141.0
82 200.0
86 131.0
14 113.0
74 106.0
19 153.0
36 163.0
44 189.0
49 117.0
49 156.0
19 105.0
56 196.0
36 141.0
19 163.0
6 156.0
49 120.0
4 162.0
69 139.0
21 145.0
19 145.0
91 120.0
74 200.0
19 200.0
46 172.0
14 105.0
74 153.0
56 172.0
14 145.0
86 134.0
56 106.0
44 152.0
56 186.0
44 123.0
26 163.0
100 139.0
65 141.0
36 117.0
13 186.0
36 145.0
36 186.0
