45 119.0
39 115.0
24 180.0
24 189.0
32 156.0
86 198.0
90 151.0
55 173.0
83 106.0
50 185.0
57 124.0
40 105.0
36 195.0
18 181.0
61 172.0
16 170.0
6 163.0
10 196.0
51 124.0
95 181.0
69 137.0
34 125.0
5 134.0
96 136.0
88 196.0
92 140.0
93 114.0
1 120.0
33 119.0
74 102.0
65 132.0
60 112.0
54 186.0
99 146.0
47 160.0
15 199.0
78 175.0
72 158.0
15 157.0
53 104.0
9 136.0
28 179.0
16 143.0
92 110.0
56 106.0
40 187.0
48 151.0
94 169.0
44 105.0
68 127.0
70 117.0
88 162.0
32 120.0
60 141.0
46 194.0
14 147.0
16 192.0
69 130.0
