33 152
5 161
33 135
5 118
17 114
43 125
12 101
27 139
2 102
8 108
62 112
71 129
91 129
90 112
98 186
60 147
93 179
96 163
80 119
79 140
86 132
88 119
20 183
53 153
70 111
74 100
68 128
84 100
75 128
82 193
85 199
4 156
50 197
64 178
40 150
6 104
64 137
94 151
13 153
73 101
39 118
44 144
19 190
22 155
84 158
80 159
12 149
7 174
93 137
98 140
43 147
20 112
79 161
2 125
68 178
2 104
27 153
40 156
71 152
27 111
74 161
2 163
5 101
86 152
6 135
5 100
17 161
6 139
4 137
2 111
62 140
98 119
79 101
2 137
75 102
96 101
91 140
64 118
91 108
27 137
4 100
96 193
2 129
4 104
93 112
43 108
4 111
12 161
53 118
82 119
33 129
40 119
4 108
