96 161.0
58 184.0
62 122.0
28 145.0
90 122.0
85 132.0
30 133.0
86 101.0
56 101.0
74 133.0
82 118.0
37 131.0
71 182.0
18 171.0
4 195.0
59 127.0
44 139.0
44 200.0
4 183.0
50 124.0
91 149.0
88 153.0
64 124.0
51 153.0
11 165.0
33 177.0
32 187.0
33 160.0
16 105.0
53 104.0
24 159.0
23 157.0
2 138.0
12 103.0
67 109.0
77 110.0
65 143.0
78 110.0
26 143.0
39 147.0
100 163.0
34 154.0
27 147.0
83 154.0
43 189.0
10 186.0
10 185.0
43 174.0
10 180.0
61 169.0
84 125.0
22 175.0
73 140.0
73 168.0
61 115.0
47 146.0
54 106.0
81 151.0
9 106.0
69 122.0
99 104.0
68 130.0
65 152.0
90 128.0
10 188.0
27 164.0
50 113.0
100 102.0
71 167.0
10 169.0
82 149.0
85 189.0
59 104.0
100 109.0
61 143.0
53 145.0
10 133.0
84 171.0
59 140.0
16 132.0
56 159.0
67 105.0
11 174.0
22 160.0
44 189.0
18 143.0
11 161.0
62 103.0
43 195.0
44 163.0
56 122.0
53 143.0
91 185.0
39 124.0
11 109.0
37 105.0
83 131.0
58 149.0
44 171.0
82 125.0
34 138.0
85 165.0
23 110.0
71 124.0
37 143.0
2 149.0
86 154.0
86 177.0
11 138.0
86 124.0
24 133.0
74 110.0
43 118.0
30 184.0
16 145.0
61 153.0
53 185.0
62 133.0
11 149.0
10 149.0
26 145.0
26 195.0
26 147.0
2 143.0
11 143.0
88 140.0
71 159.0
43 145.0
86 104.0
96 163.0
43 175.0
11 131.0
61 159.0
59 132.0
62 132.0
77 132.0
58 140.0
10 105.0
