95 160
57 183
61 121
27 144
89 121
84 131
29 132
85 100
55 100
73 132
81 117
36 130
70 181
17 170
3 194
58 126
43 138
43 199
3 182
49 123
90 148
87 152
63 123
50 152
10 164
32 176
31 186
32 159
15 104
52 103
23 158
22 156
1 137
11 102
66 108
76 109
64 142
77 109
25 142
38 146
99 162
33 153
26 146
82 153
42 188
9 185
9 184
42 173
9 179
60 168
83 124
21 174
72 139
72 167
60 114
46 145
53 105
80 150
8 105
68 121
98 103
67 129
64 151
89 127
9 187
26 163
49 112
99 101
70 166
9 168
81 148
84 188
58 103
99 108
60 142
52 144
9 132
83 170
58 139
15 131
55 158
66 104
10 173
21 159
43 188
17 142
10 160
61 102
42 194
43 162
55 121
52 142
90 184
38 123
10 108
36 104
82 130
57 148
43 170
81 124
33 137
84 164
22 109
70 123
36 142
1 148
85 153
85 176
10 137
85 123
23 132
73 109
42 117
29 183
15 144
60 152
52 184
61 132
10 148
9 148
25 144
25 194
25 146
1 142
10 142
87 139
70 158
42 144
85 103
95 162
42 174
10 130
60 158
58 131
61 131
76 131
57 139
9 104
