51 137
89 108
57 169
45 180
61 156
54 156
85 185
55 179
84 134
88 197
29 188
97 184
34 173
30 104
81 143
70 116
6 158
36 116
47 186
62 177
5 125
53 176
53 159
47 164
3 194
43 199
58 133
16 171
43 138
58 126
93 183
50 160
18 192
87 172
49 121
90 144
12 144
52 110
19 100
15 140
48 132
76 148
59 152
77 123
7 119
64 123
25 148
99 120
94 113
71 142
82 142
38 113
91 120
39 145
98 154
68 151
24 157
74 161
75 189
96 157
65 151
20 162
9 146
42 147
20 105
92 136
83 130
41 170
60 181
72 117
21 136
20 154
12 117
91 159
68 162
48 142
9 189
43 181
42 120
34 143
16 180
75 177
24 143
53 161
9 116
29 169
19 164
20 179
88 181
