51 118
69 166
74 113
38 173
2 148
8 121
31 106
7 123
31 119
65 153
25 132
28 186
41 186
12 103
36 102
90 186
87 132
62 109
52 109
61 131
18 168
26 196
9 148
89 198
79 107
47 105
86 174
20 160
53 127
81 144
4 165
78 111
23 116
32 105
61 114
75 105
23 141
87 143
5 129
37 136
32 158
90 190
4 155
64 189
63 160
80 198
32 131
7 144
95 147
60 179
35 188
74 110
6 183
20 168
83 195
85 175
1 177
16 182
54 178
8 148
74 166
74 173
31 123
38 113
7 106
2 121
69 113
38 118
7 119
51 173
69 173
51 113
51 166
38 166
