53 103
70 127
10 136
20 112
11 129
83 129
3 184
45 169
12 174
36 138
29 168
29 149
12 195
3 151
21 160
46 154
2 126
8 156
2 197
8 189
21 109
46 199
21 193
25 148
43 196
62 130
58 148
94 157
66 132
26 137
54 114
39 125
63 190
86 142
69 159
38 123
78 179
77 171
23 178
3 125
6 100
53 146
26 158
54 155
37 113
87 135
13 101
53 180
23 179
67 110
49 183
36 176
10 181
8 130
83 149
2 149
2 136
36 189
29 129
21 103
45 136
70 169
3 109
12 129
45 112
2 138
3 127
11 154
10 189
36 197
36 126
46 168
70 168
46 174
21 127
53 184
3 193
12 126
21 129
12 127
70 174
36 129
53 126
36 103
20 151
20 184
21 195
8 127
83 154
12 189
46 127
29 109
12 112
20 193
53 149
46 195
3 160
2 103
83 174
20 195
11 197
2 112
10 168
29 112
53 199
8 168
45 129
29 160
8 184
21 168
83 197
10 149
10 184
36 127
46 151
