36 107
85 148
75 103
99 135
89 103
31 107
11 148
98 127
82 193
49 176
67 124
59 191
96 100
97 146
82 128
37 163
21 140
66 153
57 138
39 119
34 181
47 173
42 183
60 114
78 164
60 180
20 168
22 184
9 170
12 113
22 150
9 190
12 194
8 187
43 179
18 169
23 188
18 195
23 151
4 129
33 132
1 110
62 132
44 108
77 143
52 118
16 125
41 125
29 109
10 122
32 120
32 112
3 173
35 115
50 154
13 106
84 155
38 162
53 197
87 190
71 187
92 129
76 149
24 145
80 180
81 168
53 185
50 136
19 131
97 149
14 159
95 196
1 139
31 166
61 147
40 160
69 162
46 133
92 144
14 141
22 132
10 180
41 183
22 187
59 110
20 107
60 120
66 169
43 138
41 188
44 180
62 103
42 179
32 176
29 110
8 176
66 132
99 140
18 143
60 122
18 112
57 107
1 107
43 132
10 132
1 120
32 188
42 100
66 112
43 124
75 114
23 184
41 169
96 132
89 191
96 181
29 164
66 110
20 193
41 173
11 187
59 122
89 150
29 179
42 194
12 118
33 107
22 120
78 191
60 109
