60 163.0
4 141.0
88 141.0
17 163.0
46 134.0
50 133.0
26 109.0
3 121.0
54 184.0
37 153.0
37 190.0
54 198.0
66 114.0
78 126.0
86 126.0
71 114.0
9 175.0
12 140.0
9 158.0
6 128.0
23 122.0
33 125.0
35 156.0
45 147.0
91 188.0
97 124.0
89 117.0
40 170.0
68 169.0
39 130.0
83 107.0
65 123.0
18 107.0
80 123.0
13 165.0
49 196.0
55 192.0
49 183.0
8 146.0
53 178.0
7 157.0
97 105.0
12 125.0
88 128.0
35 196.0
89 190.0
33 123.0
18 147.0
71 158.0
45 125.0
80 126.0
33 163.0
86 122.0
40 107.0
9 123.0
37 121.0
18 121.0
37 147.0
3 134.0
26 107.0
46 130.0
3 147.0
6 156.0
65 140.0
