1 191.0
29 143.0
44 156.0
18 159.0
29 163.0
1 172.0
18 188.0
4 110.0
28 199.0
30 194.0
13 161.0
46 155.0
46 198.0
4 190.0
30 157.0
28 127.0
47 125.0
3 195.0
22 174.0
49 114.0
22 136.0
3 153.0
49 162.0
26 117.0
58 149.0
63 185.0
43 183.0
56 196.0
14 197.0
25 190.0
53 194.0
61 193.0
10 200.0
90 160.0
45 109.0
8 136.0
87 152.0
35 184.0
80 190.0
11 175.0
21 199.0
69 200.0
75 162.0
39 169.0
78 144.0
82 169.0
79 145.0
31 163.0
41 177.0
40 106.0
24 126.0
36 144.0
8 118.0
62 130.0
32 104.0
20 122.0
87 147.0
44 140.0
55 123.0
21 168.0
19 148.0
60 117.0
49 154.0
79 112.0
11 185.0
25 196.0
91 152.0
44 182.0
38 178.0
28 179.0
9 141.0
69 124.0
30 136.0
13 195.0
47 159.0
47 190.0
44 155.0
49 198.0
22 157.0
30 159.0
1 127.0
44 161.0
29 194.0
46 162.0
4 174.0
4 143.0
22 155.0
13 159.0
49 159.0
28 136.0
3 155.0
22 159.0
44 174.0
49 188.0
44 125.0
3 159.0
47 156.0
28 188.0
46 125.0
18 199.0
18 155.0
29 198.0
1 153.0
44 194.0
29 127.0
46 195.0
49 143.0
47 172.0
1 174.0
18 153.0
18 157.0
44 195.0
3 110.0
13 156.0
1 155.0
