49 120.0
75 107.0
20 104.0
4 149.0
23 123.0
25 131.0
9 109.0
50 182.0
42 103.0
61 141.0
61 117.0
42 190.0
6 193.0
48 196.0
18 136.0
18 198.0
48 183.0
6 192.0
76 147.0
30 110.0
63 174.0
58 174.0
14 114.0
37 102.0
29 129.0
89 159.0
96 146.0
80 168.0
99 165.0
83 168.0
70 159.0
49 110.0
50 146.0
18 103.0
70 141.0
89 136.0
9 117.0
18 110.0
30 129.0
18 168.0
4 110.0
14 103.0
80 147.0
75 174.0
25 120.0
14 149.0
80 123.0
50 123.0
9 146.0
37 107.0
29 104.0
83 129.0
63 103.0
18 174.0
37 159.0
70 109.0
18 123.0
58 196.0
6 104.0
30 120.0
23 174.0
61 109.0
61 114.0
25 103.0
76 114.0
25 196.0
49 198.0
23 149.0
49 114.0
76 146.0
6 149.0
9 136.0
37 182.0
96 147.0
4 109.0
29 141.0
29 174.0
75 182.0
61 129.0
48 165.0
25 165.0
9 141.0
58 117.0
18 149.0
50 114.0
61 193.0
25 147.0
48 182.0
48 159.0
29 196.0
20 110.0
37 174.0
58 165.0
9 182.0
25 174.0
76 198.0
23 168.0
25 141.0
42 131.0
58 198.0
49 146.0
14 168.0
48 103.0
6 109.0
