2
1 2 3 4 5 6 7 8 9 10 11 12 13 14 15 16 17 18 19 20 21 22 23 24 25 26 27 28 29 30 31 32 33 34 35 36 37 38 39 40 41 42 43 44 45 46 47 48 49 50 51 52 53 54 55 56 57 58 59 60 61 62 63 64 65 66 67 68 69 70 71 72 73 74 75 76 77 78 79 80 81 82 83 84 85 86 87 88 89 90 91 92 93 94 95 96 97 98 99 100 
296
50 96
55 89
57 62
60 92
62 57
67 100
67 94
67 95
68 76
68 69
68 77
69 68
69 76
69 77
70 96
70 97
70 98
70 78
70 80
70 83
70 86
70 88
70 89
70 93
71 75
71 95
72 75
73 100
73 78
73 82
73 84
73 90
73 91
73 94
74 91
75 72
75 71
76 68
76 69
76 77
77 68
77 76
77 69
78 96
78 97
78 98
78 99
78 70
78 73
78 80
78 81
78 83
78 86
78 88
78 93
79 97
79 98
79 99
79 80
79 85
79 87
79 88
79 89
79 92
79 93
80 97
80 98
80 99
80 70
80 78
80 79
80 81
80 83
80 85
80 88
80 92
80 93
81 96
81 97
81 98
81 78
81 80
81 83
81 85
81 86
81 87
81 88
81 92
81 93
82 100
82 73
82 84
82 90
82 91
82 94
82 95
83 96
83 97
83 98
83 99
83 70
83 78
83 80
83 81
83 87
83 89
83 92
83 93
84 100
84 73
84 82
84 86
84 90
84 91
84 94
84 95
85 96
85 97
85 98
85 99
85 79
85 80
85 81
85 86
85 87
85 88
85 89
85 92
86 96
86 97
86 98
86 99
86 70
86 78
86 81
86 84
86 85
86 88
86 89
86 92
87 96
87 97
87 98
87 99
87 79
87 81
87 83
87 85
87 88
87 89
87 92
87 93
88 96
88 97
88 99
88 70
88 78
88 79
88 80
88 81
88 85
88 86
88 87
88 89
88 92
88 93
89 96
89 98
89 99
89 70
89 87
89 79
89 83
89 85
89 86
89 55
89 88
89 92
89 93
90 100
90 73
90 82
90 84
90 91
90 94
90 95
91 100
91 73
91 74
91 82
91 84
91 90
91 94
91 95
92 97
92 98
92 99
92 79
92 80
92 81
92 83
92 85
92 86
92 87
92 88
92 89
92 60
93 96
93 99
93 70
93 78
93 79
93 80
93 81
93 83
93 87
93 88
93 89
94 67
94 100
94 73
94 82
94 84
94 90
94 91
94 95
95 67
95 100
95 71
95 82
95 84
95 90
95 91
95 94
96 98
96 99
96 70
96 78
96 81
96 50
96 83
96 85
96 86
96 87
96 88
96 89
96 93
97 98
97 99
97 70
97 78
97 79
97 80
97 81
97 83
97 85
97 86
97 87
97 88
97 92
98 96
98 97
98 99
98 70
98 78
98 79
98 80
98 81
98 83
98 85
98 86
98 87
98 89
98 92
99 96
99 97
99 98
99 78
99 79
99 80
99 83
99 85
99 86
99 87
99 88
99 89
99 92
99 93
100 67
100 73
100 82
100 84
100 90
100 91
100 94
100 95
101 102 103 104 105 106 107 108 109 110 111 112 113 114 115 116 117 118 119 120 121 122 123 124 125 126 127 128 129 130 131 132 133 134 135 136 137 138 139 140 141 142 143 144 145 146 147 148 149 150 151 152 153 154 155 156 157 158 159 160 161 162 163 164 165 166 167 168 169 170 171 172 173 174 175 176 177 178 179 180 181 182 183 184 185 186 187 188 189 190 191 192 193 194 195 196 197 198 199 200 
30
184 186
186 184
191 200
192 197
192 198
192 199
193 196
193 199
194 195
194 200
195 194
195 200
196 193
196 198
196 199
197 192
197 198
197 199
198 192
198 196
198 197
198 199
199 192
199 193
199 196
199 197
199 198
200 194
200 195
200 191
1
1 2
66
4 179
4 139
4 189
5 114
5 188
135 90
135 67
139 4
139 38
141 14
14 194
14 141
16 185
16 173
16 167
17 111
195 13
155 13
28 185
29 160
29 114
160 29
38 139
167 16
170 75
199 72
173 16
173 75
179 4
179 13
183 62
185 16
185 28
187 72
188 5
189 4
62 183
191 11
193 71
194 14
67 135
197 71
71 193
71 197
72 187
72 199
73 113
75 170
75 173
75 111
13 155
13 179
13 195
11 191
84 111
90 135
94 114
100 113
111 17
111 75
111 84
113 73
113 100
114 5
114 94
114 29
13
4 5 7 136 15 20 24 28 166 170 199 49 178 179 180 53 183 185 186 187 188 189 62 181 192 193 196 197 198 71 72 75  
129 3 135 137 139 17 38 41 44 55 60 67 73 82 84 90 91 94 95 100 102 111 113 114 116  
2 138 11 13 14 144 155 29 160 35 37 39 173 182 184 190 191 194 195 200 141 16 103 167 117  
33 9 45 51 57 54 23 25 26 31  
32 64 10 43 61 47 50 74 22 56 42  
1 34 6 8 12 48 18 19 27  
65 68 69 40 76 77 46 52 21 58 59 30 63  
96 97 66 99 36 70 98 78 79 80 81 83 85 86 87 88 89 92 93  
128 162 171 104 105 107 172 175 115 149 120 153 124  
131 133 109 157 145 151 154 123 125 126  
161 132 174 142 143 147 110 150 164 122 156  
101 134 106 108 112 148 118 119 127  
130 163 165 168 169 140 176 177 146 152 121 158 159  
