31 162
45 101
75 126
11 162
36 126
54 156
97 137
59 166
67 157
82 157
35 144
7 177
17 161
35 116
22 173
20 172
9 181
20 164
13 165
86 168
84 113
94 190
90 194
8 163
25 153
43 140
25 119
4 155
62 185
1 175
1 199
4 111
61 135
52 117
77 107
16 135
2 187
32 171
2 151
32 195
2 130
37 179
60 105
38 193
30 142
51 182
0 174
46 182
80 109
82 198
16 174
39 115
76 120
45 108
36 127
25 146
7 110
17 107
82 165
43 151
16 157
52 190
11 111
59 181
11 107
4 166
4 140
9 175
75 140
54 135
84 153
17 199
16 113
1 153
59 101
59 172
36 153
8 161
20 126
32 117
94 157
77 166
35 166
1 117
97 164
13 163
7 175
31 195
77 126
35 137
25 194
86 163
20 151
7 164
7 172
75 137
2 162
1 140
2 161
9 199
77 185
97 181
75 156
