46 106.0
96 163.0
55 147.0
52 106.0
58 163.0
98 104.0
80 105.0
74 144.0
85 144.0
86 105.0
48 126.0
54 187.0
6 177.0
48 108.0
3 132.0
70 101.0
38 111.0
9 101.0
5 150.0
17 136.0
44 119.0
44 164.0
5 188.0
13 199.0
51 169.0
88 166.0
64 140.0
50 176.0
64 197.0
12 110.0
2 121.0
23 121.0
29 110.0
14 102.0
10 123.0
14 167.0
10 179.0
61 146.0
22 128.0
42 196.0
84 158.0
84 162.0
71 140.0
32 170.0
53 188.0
60 111.0
72 199.0
34 106.0
25 165.0
68 158.0
68 186.0
81 156.0
35 131.0
94 103.0
15 149.0
23 134.0
85 200.0
19 142.0
2 158.0
44 169.0
88 128.0
85 102.0
70 162.0
9 110.0
85 147.0
3 104.0
80 106.0
54 110.0
13 163.0
50 126.0
22 163.0
64 147.0
10 119.0
10 128.0
5 106.0
96 101.0
54 166.0
51 177.0
64 110.0
38 163.0
51 121.0
6 144.0
58 166.0
3 167.0
5 162.0
5 176.0
50 128.0
44 163.0
54 162.0
12 111.0
61 167.0
22 123.0
10 197.0
22 101.0
46 199.0
50 121.0
50 196.0
48 158.0
10 110.0
54 147.0
74 177.0
55 199.0
2 104.0
52 196.0
3 108.0
55 188.0
54 101.0
10 147.0
64 187.0
55 121.0
51 106.0
29 144.0
14 132.0
29 104.0
14 196.0
29 132.0
98 123.0
84 132.0
88 144.0
85 176.0
22 150.0
55 123.0
42 104.0
84 177.0
88 164.0
22 199.0
74 136.0
88 102.0
52 140.0
96 167.0
61 132.0
51 110.0
5 104.0
85 162.0
17 158.0
70 167.0
46 144.0
58 188.0
46 110.0
23 187.0
6 176.0
14 144.0
13 162.0
85 146.0
17 187.0
84 111.0
5 163.0
6 128.0
42 132.0
9 108.0
42 176.0
54 163.0
55 128.0
29 197.0
29 102.0
44 102.0
17 162.0
80 164.0
13 187.0
6 132.0
50 123.0
58 136.0
3 199.0
22 179.0
74 140.0
10 144.0
52 121.0
10 162.0
52 104.0
23 176.0
70 146.0
50 177.0
61 179.0
6 197.0
48 121.0
48 104.0
70 166.0
51 104.0
51 101.0
14 111.0
10 108.0
5 102.0
10 111.0
70 126.0
70 147.0
10 126.0
44 123.0
96 140.0
55 177.0
64 144.0
22 176.0
17 179.0
29 188.0
13 111.0
17 140.0
51 187.0
80 110.0
64 102.0
50 132.0
44 108.0
10 146.0
88 108.0
88 188.0
74 163.0
5 105.0
44 177.0
84 121.0
23 163.0
50 144.0
10 199.0
