90 102.0
52 179.0
58 102.0
98 142.0
30 161.0
56 122.0
85 122.0
7 134.0
31 200.0
7 139.0
54 197.0
48 125.0
48 168.0
54 176.0
3 114.0
9 143.0
64 150.0
91 119.0
51 191.0
13 113.0
1 159.0
41 144.0
16 137.0
20 107.0
60 163.0
26 147.0
8 163.0
99 101.0
40 132.0
25 101.0
66 132.0
21 130.0
10 180.0
21 185.0
10 174.0
61 153.0
45 124.0
22 124.0
99 122.0
45 147.0
48 179.0
45 102.0
58 137.0
58 143.0
21 147.0
9 163.0
10 102.0
54 107.0
16 101.0
3 200.0
30 125.0
13 180.0
16 179.0
20 159.0
20 113.0
16 163.0
1 107.0
8 137.0
10 153.0
41 153.0
21 107.0
48 101.0
60 143.0
64 101.0
20 174.0
40 119.0
3 163.0
64 137.0
41 200.0
1 114.0
54 150.0
8 153.0
31 119.0
10 197.0
22 147.0
31 114.0
31 101.0
56 191.0
30 119.0
16 161.0
30 132.0
54 102.0
64 102.0
7 114.0
7 179.0
3 134.0
30 163.0
48 137.0
20 142.0
90 124.0
10 139.0
1 124.0
10 137.0
16 150.0
41 137.0
90 163.0
1 132.0
91 143.0
91 176.0
8 124.0
60 185.0
26 114.0
54 134.0
52 174.0
60 197.0
9 137.0
1 197.0
51 134.0
7 197.0
52 163.0
51 153.0
22 122.0
10 200.0
41 163.0
20 143.0
9 200.0
41 176.0
10 150.0
66 102.0
58 159.0
56 119.0
9 119.0
1 137.0
1 176.0
40 134.0
25 144.0
20 132.0
20 200.0
40 174.0
91 114.0
61 191.0
52 143.0
13 159.0
56 200.0
52 137.0
52 113.0
7 150.0
45 200.0
8 200.0
7 137.0
51 132.0
54 130.0
21 102.0
99 139.0
21 168.0
56 147.0
48 200.0
40 163.0
48 122.0
64 147.0
3 113.0
9 179.0
8 130.0
21 144.0
10 168.0
54 122.0
48 124.0
31 143.0
61 161.0
56 159.0
40 161.0
56 150.0
54 142.0
26 185.0
98 163.0
58 144.0
98 101.0
48 185.0
8 122.0
3 168.0
7 144.0
61 114.0
3 124.0
91 147.0
7 124.0
30 114.0
13 137.0
26 125.0
13 200.0
60 191.0
54 179.0
30 168.0
26 101.0
31 132.0
40 179.0
21 125.0
58 191.0
66 134.0
16 142.0
54 200.0
