58 108.0
46 177.0
96 187.0
67 131.0
12 107.0
15 144.0
40 104.0
68 144.0
76 104.0
56 104.0
86 179.0
85 151.0
37 119.0
71 104.0
48 142.0
63 101.0
81 195.0
3 153.0
4 142.0
5 174.0
19 184.0
13 130.0
50 139.0
41 150.0
11 141.0
16 121.0
24 125.0
65 166.0
87 195.0
39 170.0
100 124.0
14 117.0
73 117.0
84 178.0
61 196.0
42 128.0
7 198.0
62 185.0
79 135.0
25 106.0
64 163.0
1 170.0
8 103.0
42 136.0
42 188.0
20 113.0
5 141.0
99 101.0
86 149.0
52 153.0
55 129.0
54 123.0
73 134.0
4 192.0
34 115.0
21 199.0
6 166.0
45 143.0
89 173.0
28 122.0
67 107.0
40 144.0
15 104.0
