67 193.0
57 177.0
22 192.0
38 159.0
22 194.0
57 125.0
23 164.0
6 139.0
21 107.0
21 154.0
24 153.0
26 117.0
44 178.0
44 162.0
2 187.0
34 195.0
27 171.0
34 191.0
27 151.0
72 183.0
88 160.0
70 168.0
89 199.0
80 198.0
30 131.0
33 196.0
33 180.0
30 188.0
33 189.0
80 194.0
27 168.0
6 160.0
24 125.0
30 171.0
88 189.0
44 107.0
72 162.0
21 178.0
67 168.0
2 153.0
21 153.0
57 195.0
26 199.0
24 168.0
57 117.0
6 195.0
27 196.0
21 191.0
89 187.0
33 159.0
57 189.0
23 162.0
88 151.0
30 160.0
24 189.0
34 188.0
80 178.0
44 183.0
80 139.0
2 180.0
23 117.0
80 187.0
21 162.0
21 199.0
72 117.0
30 194.0
38 160.0
27 125.0
21 189.0
24 171.0
44 154.0
24 177.0
2 160.0
