66 192
56 176
21 191
37 158
21 193
56 124
22 163
5 138
20 106
20 153
23 152
25 116
43 177
43 161
1 186
33 194
26 170
33 190
26 150
71 182
87 159
69 167
88 198
79 197
29 130
32 195
32 179
29 187
32 188
79 193
26 167
5 159
23 124
29 170
87 188
43 106
71 161
20 177
66 167
1 152
20 152
56 194
25 198
23 167
56 116
5 194
26 195
20 190
88 186
32 158
56 188
22 161
87 150
29 159
23 188
33 187
79 177
43 182
79 138
1 179
22 116
79 186
20 161
20 198
71 116
29 193
37 159
26 124
20 188
23 170
43 153
23 176
1 159
