96 153.0
55 120.0
58 120.0
98 104.0
89 144.0
80 144.0
74 104.0
31 123.0
71 112.0
54 150.0
48 113.0
54 194.0
48 191.0
38 168.0
70 175.0
70 176.0
38 125.0
51 189.0
36 156.0
91 174.0
94 186.0
41 196.0
11 155.0
11 190.0
53 177.0
16 178.0
16 108.0
2 121.0
67 110.0
27 138.0
92 103.0
34 138.0
14 118.0
10 137.0
42 133.0
45 141.0
93 133.0
44 179.0
60 175.0
66 135.0
37 154.0
98 192.0
74 193.0
14 144.0
2 118.0
34 191.0
67 156.0
71 168.0
70 138.0
11 186.0
80 120.0
16 138.0
53 137.0
53 189.0
31 174.0
71 141.0
34 137.0
55 113.0
14 141.0
53 113.0
34 118.0
16 190.0
54 156.0
48 133.0
38 177.0
93 177.0
16 125.0
53 168.0
36 120.0
34 104.0
34 176.0
10 110.0
92 191.0
10 191.0
58 168.0
94 108.0
67 141.0
96 103.0
45 174.0
91 133.0
11 103.0
53 103.0
11 137.0
11 121.0
14 112.0
48 123.0
71 153.0
93 108.0
10 103.0
92 118.0
38 112.0
41 175.0
10 113.0
