95 152
54 119
57 119
97 103
88 143
79 143
73 103
30 122
70 111
53 149
47 112
53 193
47 190
37 167
69 174
69 175
37 124
50 188
35 155
90 173
93 185
40 195
10 154
10 189
52 176
15 177
15 107
1 120
66 109
26 137
91 102
33 137
13 117
9 136
41 132
44 140
92 132
43 178
59 174
65 134
36 153
97 191
73 192
13 143
1 117
33 190
66 155
70 167
69 137
10 185
79 119
15 137
52 136
52 188
30 173
70 140
33 136
54 112
13 140
52 112
33 117
15 189
53 155
47 132
37 176
92 176
15 124
52 167
35 119
33 103
33 175
9 109
91 190
9 190
57 167
93 107
66 140
95 102
44 173
90 132
10 102
52 102
10 136
10 120
13 111
47 122
70 152
92 107
9 102
91 117
37 111
40 174
9 112
