65 186
25 116
5 147
33 163
57 188
65 180
33 179
41 120
0 110
17 111
28 115
41 170
0 183
45 182
12 177
27 181
3 137
36 150
12 185
45 178
8 133
21 105
2 165
48 114
8 157
52 144
61 139
24 101
35 131
73 122
66 144
13 131
26 184
96 168
98 138
89 195
97 174
9 149
56 159
93 175
99 184
22 187
39 158
44 192
7 155
1 142
7 171
39 190
79 141
47 117
63 100
34 143
86 100
67 141
88 117
75 103
69 136
95 112
51 145
68 129
74 129
59 145
49 103
85 148
4 146
78 121
77 108
81 146
50 108
37 148
23 140
6 106
64 130
32 123
30 132
40 164
55 167
92 197
91 185
15 107
20 134
16 152
62 173
65 113
77 160
44 199
14 109
51 164
86 136
6 163
93 131
48 139
21 146
50 157
36 157
39 130
48 141
81 100
79 149
51 149
27 146
27 114
34 190
86 175
27 108
35 121
56 132
69 108
99 112
23 137
68 158
64 195
12 112
51 148
34 123
13 146
6 146
25 121
9 110
78 133
36 132
28 187
81 145
25 159
67 144
85 114
5 145
