65 148
33 102
25 146
14 108
5 148
17 123
0 106
28 132
43 119
43 130
28 164
36 131
45 107
27 144
12 101
3 139
18 183
52 172
61 170
66 115
94 120
35 111
73 111
60 187
56 191
93 142
89 171
54 162
9 158
98 190
26 191
96 142
44 167
1 147
39 188
22 116
31 134
1 163
22 179
16 114
63 133
86 157
47 125
80 165
34 165
67 114
15 137
70 181
83 182
10 178
72 185
53 176
72 104
74 117
95 100
75 141
84 128
49 117
69 141
59 100
51 128
76 112
81 103
82 136
85 145
50 129
78 145
4 129
40 138
23 175
6 169
64 168
30 195
32 174
30 151
64 159
8 189
62 181
42 154
55 166
85 152
53 160
59 199
23 120
54 183
18 123
31 165
72 117
95 137
0 169
22 178
5 129
34 182
5 183
85 141
26 100
14 115
82 187
63 129
49 137
96 136
73 174
14 137
27 125
64 101
16 123
47 148
61 187
81 148
32 123
10 141
12 146
93 178
83 146
1 181
40 164
17 170
45 130
80 104
52 128
23 132
22 141
34 139
6 172
6 133
56 147
64 179
53 111
52 165
10 128
61 168
76 182
28 116
44 195
17 167
31 151
67 185
65 185
32 179
86 138
65 182
31 131
86 104
66 195
64 164
31 162
61 102
28 165
69 103
85 100
0 120
89 101
35 106
89 115
78 101
82 181
18 146
54 130
59 151
26 138
3 100
45 146
61 101
73 167
23 136
0 129
73 148
65 107
94 157
17 148
34 179
85 125
23 108
43 108
23 145
33 171
15 174
80 102
65 157
28 111
89 128
3 128
66 112
23 182
30 144
84 191
33 185
14 190
67 178
28 146
