87 184.0
17 154.0
64 112.0
48 121.0
68 173.0
80 171.0
35 184.0
38 148.0
77 117.0
5 180.0
78 187.0
79 181.0
51 164.0
82 168.0
100 145.0
94 108.0
61 140.0
10 132.0
55 102.0
90 102.0
98 132.0
99 140.0
27 108.0
15 199.0
66 193.0
29 148.0
18 178.0
4 143.0
30 188.0
22 130.0
9 147.0
92 139.0
56 118.0
59 167.0
53 143.0
95 195.0
67 150.0
45 144.0
40 148.0
21 181.0
54 149.0
85 152.0
69 135.0
50 153.0
65 126.0
24 153.0
82 158.0
46 106.0
25 142.0
16 118.0
74 146.0
25 130.0
80 103.0
84 147.0
85 188.0
25 192.0
18 191.0
72 119.0
61 125.0
78 162.0
96 190.0
8 197.0
13 157.0
76 185.0
22 196.0
94 152.0
55 179.0
2 183.0
12 138.0
85 131.0
5 165.0
61 132.0
80 112.0
98 108.0
68 171.0
82 164.0
38 164.0
27 145.0
90 140.0
80 121.0
48 184.0
78 117.0
51 148.0
79 164.0
98 140.0
68 154.0
55 132.0
10 102.0
100 132.0
77 148.0
82 148.0
