35 141.0
17 165.0
48 133.0
80 124.0
87 120.0
64 107.0
68 165.0
29 175.0
1 139.0
42 176.0
44 150.0
1 160.0
29 169.0
42 185.0
44 170.0
62 103.0
25 109.0
53 122.0
95 147.0
14 103.0
36 109.0
74 122.0
26 129.0
46 137.0
49 167.0
43 141.0
93 166.0
99 197.0
55 105.0
45 137.0
54 122.0
73 195.0
76 109.0
50 175.0
78 120.0
51 135.0
31 105.0
76 126.0
80 101.0
54 104.0
75 172.0
48 193.0
20 114.0
72 162.0
88 161.0
32 198.0
57 145.0
12 117.0
74 148.0
63 112.0
16 111.0
63 178.0
92 182.0
53 109.0
1 169.0
48 107.0
36 147.0
25 103.0
44 169.0
25 122.0
44 160.0
17 124.0
29 150.0
62 122.0
48 124.0
80 141.0
95 122.0
74 147.0
14 109.0
1 170.0
53 103.0
87 165.0
1 150.0
17 141.0
