34 140
16 164
47 132
79 123
86 119
63 106
67 164
28 174
0 138
41 175
43 149
0 159
28 168
41 184
43 169
61 102
24 108
52 121
94 146
13 102
35 108
73 121
25 128
45 136
48 166
42 140
92 165
98 196
54 104
44 136
53 121
72 194
75 108
49 174
77 119
50 134
30 104
75 125
79 100
53 103
74 171
47 192
19 113
71 161
87 160
31 197
56 144
11 116
73 147
62 111
15 110
62 177
91 181
52 108
0 168
47 106
35 146
24 102
43 168
24 121
43 159
16 123
28 149
61 121
47 123
79 140
94 121
73 146
13 108
0 169
52 102
86 164
0 149
16 140
