66 147.0
26 122.0
15 149.0
34 103.0
6 149.0
1 115.0
18 106.0
44 166.0
42 134.0
42 126.0
28 183.0
30 177.0
46 182.0
4 138.0
13 105.0
46 179.0
13 178.0
49 114.0
9 136.0
22 119.0
47 174.0
9 153.0
49 195.0
22 167.0
93 176.0
63 150.0
91 170.0
92 196.0
56 185.0
72 160.0
88 169.0
92 139.0
53 168.0
25 189.0
19 180.0
36 148.0
67 181.0
74 117.0
62 135.0
98 199.0
55 198.0
27 197.0
94 155.0
100 194.0
97 200.0
99 161.0
10 127.0
61 157.0
40 144.0
2 142.0
32 129.0
23 118.0
45 118.0
80 184.0
68 111.0
35 173.0
48 121.0
81 154.0
64 112.0
89 173.0
85 113.0
52 146.0
70 104.0
69 137.0
75 128.0
50 146.0
96 128.0
39 137.0
78 156.0
51 143.0
77 191.0
5 172.0
82 188.0
83 159.0
79 163.0
16 137.0
73 113.0
24 200.0
20 123.0
69 102.0
59 123.0
42 120.0
3 141.0
82 196.0
50 178.0
63 154.0
23 184.0
62 143.0
34 136.0
35 118.0
48 146.0
75 195.0
47 189.0
56 194.0
80 168.0
55 129.0
52 136.0
30 149.0
91 104.0
23 146.0
69 182.0
53 136.0
44 136.0
39 103.0
62 113.0
47 104.0
44 103.0
32 188.0
80 160.0
91 137.0
78 118.0
45 143.0
22 179.0
10 174.0
97 189.0
83 166.0
97 112.0
47 200.0
55 173.0
26 184.0
23 105.0
30 115.0
56 103.0
4 168.0
92 149.0
92 104.0
4 144.0
46 112.0
49 139.0
2 104.0
69 196.0
47 180.0
74 146.0
1 105.0
64 185.0
27 146.0
67 176.0
13 180.0
1 185.0
45 148.0
23 119.0
99 143.0
22 166.0
82 135.0
18 177.0
89 106.0
34 115.0
5 178.0
1 167.0
53 154.0
6 105.0
39 166.0
39 148.0
50 135.0
42 142.0
70 159.0
53 103.0
32 106.0
79 103.0
51 179.0
88 134.0
78 148.0
19 179.0
9 147.0
55 154.0
56 191.0
74 104.0
13 119.0
74 118.0
67 191.0
96 139.0
35 181.0
88 144.0
13 112.0
63 118.0
25 156.0
1 128.0
91 103.0
28 126.0
44 174.0
26 113.0
82 142.0
69 144.0
39 183.0
18 199.0
67 167.0
83 115.0
10 150.0
