65 146
25 121
14 148
33 102
5 148
0 114
17 105
43 165
41 133
41 125
27 182
29 176
45 181
3 137
12 104
45 178
12 177
48 113
8 135
21 118
46 173
8 152
48 194
21 166
92 175
62 149
90 169
91 195
55 184
71 159
87 168
91 138
52 167
24 188
18 179
35 147
66 180
73 116
61 134
97 198
54 197
26 196
93 154
99 193
96 199
98 160
9 126
60 156
39 143
1 141
31 128
22 117
44 117
79 183
67 110
34 172
47 120
80 153
63 111
88 172
84 112
51 145
69 103
68 136
74 127
49 145
95 127
38 136
77 155
50 142
76 190
4 171
81 187
82 158
78 162
15 136
72 112
23 199
19 122
68 101
58 122
41 119
2 140
81 195
49 177
62 153
22 183
61 142
33 135
34 117
47 145
74 194
46 188
55 193
79 167
54 128
51 135
29 148
90 103
22 145
68 181
52 135
43 135
38 102
61 112
46 103
43 102
31 187
79 159
90 136
77 117
44 142
21 178
9 173
96 188
82 165
96 111
46 199
54 172
25 183
22 104
29 114
55 102
3 167
91 148
91 103
3 143
45 111
48 138
1 103
68 195
46 179
73 145
0 104
63 184
26 145
66 175
12 179
0 184
44 147
22 118
98 142
21 165
81 134
17 176
88 105
33 114
4 177
0 166
52 153
5 104
38 165
38 147
49 134
41 141
69 158
52 102
31 105
78 102
50 178
87 133
77 147
18 178
8 146
54 153
55 190
73 103
12 118
73 117
66 190
95 138
34 180
87 143
12 111
62 117
24 155
0 127
90 102
27 125
43 173
25 112
81 141
68 143
38 182
17 198
66 166
82 114
9 149
