46 103.0
4 147.0
37 122.0
28 109.0
13 109.0
14 126.0
53 166.0
74 106.0
62 134.0
19 115.0
25 134.0
67 166.0
23 152.0
8 169.0
45 150.0
2 170.0
40 196.0
40 176.0
23 175.0
8 139.0
54 178.0
71 186.0
73 179.0
11 183.0
12 182.0
16 177.0
54 138.0
5 142.0
79 101.0
83 129.0
86 118.0
51 118.0
82 129.0
38 142.0
24 131.0
7 141.0
65 133.0
33 107.0
41 124.0
20 120.0
58 117.0
42 116.0
3 155.0
56 184.0
57 190.0
81 174.0
39 111.0
85 113.0
78 191.0
98 174.0
27 198.0
30 132.0
39 180.0
10 111.0
37 141.0
23 186.0
83 138.0
14 141.0
65 139.0
8 115.0
2 106.0
4 120.0
62 109.0
37 126.0
73 122.0
19 142.0
16 142.0
