99 107
31 117
89 135
11 107
75 117
74 129
98 110
97 110
67 129
54 110
21 154
37 196
39 182
56 197
56 167
48 151
7 187
3 169
3 130
48 188
20 157
12 166
9 156
20 121
4 118
62 123
33 108
41 184
61 165
16 186
77 168
61 150
53 178
6 160
40 147
63 142
87 133
51 101
95 104
71 133
88 101
24 105
0 112
46 109
91 105
58 112
92 109
29 127
10 128
29 158
10 146
29 176
10 124
83 119
73 138
72 153
81 163
47 104
84 165
90 173
25 133
4 111
11 189
91 152
30 183
4 163
62 163
7 112
56 121
54 104
92 158
56 117
0 197
7 135
29 110
12 135
63 118
97 158
73 168
88 153
62 124
29 119
10 184
58 147
4 187
11 166
58 118
40 117
54 127
88 135
11 110
63 167
74 158
4 166
33 127
51 129
7 129
3 160
97 156
87 128
29 187
37 135
58 127
58 184
7 157
77 146
83 110
37 153
31 105
53 163
75 142
98 108
16 135
7 107
39 169
7 110
58 107
72 123
33 158
41 107
10 154
9 129
48 138
63 158
88 168
16 197
74 165
29 160
56 107
6 118
99 133
81 156
12 138
41 135
7 142
71 156
72 197
58 156
99 129
56 123
48 133
29 129
61 119
