65 148
5 108
25 102
57 148
41 149
17 159
43 151
43 184
17 168
41 195
3 172
45 115
27 120
36 111
27 153
46 123
8 164
48 140
48 130
71 136
55 112
42 127
91 145
58 112
94 193
13 156
18 160
73 198
66 109
13 154
73 126
26 177
93 137
98 185
89 181
96 178
60 177
9 185
31 167
39 147
7 180
44 179
44 116
72 107
11 144
10 131
15 122
20 131
82 161
77 152
50 118
76 173
37 124
6 117
32 141
40 100
23 100
47 169
63 155
79 151
95 171
38 121
68 195
99 125
58 105
55 171
31 190
33 162
32 120
36 148
8 100
44 148
6 167
27 118
18 180
26 141
98 180
91 108
45 145
65 167
93 109
20 124
13 140
45 154
57 117
89 116
39 117
44 112
32 102
82 140
89 156
71 193
46 193
71 152
65 107
