55 149.0
52 124.0
62 153.0
96 120.0
90 149.0
58 153.0
82 155.0
37 190.0
31 196.0
7 128.0
18 146.0
18 152.0
63 127.0
54 172.0
48 192.0
47 139.0
63 200.0
54 195.0
9 143.0
57 121.0
38 110.0
3 143.0
81 121.0
59 191.0
4 164.0
17 150.0
44 113.0
4 151.0
59 194.0
44 188.0
19 102.0
51 179.0
94 129.0
13 123.0
88 167.0
64 179.0
50 129.0
11 187.0
32 126.0
33 165.0
1 177.0
33 178.0
1 160.0
60 173.0
8 193.0
65 122.0
87 142.0
78 161.0
77 184.0
34 148.0
95 163.0
39 106.0
27 154.0
100 106.0
92 154.0
15 137.0
69 118.0
97 131.0
40 171.0
99 107.0
66 171.0
76 137.0
68 118.0
21 115.0
10 168.0
43 169.0
10 175.0
21 140.0
43 197.0
10 125.0
21 166.0
93 132.0
84 141.0
73 111.0
42 133.0
22 111.0
45 132.0
78 139.0
17 168.0
96 110.0
95 143.0
7 195.0
34 118.0
33 154.0
3 173.0
88 141.0
45 131.0
87 102.0
47 149.0
99 120.0
38 115.0
55 133.0
17 126.0
84 188.0
44 149.0
43 151.0
33 194.0
1 175.0
66 190.0
44 102.0
4 163.0
44 121.0
52 150.0
39 166.0
100 123.0
47 133.0
66 127.0
73 177.0
45 148.0
15 155.0
34 173.0
47 164.0
59 120.0
4 118.0
4 123.0
22 195.0
73 107.0
9 142.0
11 191.0
96 111.0
62 102.0
33 155.0
62 195.0
8 133.0
7 102.0
3 118.0
57 160.0
32 102.0
40 195.0
11 120.0
32 128.0
81 193.0
40 193.0
92 152.0
100 188.0
66 115.0
73 172.0
96 160.0
38 111.0
90 110.0
66 148.0
15 121.0
3 192.0
44 196.0
43 143.0
18 175.0
19 110.0
65 141.0
10 187.0
87 140.0
27 131.0
1 193.0
100 110.0
7 171.0
82 173.0
44 163.0
15 179.0
50 118.0
27 149.0
42 121.0
54 163.0
59 195.0
94 173.0
21 161.0
1 139.0
1 106.0
33 122.0
43 129.0
7 164.0
84 187.0
66 200.0
4 137.0
4 129.0
54 120.0
32 120.0
17 148.0
47 132.0
88 124.0
37 121.0
59 124.0
8 197.0
21 133.0
17 146.0
1 163.0
32 141.0
93 151.0
92 120.0
69 142.0
50 164.0
11 184.0
37 193.0
60 121.0
64 155.0
