47 160.0
48 108.0
54 187.0
48 126.0
51 110.0
91 143.0
50 143.0
19 110.0
13 110.0
23 141.0
2 132.0
67 133.0
12 141.0
92 184.0
34 145.0
39 161.0
72 142.0
100 142.0
10 148.0
43 147.0
43 106.0
45 151.0
22 188.0
73 191.0
61 194.0
61 113.0
73 106.0
43 161.0
45 187.0
10 184.0
100 160.0
12 110.0
45 160.0
34 108.0
12 191.0
10 141.0
43 194.0
91 132.0
51 147.0
45 132.0
92 187.0
10 132.0
39 141.0
13 141.0
43 184.0
10 161.0
19 142.0
54 151.0
100 126.0
39 106.0
22 161.0
23 145.0
12 161.0
22 143.0
23 187.0
2 147.0
2 187.0
67 187.0
23 191.0
72 191.0
43 191.0
12 187.0
45 133.0
34 113.0
45 145.0
