72 150
63 113
23 113
16 150
51 137
36 132
85 192
56 123
78 163
65 146
33 170
32 156
32 185
33 114
97 168
52 169
99 112
75 169
68 196
29 144
12 198
68 104
40 172
50 135
19 183
11 146
22 135
88 183
67 124
64 114
80 143
18 151
42 127
71 108
52 128
39 166
7 199
15 182
99 198
99 150
16 168
23 168
75 104
23 112
23 192
56 104
32 137
32 113
72 144
85 113
85 168
29 156
72 123
68 185
51 192
65 132
56 132
97 137
12 123
32 169
32 144
63 144
68 137
32 198
51 163
33 150
16 156
32 112
56 168
51 169
36 144
36 104
63 168
23 123
36 114
36 163
29 168
33 113
16 163
63 156
56 114
97 192
85 196
52 146
72 168
29 112
56 185
51 185
36 112
36 113
16 198
56 156
68 163
23 198
97 146
33 192
97 113
68 170
33 169
36 123
56 150
33 163
36 168
72 112
29 137
23 169
51 150
85 137
65 185
32 132
