72 160
59 168
63 169
46 168
62 127
1 107
50 179
2 164
2 117
50 191
24 137
55 135
26 188
19 181
19 196
26 198
9 186
20 156
20 177
9 114
30 176
28 171
28 175
30 147
37 113
33 125
88 105
81 106
90 105
4 106
38 131
0 108
41 131
89 138
52 100
99 166
97 138
29 187
48 123
12 163
29 116
93 163
56 136
65 119
95 167
17 172
94 157
33 145
84 143
44 153
67 155
9 166
29 105
99 113
62 137
20 137
50 187
26 191
1 116
19 106
30 160
1 108
20 163
59 175
12 117
55 147
0 191
24 131
63 105
30 100
38 137
48 135
29 108
46 186
9 198
38 100
50 107
28 137
26 187
50 198
30 166
33 196
4 198
81 137
30 107
9 196
26 113
1 175
50 108
48 147
55 106
0 137
12 137
28 135
20 116
46 131
37 106
48 166
19 107
52 113
46 108
41 179
1 164
89 171
90 138
48 125
1 166
50 100
26 117
19 169
99 156
55 166
20 127
89 105
19 100
62 105
38 187
2 176
9 113
89 188
46 117
38 106
2 138
37 131
72 186
59 117
81 125
46 138
1 179
2 160
20 123
41 147
59 137
29 168
19 131
59 100
24 113
1 105
26 177
72 188
30 181
37 196
99 171
1 187
1 117
1 131
97 191
9 171
33 187
9 125
29 175
90 125
33 169
33 171
29 164
81 131
38 105
62 125
81 107
52 116
48 114
24 138
24 166
55 114
4 181
89 117
19 137
99 175
46 179
88 127
48 160
62 138
97 179
48 171
9 137
0 175
88 181
55 169
72 107
19 164
30 169
90 166
97 125
20 176
30 113
38 169
30 137
0 127
33 186
37 168
1 147
63 198
52 175
52 105
89 137
37 107
81 108
0 196
2 169
50 131
37 191
28 138
12 135
55 113
0 198
