100 144.0
32 124.0
12 126.0
56 144.0
46 124.0
60 102.0
75 163.0
68 127.0
83 127.0
55 102.0
40 142.0
58 178.0
67 153.0
22 162.0
49 148.0
8 161.0
36 116.0
36 179.0
79 189.0
43 180.0
48 188.0
16 170.0
43 131.0
13 140.0
23 157.0
10 138.0
13 122.0
87 150.0
51 199.0
91 175.0
66 183.0
85 197.0
44 132.0
26 156.0
19 112.0
26 186.0
19 176.0
2 166.0
63 114.0
5 171.0
5 187.0
63 195.0
42 130.0
45 133.0
53 130.0
62 133.0
72 141.0
89 120.0
52 154.0
80 107.0
70 120.0
77 108.0
47 149.0
1 136.0
92 149.0
28 108.0
93 136.0
41 192.0
33 177.0
73 131.0
98 113.0
63 125.0
9 147.0
31 181.0
13 136.0
91 157.0
5 116.0
63 156.0
46 153.0
60 136.0
28 166.0
85 163.0
