2
1 2 3 4 5 6 7 8 9 10 11 12 13 14 15 16 17 18 19 20 21 22 23 24 25 26 27 28 29 30 31 32 33 34 35 36 37 38 39 40 41 42 43 44 45 46 47 48 49 50 51 52 53 54 55 56 57 58 59 60 61 62 63 64 65 66 67 68 69 70 71 72 73 74 75 76 77 78 79 80 81 82 83 84 85 86 87 88 89 90 91 92 93 94 95 96 97 98 99 100 
1080
1 34
1 3
1 6
1 8
1 12
1 2
1 48
1 18
1 19
1 27
2 1
2 35
2 37
2 39
2 11
2 13
2 14
2 16
2 29
3 1
3 67
3 100
3 38
3 41
3 44
3 17
3 82
3 84
3 73
3 55
3 90
3 91
3 60
3 93
3 94
3 95
4 5
4 7
4 72
4 75
4 79
4 49
4 20
4 53
4 24
4 71
4 15
4 28
4 62
5 4
5 7
5 72
5 75
5 15
5 49
5 20
5 53
5 24
5 71
5 28
5 62
6 1
6 34
6 8
6 12
6 48
6 18
6 19
6 27
7 4
7 5
7 71
7 72
7 75
7 15
7 49
7 20
7 53
7 24
7 28
7 62
8 1
8 34
8 6
8 12
8 48
8 18
8 19
8 27
9 33
9 45
9 51
9 57
9 54
9 23
9 25
9 26
9 31
10 64
10 32
10 40
10 74
10 43
10 47
10 50
10 42
10 22
10 56
10 61
11 2
11 35
11 37
11 39
11 13
11 14
11 16
11 29
12 1
12 34
12 100
12 6
12 8
12 48
12 18
12 19
12 27
13 64
13 2
13 35
13 37
13 39
13 11
13 14
13 16
13 29
14 2
14 35
14 37
14 39
14 11
14 13
14 16
14 29
15 4
15 5
15 71
15 72
15 75
15 49
15 20
15 53
15 24
15 7
15 28
15 62
16 2
16 35
16 37
16 39
16 11
16 13
16 14
16 29
17 67
17 100
17 38
17 41
17 82
17 3
17 84
17 55
17 94
17 95
18 1
18 34
18 59
18 6
18 8
18 12
18 48
18 27
19 1
19 34
19 6
19 8
19 12
19 48
19 27
20 4
20 5
20 71
20 72
20 75
20 15
20 53
20 24
20 7
20 28
21 65
21 76
21 77
21 47
21 52
21 58
21 63
22 32
22 64
22 42
22 43
22 10
22 74
22 56
22 61
23 33
23 9
23 45
23 51
23 54
23 57
23 26
23 31
24 4
24 5
24 7
24 72
24 75
24 15
24 49
24 20
24 53
24 71
24 28
25 33
25 9
25 45
25 82
25 51
25 54
25 57
25 31
26 9
26 75
26 45
26 51
26 54
26 23
26 57
26 31
27 1
27 34
27 6
27 8
27 12
27 48
27 18
27 19
28 4
28 5
28 71
28 72
28 75
28 15
28 20
28 53
28 54
28 24
28 7
29 2
29 35
29 37
29 39
29 11
29 13
29 14
29 16
30 67
30 68
30 69
30 76
30 77
30 58
30 59
30 63
31 33
31 9
31 45
31 51
31 57
31 54
31 23
31 25
31 26
32 64
32 42
32 43
32 50
32 74
32 22
32 56
32 10
32 61
33 9
33 45
33 51
33 57
33 54
33 23
33 25
33 31
34 1
34 6
34 8
34 12
34 48
34 18
34 19
34 27
35 2
35 66
35 37
35 39
35 11
35 13
35 14
35 16
35 29
36 96
36 66
36 79
36 81
36 85
36 86
36 87
36 93
37 2
37 35
37 39
37 11
37 13
37 14
37 16
37 29
38 67
38 100
38 41
38 17
38 3
38 90
38 91
38 60
38 94
38 95
39 97
39 2
39 35
39 37
39 11
39 13
39 14
39 16
39 29
40 65
40 68
40 69
40 10
40 76
40 77
40 58
40 59
40 63
41 3
41 100
41 38
41 73
41 17
41 82
41 55
41 90
41 91
41 94
41 95
42 32
42 64
42 70
42 74
42 43
42 47
42 10
42 22
42 56
42 61
43 32
43 64
43 42
43 47
43 50
43 74
43 22
43 56
43 10
43 61
44 3
44 73
44 82
44 83
44 84
44 90
44 60
44 94
44 95
45 33
45 9
45 51
45 57
45 54
45 23
45 25
45 26
45 31
46 65
46 68
46 69
46 72
46 76
46 77
46 52
46 59
46 63
47 64
47 42
47 43
47 61
47 50
47 21
47 56
47 10
47 74
48 1
48 34
48 6
48 8
48 12
48 98
48 18
48 19
48 27
49 4
49 5
49 71
49 72
49 75
49 15
49 53
49 24
49 7
49 62
50 32
50 64
50 96
50 10
50 43
50 47
50 74
50 56
50 61
51 33
51 9
51 45
51 57
51 54
51 23
51 25
51 26
51 31
52 65
52 68
52 69
52 76
52 77
52 46
52 21
52 58
52 59
52 63
53 4
53 5
53 71
53 72
53 75
53 15
53 49
53 20
53 24
53 7
53 28
53 62
54 33
54 9
54 45
54 51
54 57
54 23
54 25
54 26
54 28
54 31
55 3
55 100
55 73
55 17
55 84
55 41
55 89
55 90
55 91
55 94
55 95
56 32
56 64
56 10
56 43
56 61
56 47
56 50
56 74
56 22
56 42
57 33
57 9
57 45
57 51
57 54
57 23
57 25
57 26
57 62
57 31
58 65
58 68
58 69
58 40
58 76
58 77
58 52
58 21
58 30
58 63
59 65
59 68
59 69
59 40
59 76
59 77
59 46
59 18
59 52
59 30
60 3
60 100
60 38
60 44
60 84
60 90
60 91
60 92
60 94
60 95
61 32
61 64
61 10
61 43
61 47
61 50
61 74
61 22
61 56
61 42
62 4
62 5
62 71
62 72
62 75
62 15
62 49
62 53
62 7
62 57
63 65
63 68
63 69
63 40
63 76
63 77
63 46
63 52
63 21
63 58
63 30
64 32
64 61
64 10
64 43
64 13
64 47
64 50
64 74
64 22
64 56
64 42
65 68
65 69
65 40
65 76
65 77
65 46
65 52
65 21
65 58
65 59
65 63
66 96
66 97
66 35
66 36
66 80
66 99
66 86
66 87
66 89
66 92
66 93
67 3
67 100
67 38
67 73
67 17
67 82
67 84
67 94
67 90
67 91
67 30
67 95
68 65
68 69
68 40
68 76
68 77
68 46
68 52
68 58
68 59
68 30
68 63
69 65
69 68
69 40
69 76
69 77
69 46
69 52
69 58
69 59
69 30
69 63
70 96
70 97
70 98
70 42
70 78
70 80
70 83
70 86
70 88
70 89
70 93
71 4
71 5
71 7
71 75
71 15
71 49
71 20
71 53
71 24
71 28
71 62
71 95
72 4
72 5
72 7
72 75
72 46
72 15
72 49
72 20
72 53
72 24
72 28
72 62
73 67
73 100
73 41
73 44
73 78
73 82
73 3
73 84
73 55
73 90
73 91
73 94
74 32
74 64
74 10
74 43
74 61
74 47
74 50
74 22
74 56
74 91
74 42
75 4
75 5
75 7
75 72
75 71
75 15
75 49
75 20
75 53
75 24
75 26
75 28
75 62
76 65
76 68
76 69
76 40
76 77
76 46
76 52
76 21
76 58
76 59
76 30
76 63
77 65
77 68
77 69
77 40
77 76
77 46
77 52
77 21
77 58
77 59
77 30
77 63
78 96
78 97
78 98
78 99
78 70
78 73
78 80
78 81
78 83
78 86
78 88
78 93
79 97
79 98
79 99
79 36
79 80
79 85
79 87
79 88
79 89
79 92
79 93
79 4
80 97
80 66
80 99
80 70
80 98
80 78
80 79
80 81
80 83
80 85
80 88
80 92
80 93
81 96
81 97
81 98
81 36
81 78
81 80
81 83
81 85
81 86
81 87
81 88
81 92
81 93
82 67
82 100
82 41
82 44
82 17
82 3
82 84
82 73
82 25
82 90
82 91
82 94
82 95
83 96
83 97
83 98
83 99
83 70
83 44
83 78
83 80
83 81
83 87
83 89
83 92
83 93
84 67
84 100
84 73
84 44
84 17
84 82
84 3
84 86
84 55
84 90
84 91
84 60
84 94
84 95
85 96
85 97
85 98
85 99
85 36
85 79
85 80
85 81
85 86
85 87
85 88
85 89
85 92
86 96
86 97
86 66
86 99
86 36
86 70
86 98
86 78
86 81
86 84
86 85
86 88
86 89
86 92
87 96
87 97
87 66
87 99
87 36
87 98
87 79
87 81
87 83
87 85
87 88
87 89
87 92
87 93
88 96
88 97
88 99
88 70
88 78
88 79
88 80
88 81
88 85
88 86
88 87
88 89
88 92
88 93
89 96
89 66
89 99
89 70
89 87
89 98
89 79
89 83
89 85
89 86
89 55
89 88
89 92
89 93
90 3
90 100
90 38
90 41
90 44
90 82
90 67
90 84
90 73
90 55
90 91
90 60
90 94
90 95
91 67
91 100
91 38
91 41
91 74
91 82
91 3
91 84
91 73
91 55
91 90
91 60
91 94
91 95
92 97
92 66
92 99
92 98
92 79
92 80
92 81
92 83
92 85
92 86
92 87
92 88
92 89
92 60
93 96
93 66
93 3
93 36
93 70
93 78
93 79
93 80
93 81
93 83
93 99
93 87
93 88
93 89
94 67
94 100
94 38
94 41
94 44
94 17
94 82
94 3
94 84
94 73
94 55
94 90
94 91
94 60
94 95
95 67
95 100
95 38
95 71
95 41
95 44
95 17
95 82
95 3
95 84
95 55
95 90
95 91
95 60
95 94
96 66
96 99
96 36
96 70
96 98
96 78
96 81
96 50
96 83
96 85
96 86
96 87
96 88
96 89
96 93
97 66
97 99
97 70
97 39
97 98
97 78
97 79
97 80
97 81
97 83
97 85
97 86
97 87
97 88
97 92
98 96
98 97
98 99
98 70
98 80
98 78
98 79
98 48
98 81
98 83
98 85
98 86
98 87
98 89
98 92
99 96
99 97
99 66
99 98
99 78
99 79
99 80
99 83
99 85
99 86
99 87
99 88
99 89
99 92
99 93
100 3
100 38
100 41
100 12
100 17
100 82
100 67
100 84
100 73
100 55
100 90
100 91
100 60
100 94
100 95
101 102 103 104 105 106 107 108 109 110 111 112 113 114 115 116 117 118 119 120 121 122 123 124 125 126 127 128 129 130 131 132 133 134 135 136 137 138 139 140 141 142 143 144 145 146 147 148 149 150 151 152 153 154 155 156 157 158 159 160 161 162 163 164 165 166 167 168 169 170 171 172 173 174 175 176 177 178 179 180 181 182 183 184 185 186 187 188 189 190 191 192 193 194 195 196 197 198 199 200 
76
174 191
184 186
186 184
187 193
187 196
187 197
187 199
187 198
188 192
188 193
188 196
188 197
188 199
188 189
189 192
189 193
189 196
189 198
189 199
189 188
190 194
190 195
190 200
190 191
191 194
191 195
191 200
191 174
191 190
192 197
192 198
192 199
192 188
192 189
193 196
193 199
193 187
193 188
193 189
194 195
194 200
194 190
194 191
195 194
195 200
195 190
195 191
196 193
196 198
196 199
196 187
196 188
196 189
197 192
197 198
197 199
197 187
197 188
198 192
198 196
198 197
198 199
198 187
198 189
199 192
199 193
199 196
199 197
199 187
199 188
199 189
199 198
200 194
200 195
200 190
200 191
1
1 2
216
1 104
1 153
1 157
2 169
2 197
2 177
5 193
6 200
6 171
6 196
6 133
7 192
7 120
7 156
7 181
7 105
9 113
15 180
15 133
16 168
16 133
18 120
18 152
18 115
18 116
18 169
20 136
20 188
21 200
21 142
22 138
22 116
22 190
27 152
27 105
27 122
27 154
27 177
29 121
29 130
29 187
30 136
30 132
32 123
32 182
33 154
33 190
33 102
37 115
37 155
37 165
39 152
39 161
39 167
42 187
42 155
42 156
42 117
43 200
45 164
45 188
45 116
45 167
48 162
48 122
48 165
48 190
48 138
50 129
50 167
51 129
51 189
51 126
53 156
53 189
53 126
57 137
58 161
58 154
62 187
63 132
64 160
64 171
69 164
71 196
71 197
76 122
77 156
77 167
81 154
83 133
85 200
85 188
85 157
87 120
87 123
89 154
89 164
89 197
92 105
92 126
93 157
96 120
96 123
96 155
97 171
97 133
98 126
102 33
104 1
105 27
105 92
105 7
113 9
115 18
115 37
116 18
116 45
116 22
117 42
120 96
120 18
120 87
120 7
121 29
122 48
122 27
122 76
123 96
123 32
123 87
126 98
126 51
126 92
126 53
129 50
129 51
130 29
132 30
132 63
133 16
133 97
133 83
133 6
133 15
136 20
136 30
137 57
138 48
138 22
142 21
152 18
152 27
152 39
153 1
154 81
154 58
154 27
154 33
154 89
155 96
155 42
155 37
156 42
156 7
156 77
156 53
157 1
157 93
157 85
160 64
161 58
161 39
162 48
164 89
164 69
164 45
165 48
165 37
167 50
167 45
167 77
167 39
168 16
169 2
169 18
171 64
171 97
171 6
177 2
177 27
180 15
181 7
182 32
187 42
187 29
187 62
188 20
188 85
188 45
189 51
189 53
190 48
190 33
190 22
192 7
193 5
196 6
196 71
197 89
197 2
197 71
200 43
200 21
200 6
200 85
9
4 5 7 136 15 20 24 28 166 170 199 49 178 179 180 53 183 185 186 187 188 189 62 181 192 193 196 197 198 71 72 75  
33 139 102 129 9 135 45 111 113 114 51 116 57 54 23 137 25 26 31  
10 141 144 22 155 32 167 42 43 173 47 50 182 184 138 190 191 64 160 194 195 200 74 56 103 61 117  
128 1 6 8 12 18 19 149 153 27 34 171 172 175 48 162 104 105 107 115 120 124  
132 142 143 147 21 150 156 30 161 164 40 46 52 58 59 63 65 68 69 76 77 110 174 122  
2 11 140 130 14 16 146 152 29 158 159 35 165 39 168 169 176 177 13 163 37 121  
131 133 145 151 154 157 36 66 70 78 79 80 81 83 85 86 87 88 89 92 93 96 97 98 99 109 123 125 126  
3 100 38 41 44 17 82 67 84 73 55 90 91 60 94 95  
101 134 106 108 112 148 118 119 127  
