94 111
35 115
61 153
52 110
24 170
22 102
7 121
1 146
39 146
80 164
47 140
86 106
34 132
79 164
70 193
20 189
53 199
11 196
72 109
11 156
53 154
75 179
51 116
69 147
84 134
59 188
74 179
30 138
19 159
6 195
23 175
23 174
6 151
65 164
28 120
36 181
21 195
90 133
92 101
97 147
89 174
78 112
50 188
17 157
48 141
74 103
27 190
11 191
35 113
35 152
78 139
40 181
31 176
86 109
74 189
61 140
39 111
1 116
22 140
19 153
11 151
79 151
53 179
53 147
6 147
30 170
52 159
84 115
35 116
47 134
79 189
24 146
22 188
52 146
30 111
19 106
1 106
20 188
6 189
30 179
84 154
24 132
39 106
51 195
39 196
24 195
30 147
20 106
61 116
86 159
52 138
53 116
51 140
59 132
75 109
39 140
70 146
23 116
22 111
53 106
69 193
7 154
80 115
69 199
23 121
59 164
11 102
19 102
22 134
20 153
1 156
72 151
59 106
59 146
6 146
19 134
39 115
52 164
74 195
84 102
47 147
34 151
22 174
61 159
94 159
84 111
72 174
47 138
52 154
79 154
47 174
52 189
80 110
52 106
23 154
80 175
35 146
30 140
7 147
75 140
80 159
75 174
1 175
74 121
69 140
1 170
19 179
69 111
84 196
30 134
19 111
35 140
47 188
47 151
35 189
69 154
94 174
19 132
86 189
72 159
75 193
59 110
59 138
39 134
53 146
