75 160
31 178
45 147
99 134
85 134
56 120
66 112
37 109
21 109
17 177
7 152
3 161
3 144
13 165
65 186
94 184
68 150
70 168
25 110
8 129
23 110
1 179
4 151
33 195
4 188
33 171
77 125
41 108
44 118
16 125
6 157
40 156
19 137
53 166
95 131
88 155
69 111
79 136
51 175
93 162
0 133
58 104
27 104
91 162
46 133
32 153
10 163
32 106
10 119
81 159
64 154
80 174
72 167
64 149
54 173
60 151
12 197
90 103
42 146
53 164
58 177
37 110
1 129
3 106
8 149
27 125
99 153
93 147
81 120
3 133
4 110
99 120
81 147
33 118
40 178
3 156
27 108
56 137
19 175
32 104
64 144
41 166
33 136
4 104
1 154
37 108
32 151
58 150
41 186
7 134
13 109
31 188
91 155
32 168
81 168
64 129
1 178
68 120
1 165
99 195
27 174
94 155
40 110
79 166
37 162
40 177
4 168
53 120
64 161
56 171
75 144
69 153
25 178
70 110
4 129
3 154
21 160
93 152
64 184
10 179
32 186
91 109
77 120
69 178
25 104
31 110
13 171
95 156
94 110
51 106
69 186
80 195
19 171
0 184
40 112
23 177
88 137
4 147
16 111
70 160
65 166
77 179
65 154
40 134
68 152
13 188
85 106
10 129
13 133
95 160
10 133
33 111
37 136
10 134
31 175
37 167
0 110
79 154
33 147
37 175
75 152
4 184
31 125
51 165
23 118
6 133
25 166
41 104
77 171
31 174
72 166
46 163
72 168
85 110
32 133
99 162
40 155
81 131
7 119
0 150
1 119
27 119
6 125
10 167
1 167
40 108
46 179
79 144
1 161
95 129
3 109
80 120
10 178
45 118
13 175
72 109
77 134
81 110
81 156
99 111
23 156
6 154
58 144
0 188
25 186
40 188
53 195
25 155
81 157
75 159
17 159
32 112
31 120
31 161
94 112
65 109
7 159
40 129
68 110
53 118
41 177
77 166
3 155
93 120
70 161
8 134
56 125
32 174
17 163
69 171
75 118
25 109
4 144
72 175
25 161
13 166
40 153
33 160
0 120
99 106
17 112
3 131
68 134
41 162
3 178
21 110
65 178
81 177
77 119
44 178
6 136
17 162
37 153
21 157
17 171
19 129
66 149
65 125
85 118
99 118
25 112
19 120
41 153
17 118
44 177
33 110
64 131
69 109
40 174
65 162
