27 109
3 197
45 189
12 196
36 154
12 156
27 199
3 193
45 160
8 140
21 119
48 123
2 130
21 132
8 106
58 173
87 113
55 161
71 135
92 194
90 124
62 152
61 169
94 195
13 159
24 174
35 168
73 149
66 138
66 184
96 108
97 121
9 146
60 148
93 108
56 148
26 121
99 146
98 108
34 143
86 100
47 141
80 117
67 100
88 117
79 143
83 129
70 145
20 127
53 103
10 112
11 103
85 131
78 101
76 139
82 144
81 107
37 131
50 101
14 134
17 133
1 142
51 168
75 135
23 124
2 125
7 187
33 158
4 179
26 167
70 110
3 111
42 177
33 104
73 143
60 127
3 169
12 184
90 148
76 143
47 139
79 199
67 108
61 161
10 101
45 123
97 141
82 132
90 197
47 123
98 145
20 146
58 129
24 129
34 108
12 112
71 100
3 101
45 194
26 154
80 156
2 112
26 131
11 113
88 131
78 138
56 103
60 112
35 121
94 121
2 194
36 195
87 119
80 146
98 101
83 144
98 168
2 100
90 141
88 149
45 132
53 148
21 100
61 148
12 106
10 131
81 174
48 145
34 132
79 129
27 107
99 156
79 169
53 195
21 124
8 113
92 148
24 101
85 140
2 117
36 143
80 139
20 184
11 135
8 144
93 100
58 189
76 123
