25 170
65 153
33 183
5 111
14 110
65 120
0 123
17 106
28 132
43 140
0 164
28 130
8 191
46 158
21 155
48 190
21 142
46 162
8 187
62 103
71 127
58 136
55 112
90 145
87 112
92 136
56 169
93 149
98 159
89 138
96 175
54 195
9 184
97 168
60 195
53 137
11 185
20 177
10 181
83 178
72 176
11 104
59 148
74 108
38 102
69 146
95 108
68 146
84 102
49 148
4 125
78 105
85 133
82 157
77 165
37 157
50 105
3 102
12 145
24 135
13 128
66 141
44 121
39 140
88 137
86 160
80 157
19 107
64 182
50 141
37 143
45 173
18 135
38 113
43 193
34 156
40 199
30 101
61 139
21 188
97 163
55 179
55 104
98 145
74 125
65 112
14 146
97 176
83 169
21 108
11 142
83 155
49 159
43 133
0 104
