79 179
34 197
97 185
73 184
29 188
16 124
4 174
3 198
3 139
16 196
4 114
66 172
1 183
28 192
11 160
99 146
94 162
71 105
91 105
82 162
24 142
75 113
68 113
98 142
39 113
67 142
60 136
21 106
92 181
44 170
51 114
81 151
53 185
80 183
35 171
31 104
48 174
7 174
79 154
47 102
27 143
14 118
39 132
88 123
69 111
96 186
51 138
29 181
16 136
79 146
1 142
97 160
68 197
16 105
24 179
16 172
75 170
98 185
44 185
28 124
71 124
21 113
3 113
67 114
24 181
16 146
79 162
79 170
75 198
1 197
24 170
68 196
24 192
4 172
92 172
66 198
97 136
68 184
71 197
3 192
73 142
67 146
66 106
11 113
98 139
11 142
28 196
4 185
94 160
67 136
4 183
4 181
82 124
97 192
79 106
68 105
39 114
1 181
28 139
97 146
94 142
92 174
28 198
92 124
94 196
94 174
60 162
60 196
29 160
66 113
98 196
67 124
99 181
97 170
68 106
97 114
1 196
16 197
68 114
66 142
28 106
3 146
4 188
79 136
39 179
99 142
11 179
60 113
92 146
28 184
91 197
91 113
39 105
71 179
21 183
94 113
92 142
28 113
16 184
11 105
67 162
68 198
44 192
34 183
98 197
24 114
24 162
44 162
34 106
11 188
