48 146
52 162
23 147
15 153
16 196
4 175
58 168
43 124
4 139
16 114
58 174
43 198
31 103
32 104
10 158
0 116
51 199
85 174
36 192
47 180
2 112
90 170
22 194
25 190
94 111
75 100
92 166
90 145
98 188
19 106
44 108
61 112
94 131
96 148
12 111
98 164
92 126
42 172
31 139
15 116
23 175
10 162
4 116
15 124
43 158
48 116
48 114
15 174
23 103
16 162
48 139
32 124
32 168
4 104
31 124
52 103
0 139
31 153
4 103
52 196
48 198
10 114
0 196
4 146
58 153
32 114
52 139
0 146
43 116
15 139
10 168
23 104
10 153
58 104
4 162
15 114
0 198
23 198
43 146
23 158
