2
1 2 3 4 5 6 7 8 9 10 11 12 13 14 15 16 17 18 19 20 21 22 23 24 25 26 27 28 29 30 31 32 33 34 35 36 37 38 39 40 41 42 43 44 45 46 47 48 49 50 51 52 53 54 55 56 57 58 59 60 61 62 63 64 65 66 67 68 69 70 71 72 73 74 75 76 77 78 79 80 81 82 83 84 85 86 87 88 89 90 91 92 93 94 95 96 97 98 99 100 
992
1 34 3
1 6 2
1 8 3
1 48 3
1 18 6
1 19 1
1 27 2
2 35 3
2 37 3
2 39 5
2 11 3
2 14 5
2 16 1
2 29 1
3 100 1
3 44 2
3 82 1
3 90 1
3 91 2
3 60 2
3 93 3
4 7 3
4 72 2
4 75 4
4 79 5
4 49 2
4 20 1
4 62 3
5 71 4
5 72 1
5 7 2
5 15 1
5 49 3
5 53 1
5 62 2
6 1 2
6 34 6
6 8 3
6 12 2
6 48 2
6 19 2
6 27 6
7 4 3
7 5 2
7 71 1
7 72 3
7 75 2
7 24 3
7 62 2
8 1 3
8 34 4
8 6 3
8 48 2
8 18 5
8 19 1
8 27 3
9 33 1
9 45 3
9 51 3
9 54 4
9 57 5
9 25 4
9 26 3
10 64 5
10 40 2
10 74 1
10 47 4
10 50 4
10 56 3
10 61 1
11 2 3
11 35 4
11 37 1
11 39 4
11 14 2
11 16 4
11 29 2
12 34 6
12 100 3
12 6 2
12 48 3
12 18 2
12 19 4
12 27 4
13 64 1
13 35 4
13 37 3
13 39 6
13 14 3
13 16 3
13 29 3
14 2 5
14 35 3
14 37 4
14 11 2
14 13 3
14 16 3
14 29 2
15 5 1
15 71 2
15 75 1
15 49 5
15 53 3
15 28 5
15 62 7
16 2 1
16 37 4
16 39 1
16 11 4
16 13 3
16 14 3
16 29 3
17 67 2
17 100 4
17 82 3
17 84 2
17 55 4
17 94 2
17 95 3
18 1 6
18 34 4
18 59 7
18 8 5
18 12 2
18 48 4
18 27 3
19 1 1
19 34 2
19 6 2
19 8 1
19 12 4
19 48 3
19 27 5
20 4 1
20 71 5
20 72 4
20 75 3
20 53 2
20 24 1
20 28 3
21 65 4
21 76 2
21 77 2
21 47 2
21 52 6
21 58 5
21 63 3
22 32 3
22 64 2
22 42 1
22 43 5
22 74 3
22 56 1
22 61 4
23 33 2
23 45 3
23 51 4
23 54 4
23 57 4
23 26 4
23 31 4
24 7 3
24 72 7
24 75 4
24 49 3
24 20 1
24 53 3
24 71 2
24 28 4
25 33 3
25 9 4
25 45 4
25 82 3
25 51 2
25 54 7
25 57 4
25 31 2
26 9 3
26 75 3
26 45 3
26 51 4
26 54 5
26 23 4
26 57 5
26 31 3
27 1 2
27 34 4
27 6 6
27 8 3
27 12 4
27 48 2
27 18 3
27 19 5
28 71 1
28 72 4
28 75 3
28 15 5
28 20 3
28 53 1
28 54 2
28 24 4
29 2 1
29 35 1
29 37 2
29 39 5
29 11 2
29 13 3
29 14 2
29 16 3
30 67 5
30 68 4
30 69 2
30 76 2
30 77 3
30 58 2
30 59 2
30 63 3
31 33 4
31 45 5
31 51 4
31 57 2
31 54 2
31 23 4
31 25 2
31 26 3
32 64 4
32 42 2
32 43 2
32 50 4
32 74 6
32 22 3
32 56 1
32 61 4
33 9 1
33 45 5
33 51 3
33 57 2
33 54 4
33 23 2
33 25 3
33 31 4
34 1 3
34 6 6
34 8 4
34 12 6
34 48 3
34 18 4
34 19 2
34 27 4
35 2 3
35 66 4
35 37 4
35 39 2
35 11 4
35 13 4
35 14 3
35 29 1
36 96 3
36 66 4
36 79 3
36 81 3
36 85 1
36 86 2
36 87 3
36 93 4
37 2 3
37 35 4
37 39 3
37 11 1
37 13 3
37 14 4
37 16 4
37 29 2
38 67 3
38 100 2
38 41 2
38 90 1
38 91 1
38 60 4
38 94 3
38 95 4
39 97 3
39 2 5
39 35 2
39 37 3
39 11 4
39 13 6
39 16 1
39 29 5
40 65 3
40 68 2
40 69 1
40 10 2
40 76 1
40 77 3
40 58 3
40 59 6
40 63 1
41 100 4
41 38 2
41 73 6
41 82 1
41 55 1
41 90 1
41 91 4
41 94 3
41 95 3
42 32 2
42 64 4
42 70 1
42 74 2
42 43 2
42 47 2
42 22 1
42 56 3
42 61 2
43 32 2
43 64 2
43 42 2
43 47 1
43 50 6
43 74 4
43 22 5
43 56 2
43 61 3
44 3 2
44 73 1
44 82 5
44 83 4
44 84 4
44 90 2
44 60 4
44 94 2
44 95 2
45 33 5
45 9 3
45 51 2
45 57 2
45 54 4
45 23 3
45 25 4
45 26 3
45 31 5
46 65 5
46 68 4
46 69 1
46 72 1
46 76 4
46 77 3
46 52 2
46 59 3
46 63 2
47 64 2
47 42 2
47 43 1
47 61 1
47 50 2
47 21 2
47 56 5
47 10 4
47 74 1
48 1 3
48 34 3
48 6 2
48 8 2
48 12 3
48 98 2
48 18 4
48 19 3
48 27 2
49 4 2
49 5 3
49 71 2
49 72 3
49 75 1
49 15 5
49 53 1
49 24 3
49 62 2
50 32 4
50 64 2
50 96 1
50 10 4
50 43 6
50 47 2
50 74 1
50 56 3
50 61 3
51 33 3
51 9 3
51 45 2
51 57 1
51 54 3
51 23 4
51 25 2
51 26 4
51 31 4
52 65 2
52 68 5
52 69 4
52 76 4
52 77 2
52 46 2
52 21 6
52 58 5
52 59 2
52 63 4
53 5 1
53 71 2
53 72 4
53 75 4
53 15 3
53 49 1
53 20 2
53 24 3
53 28 1
53 62 1
54 33 4
54 9 4
54 45 4
54 51 3
54 57 4
54 23 4
54 25 7
54 26 5
54 28 2
54 31 2
55 100 3
55 73 4
55 17 4
55 84 3
55 41 1
55 89 2
55 90 2
55 91 3
55 94 5
55 95 1
56 32 1
56 64 4
56 10 3
56 43 2
56 61 5
56 47 5
56 50 3
56 74 3
56 22 1
56 42 3
57 33 2
57 9 5
57 45 2
57 51 1
57 54 4
57 23 4
57 25 4
57 26 5
57 62 3
57 31 2
58 65 3
58 68 4
58 69 5
58 40 3
58 76 2
58 77 2
58 52 5
58 21 5
58 30 2
58 63 2
59 65 4
59 68 2
59 69 1
59 40 6
59 76 1
59 77 5
59 46 3
59 18 7
59 52 2
59 30 2
60 3 2
60 100 3
60 38 4
60 44 4
60 84 2
60 90 3
60 91 1
60 92 3
60 94 1
60 95 2
61 32 4
61 64 3
61 10 1
61 43 3
61 47 1
61 50 3
61 74 2
61 22 4
61 56 5
61 42 2
62 4 3
62 5 2
62 71 3
62 72 2
62 75 4
62 15 7
62 49 2
62 53 1
62 7 2
62 57 3
63 65 2
63 68 3
63 69 2
63 40 1
63 76 1
63 77 2
63 46 2
63 52 4
63 21 3
63 58 2
63 30 3
64 32 4
64 61 3
64 10 5
64 43 2
64 13 1
64 47 2
64 50 2
64 74 5
64 22 2
64 56 4
64 42 4
65 68 2
65 69 3
65 40 3
65 76 1
65 77 2
65 46 5
65 52 2
65 21 4
65 58 3
65 59 4
65 63 2
66 96 3
66 97 2
66 35 4
66 36 4
66 80 2
66 99 3
66 86 4
66 87 3
66 89 2
66 92 3
66 93 1
67 100 1
67 38 3
67 73 2
67 17 2
67 82 1
67 84 3
67 94 2
67 90 4
67 91 4
67 30 5
67 95 2
68 65 2
68 69 2
68 40 2
68 76 2
68 77 2
68 46 4
68 52 5
68 58 4
68 59 2
68 30 4
68 63 3
69 65 3
69 68 2
69 40 1
69 76 1
69 77 4
69 46 1
69 52 4
69 58 5
69 59 1
69 30 2
69 63 2
70 96 1
70 97 2
70 98 2
70 42 1
70 78 4
70 80 3
70 83 2
70 86 3
70 88 4
70 89 3
70 93 4
71 5 4
71 7 1
71 75 2
71 15 2
71 49 2
71 20 5
71 53 2
71 24 2
71 28 1
71 62 3
71 95 2
72 4 2
72 5 1
72 7 3
72 75 2
72 46 1
72 49 3
72 20 4
72 53 4
72 24 7
72 28 4
72 62 2
73 67 2
73 100 1
73 41 6
73 44 1
73 78 1
73 82 2
73 84 3
73 55 4
73 90 1
73 91 2
73 94 3
74 32 6
74 64 5
74 10 1
74 43 4
74 61 2
74 47 1
74 50 1
74 22 3
74 56 3
74 91 4
74 42 2
75 4 4
75 7 2
75 72 2
75 71 2
75 15 1
75 49 1
75 20 3
75 53 4
75 24 4
75 26 3
75 28 3
75 62 4
76 65 1
76 68 2
76 69 1
76 40 1
76 77 2
76 46 4
76 52 4
76 21 2
76 58 2
76 59 1
76 30 2
76 63 1
77 65 2
77 68 2
77 69 4
77 40 3
77 76 2
77 46 3
77 52 2
77 21 2
77 58 2
77 59 5
77 30 3
77 63 2
78 96 1
78 97 2
78 98 1
78 99 3
78 70 4
78 73 1
78 80 1
78 81 3
78 83 2
78 86 1
78 88 3
78 93 1
79 97 2
79 98 1
79 99 1
79 36 3
79 80 4
79 85 1
79 87 1
79 88 3
79 89 3
79 92 1
79 93 3
79 4 5
80 97 2
80 66 2
80 99 2
80 70 3
80 98 2
80 78 1
80 79 4
80 81 3
80 83 2
80 85 2
80 88 4
80 92 2
80 93 5
81 96 1
81 97 2
81 98 5
81 36 3
81 78 3
81 80 3
81 83 2
81 85 2
81 86 2
81 87 2
81 88 1
81 92 1
81 93 5
82 67 1
82 100 3
82 41 1
82 44 5
82 17 3
82 3 1
82 84 4
82 73 2
82 25 3
82 90 1
82 91 3
82 94 2
82 95 1
83 96 4
83 97 6
83 98 1
83 99 3
83 70 2
83 44 4
83 78 2
83 80 2
83 81 2
83 87 2
83 89 1
83 92 5
83 93 2
84 67 3
84 100 4
84 73 3
84 44 4
84 17 2
84 82 4
84 86 1
84 55 3
84 90 1
84 91 1
84 60 2
84 94 1
84 95 4
85 96 2
85 97 2
85 98 1
85 99 3
85 36 1
85 79 1
85 80 2
85 81 2
85 86 4
85 87 6
85 88 2
85 89 4
85 92 1
86 96 2
86 97 2
86 66 4
86 99 2
86 36 2
86 70 3
86 98 2
86 78 1
86 81 2
86 84 1
86 85 4
86 88 4
86 89 1
86 92 2
87 96 2
87 97 2
87 66 3
87 99 2
87 36 3
87 98 1
87 79 1
87 81 2
87 83 2
87 85 6
87 88 3
87 89 2
87 92 2
87 93 3
88 96 5
88 97 3
88 99 3
88 70 4
88 78 3
88 79 3
88 80 4
88 81 1
88 85 2
88 86 4
88 87 3
88 89 1
88 92 2
88 93 2
89 96 1
89 66 2
89 99 1
89 70 3
89 87 2
89 98 3
89 79 3
89 83 1
89 85 4
89 86 1
89 55 2
89 88 1
89 92 1
89 93 2
90 3 1
90 100 3
90 38 1
90 41 1
90 44 2
90 82 1
90 67 4
90 84 1
90 73 1
90 55 2
90 91 1
90 60 3
90 94 3
90 95 1
91 67 4
91 100 3
91 38 1
91 41 4
91 74 4
91 82 3
91 3 2
91 84 1
91 73 2
91 55 3
91 90 1
91 60 1
91 94 3
91 95 1
92 97 1
92 66 3
92 99 3
92 98 3
92 79 1
92 80 2
92 81 1
92 83 5
92 85 1
92 86 2
92 87 2
92 88 2
92 89 1
92 60 3
93 96 1
93 66 1
93 3 3
93 36 4
93 70 4
93 78 1
93 79 3
93 80 5
93 81 5
93 83 2
93 99 3
93 87 3
93 88 2
93 89 2
94 67 2
94 100 2
94 38 3
94 41 3
94 44 2
94 17 2
94 82 2
94 84 1
94 73 3
94 55 5
94 90 3
94 91 3
94 60 1
94 95 2
95 67 2
95 100 1
95 38 4
95 71 2
95 41 3
95 44 2
95 17 3
95 82 1
95 84 4
95 55 1
95 90 1
95 91 1
95 60 2
95 94 2
96 66 3
96 99 2
96 36 3
96 70 1
96 98 1
96 78 1
96 81 1
96 50 1
96 83 4
96 85 2
96 86 2
96 87 2
96 88 5
96 89 1
96 93 1
97 66 2
97 99 3
97 70 2
97 39 3
97 98 4
97 78 2
97 79 2
97 80 2
97 81 2
97 83 6
97 85 2
97 86 2
97 87 2
97 88 3
97 92 1
98 96 1
98 97 4
98 99 2
98 70 2
98 80 2
98 78 1
98 79 1
98 48 2
98 81 5
98 83 1
98 85 1
98 86 2
98 87 1
98 89 3
98 92 3
99 96 2
99 97 3
99 66 3
99 98 2
99 78 3
99 79 1
99 80 2
99 83 3
99 85 3
99 86 2
99 87 2
99 88 3
99 89 1
99 92 3
99 93 3
100 3 1
100 38 2
100 41 4
100 12 3
100 17 4
100 82 3
100 67 1
100 84 4
100 73 1
100 55 3
100 90 3
100 91 3
100 60 3
100 94 2
100 95 1
101 102 103 104 105 106 107 108 109 110 111 112 113 114 115 116 117 118 119 120 121 122 123 124 125 126 127 128 129 130 131 132 133 134 135 136 137 138 139 140 141 142 143 144 145 146 147 148 149 150 151 152 153 154 155 156 157 158 159 160 161 162 163 164 165 166 167 168 169 170 171 172 173 174 175 176 177 178 179 180 181 182 183 184 185 186 187 188 189 190 191 192 193 194 195 196 197 198 199 200 
992
101 134 6
101 106 3
101 108 3
101 148 2
101 118 3
101 119 2
101 127 5
102 129 4
102 135 6
102 137 1
102 139 3
102 111 3
102 114 4
102 116 5
103 160 3
103 193 3
103 200 2
103 144 3
103 182 1
103 190 2
103 191 4
104 162 3
104 107 3
104 172 3
104 175 3
104 179 1
104 149 3
104 120 3
105 162 4
105 171 2
105 107 4
105 172 3
105 115 5
105 149 3
105 153 5
106 101 3
106 134 4
106 108 3
106 112 5
106 148 6
106 119 4
106 127 5
107 162 7
107 104 3
107 105 4
107 171 5
107 172 1
107 175 4
107 124 5
108 101 3
108 134 6
108 106 3
108 148 3
108 118 7
108 119 4
108 127 2
109 133 1
109 157 5
109 145 6
109 151 4
109 154 3
109 125 5
109 126 4
110 161 5
110 164 3
110 140 2
110 174 1
110 147 3
110 150 5
110 156 3
111 129 3
111 102 3
111 135 2
111 137 1
111 139 5
111 114 4
111 116 2
112 134 6
112 200 2
112 106 5
112 148 4
112 118 7
112 119 4
112 127 7
113 129 5
113 164 2
113 135 1
113 137 2
113 139 5
113 114 4
113 116 4
114 129 5
114 102 4
114 135 3
114 137 2
114 111 4
114 113 4
114 116 4
115 128 3
115 162 4
115 105 5
115 171 3
115 175 3
115 149 4
115 153 4
116 129 2
116 102 5
116 137 4
116 139 5
116 111 2
116 113 4
116 114 4
117 194 2
117 195 6
117 167 9
117 200 2
117 182 3
117 184 3
117 155 3
118 101 3
118 134 6
118 108 7
118 112 7
118 148 4
118 159 8
118 127 5
119 101 2
119 134 1
119 106 4
119 108 4
119 112 4
119 148 5
119 127 6
120 128 3
120 104 3
120 171 4
120 172 2
120 175 2
120 153 2
120 124 3
121 163 5
121 165 6
121 176 3
121 177 2
121 147 6
121 152 2
121 158 1
122 161 2
122 164 5
122 142 3
122 143 5
122 174 4
122 132 3
122 156 4
123 131 2
123 133 3
123 145 2
123 151 1
123 154 5
123 157 1
123 126 3
124 128 3
124 171 3
124 107 5
124 172 2
124 175 2
124 149 4
124 120 3
124 153 3
125 131 4
125 133 2
125 109 5
125 145 1
125 182 2
125 151 3
125 154 5
125 157 3
126 131 4
126 109 4
126 175 3
126 145 1
126 151 2
126 154 8
126 123 3
126 157 3
127 101 5
127 134 4
127 106 5
127 108 2
127 112 7
127 148 4
127 118 5
127 119 6
128 171 2
128 172 5
128 175 5
128 115 3
128 120 3
128 153 3
128 154 4
128 124 3
129 102 4
129 135 2
129 137 5
129 139 6
129 111 3
129 113 5
129 114 5
129 116 2
130 163 3
130 167 4
130 168 6
130 169 5
130 176 2
130 177 3
130 158 3
130 159 2
131 133 3
131 157 1
131 145 3
131 151 3
131 154 5
131 123 2
131 125 4
131 126 4
132 161 2
132 164 2
132 142 6
132 143 3
132 174 4
132 150 3
132 122 3
132 156 2
133 131 3
133 109 1
133 157 3
133 145 3
133 151 4
133 154 2
133 123 3
133 125 2
134 101 6
134 106 4
134 108 6
134 112 6
134 148 7
134 118 6
134 119 1
134 127 4
135 129 2
135 166 3
135 102 6
135 137 3
135 139 2
135 111 2
135 113 1
135 114 3
136 193 5
136 196 3
136 166 4
136 179 1
136 181 1
136 185 3
136 186 2
136 187 5
137 129 5
137 102 1
137 135 3
137 139 4
137 111 1
137 113 2
137 114 2
137 116 4
138 160 1
138 194 4
138 195 4
138 167 4
138 200 2
138 141 3
138 190 1
138 191 2
139 129 6
139 197 3
139 102 3
139 135 2
139 137 4
139 111 5
139 113 5
139 116 5
140 163 2
140 165 3
140 168 3
140 169 4
140 110 2
140 176 5
140 177 2
140 158 1
140 159 2
141 194 4
141 195 3
141 200 5
141 138 3
141 173 2
141 182 3
141 155 3
141 190 3
141 191 2
142 161 2
142 132 6
142 170 3
142 174 3
142 143 2
142 147 3
142 164 3
142 122 3
142 156 4
143 161 1
143 132 3
143 142 2
143 147 3
143 174 1
143 150 7
143 164 2
143 122 5
143 156 5
144 160 3
144 194 3
144 195 3
144 103 3
144 173 1
144 182 2
144 183 3
144 184 2
144 190 3
145 131 3
145 133 3
145 109 6
145 157 4
145 151 4
145 154 5
145 123 2
145 125 1
145 126 1
146 163 6
146 165 4
146 168 3
146 169 3
146 172 1
146 176 2
146 177 1
146 152 4
146 159 1
147 161 3
147 164 3
147 142 3
147 174 1
147 143 3
147 110 3
147 150 2
147 121 6
147 156 2
148 101 2
148 198 5
148 106 6
148 108 3
148 112 4
148 118 4
148 119 5
148 134 7
148 127 4
149 162 7
149 104 3
149 105 3
149 171 3
149 172 1
149 175 3
149 115 4
149 153 2
149 124 4
150 161 3
150 132 3
150 196 4
150 110 5
150 143 7
150 147 2
150 174 3
150 164 3
150 156 3
151 131 3
151 133 4
151 109 4
151 157 3
151 145 4
151 154 5
151 123 1
151 125 3
151 126 2
152 163 3
152 165 3
152 168 2
152 169 3
152 176 3
152 177 4
152 146 4
152 121 2
152 158 4
152 159 4
153 128 3
153 162 2
153 105 5
153 171 2
153 172 4
153 175 4
153 115 4
153 149 2
153 120 2
153 124 3
154 128 4
154 131 5
154 133 2
154 109 3
154 157 3
154 145 5
154 151 5
154 123 5
154 125 5
154 126 8
155 194 2
155 195 2
155 200 3
155 173 4
155 141 3
155 117 3
155 184 5
155 189 1
155 190 5
155 191 4
156 161 5
156 132 2
156 174 5
156 142 4
156 143 5
156 147 2
156 110 3
156 150 3
156 164 1
156 122 4
157 162 3
157 131 1
157 133 3
157 109 5
157 145 4
157 151 3
157 154 3
157 123 1
157 125 3
157 126 3
158 130 3
158 163 1
158 165 3
158 168 3
158 169 2
158 140 1
158 176 4
158 177 2
158 152 4
158 121 1
159 130 2
159 165 3
159 168 3
159 169 1
159 140 2
159 176 2
159 177 1
159 146 1
159 118 8
159 152 4
160 192 3
160 194 1
160 195 4
160 103 3
160 200 1
160 138 1
160 144 3
160 184 2
160 190 7
160 191 2
161 132 2
161 142 2
161 174 3
161 143 1
161 147 3
161 110 5
161 150 3
161 164 3
161 122 2
161 156 5
162 171 3
162 104 3
162 105 4
162 107 7
162 172 1
162 175 1
162 115 4
162 149 7
162 153 2
162 157 3
163 130 3
163 165 2
163 168 6
163 169 2
163 140 2
163 176 3
163 177 4
163 146 6
163 152 3
163 121 5
163 158 1
164 161 3
164 132 2
164 174 4
164 142 3
164 143 2
164 113 2
164 147 3
164 110 3
164 150 3
164 122 5
164 156 1
165 163 2
165 168 1
165 169 2
165 140 3
165 176 2
165 177 1
165 146 4
165 152 3
165 121 6
165 158 3
165 159 3
166 192 2
166 193 4
166 196 2
166 197 2
166 135 3
166 136 4
166 199 1
166 180 2
166 186 2
166 187 2
166 189 3
167 194 2
167 195 3
167 200 3
167 138 4
167 130 4
167 173 3
167 117 9
167 182 2
167 184 4
167 190 1
167 191 3
168 130 6
168 163 6
168 165 1
168 169 4
168 140 3
168 176 2
168 177 3
168 146 3
168 152 2
168 158 3
168 159 3
169 130 5
169 163 2
169 165 2
169 168 4
169 140 4
169 176 4
169 177 2
169 146 3
169 152 3
169 158 2
169 159 1
170 193 1
170 196 3
170 197 2
170 198 2
170 142 3
170 178 1
170 180 3
170 183 3
170 186 2
170 188 4
170 189 4
171 128 2
171 162 3
171 195 2
171 105 2
171 107 5
171 175 4
171 115 3
171 149 3
171 120 4
171 153 2
171 124 3
172 128 5
172 162 1
172 104 3
172 105 3
172 107 1
172 175 3
172 146 1
172 149 1
172 120 2
172 153 4
172 124 2
173 194 4
173 167 3
173 200 4
173 141 2
173 144 1
173 178 4
173 182 2
173 184 5
173 155 4
173 190 1
173 191 1
174 161 3
174 132 4
174 142 3
174 143 1
174 147 1
174 110 1
174 150 3
174 164 4
174 122 4
174 156 5
174 191 2
175 128 5
175 162 1
175 171 4
175 104 3
175 107 4
175 172 3
175 115 3
175 149 3
175 120 2
175 153 4
175 124 2
175 126 3
176 130 2
176 163 3
176 165 2
176 168 2
176 169 4
176 140 5
176 177 4
176 146 2
176 152 3
176 121 3
176 158 4
176 159 2
177 130 3
177 163 4
177 165 1
177 168 3
177 169 2
177 140 2
177 176 4
177 146 1
177 152 4
177 121 2
177 158 2
177 159 1
178 193 3
178 196 2
178 197 3
178 198 4
178 199 2
178 170 1
178 173 4
178 180 4
178 181 2
178 183 1
178 186 1
178 188 3
179 192 2
179 193 2
179 197 1
179 198 2
179 199 2
179 104 1
179 136 1
179 180 5
179 185 3
179 187 2
179 188 1
179 189 2
180 192 4
180 193 4
180 197 2
180 166 2
180 199 1
180 170 3
180 178 4
180 179 5
180 181 3
180 183 2
180 185 1
180 188 3
180 198 4
181 192 2
181 193 1
181 196 1
181 197 2
181 198 2
181 136 1
181 178 2
181 180 3
181 183 4
181 185 3
181 186 1
181 187 3
181 188 3
182 194 3
182 195 5
182 167 2
182 200 1
182 103 1
182 141 3
182 173 2
182 144 2
182 117 3
182 184 1
182 125 2
182 190 2
182 191 2
183 192 1
183 193 3
183 196 3
183 197 3
183 198 2
183 199 3
183 170 3
183 144 3
183 178 1
183 180 2
183 181 4
183 187 2
183 189 2
184 160 2
184 194 2
184 195 5
184 167 4
184 200 1
184 173 5
184 144 2
184 117 3
184 182 1
184 186 1
184 155 5
184 190 3
184 191 3
185 192 2
185 196 1
185 197 2
185 198 1
185 199 3
185 136 3
185 179 3
185 180 1
185 181 3
185 186 2
185 187 3
185 188 2
185 189 4
186 192 2
186 196 4
186 197 5
186 198 2
186 199 1
186 136 2
186 170 2
186 178 1
186 181 1
186 184 1
186 185 2
186 188 1
186 189 3
186 166 2
187 192 4
187 193 1
187 196 5
187 197 5
187 166 2
187 199 2
187 136 5
187 179 2
187 181 3
187 183 2
187 185 3
187 188 2
187 189 2
187 198 2
188 192 3
188 193 3
188 196 2
188 197 3
188 199 4
188 170 4
188 178 3
188 179 1
188 180 3
188 181 3
188 185 2
188 186 1
188 187 2
188 189 4
189 192 4
189 193 3
189 187 2
189 196 1
189 198 4
189 166 3
189 199 1
189 170 4
189 179 2
189 183 2
189 185 4
189 186 3
189 155 1
189 188 4
190 160 7
190 194 3
190 195 2
190 103 2
190 200 3
190 138 1
190 167 1
190 141 3
190 173 1
190 144 3
190 182 2
190 184 3
190 155 5
190 191 1
191 160 2
191 194 1
191 195 1
191 167 3
191 200 2
191 138 2
191 103 4
191 141 2
191 174 2
191 173 1
191 182 2
191 184 3
191 155 4
191 190 1
192 160 3
192 197 3
192 198 5
192 199 2
192 179 2
192 180 4
192 181 2
192 183 1
192 185 2
192 186 2
192 187 4
192 188 3
192 189 4
192 166 2
193 196 2
193 166 4
193 103 3
193 136 5
193 170 1
193 199 3
193 178 3
193 179 2
193 180 4
193 181 1
193 183 3
193 187 1
193 188 3
193 189 3
194 160 1
194 195 1
194 167 2
194 200 2
194 138 4
194 141 4
194 173 4
194 144 3
194 117 2
194 182 3
194 184 2
194 155 2
194 190 3
194 191 1
195 160 4
195 194 1
195 167 3
195 200 5
195 138 4
195 171 2
195 141 3
195 144 3
195 117 6
195 182 5
195 184 5
195 155 2
195 190 2
195 191 1
196 193 2
196 198 2
196 166 2
196 199 2
196 136 3
196 170 3
196 178 2
196 181 1
196 150 4
196 183 3
196 185 1
196 186 4
196 187 5
196 188 2
196 189 1
197 192 3
197 198 3
197 166 2
197 199 2
197 170 2
197 139 3
197 178 3
197 179 1
197 180 2
197 181 2
197 183 3
197 185 2
197 186 5
197 187 5
197 188 3
198 192 5
198 196 2
198 197 3
198 199 1
198 170 2
198 178 4
198 179 2
198 180 4
198 181 2
198 183 2
198 148 5
198 186 2
198 187 2
198 189 4
198 185 1
199 192 2
199 193 3
199 196 2
199 197 2
199 166 1
199 178 2
199 179 2
199 180 1
199 183 3
199 185 3
199 186 1
199 187 2
199 188 4
199 189 1
199 198 1
200 160 1
200 194 2
200 195 5
200 103 2
200 138 2
200 167 3
200 141 5
200 173 4
200 112 2
200 117 2
200 182 1
200 184 1
200 155 3
200 190 3
200 191 2
1
1 2
84
128 32 19
1 174 8
1 191 4
3 200 14
8 200 5
8 144 6
8 143 7
143 8 7
143 56 3
144 8 6
144 44 16
17 105 8
17 173 11
19 120 4
19 161 10
19 195 3
19 110 4
19 103 1
149 64 13
22 104 20
27 122 7
27 103 4
32 128 19
161 19 10
162 61 7
41 120 10
41 115 7
41 195 6
44 144 16
173 17 11
174 1 8
48 147 11
55 105 5
55 194 7
55 122 5
56 115 5
56 143 3
61 120 5
61 162 7
61 122 4
61 103 2
190 90 9
191 1 4
191 91 8
64 195 7
64 149 13
194 55 7
195 64 7
195 41 6
195 19 3
147 48 11
147 100 9
200 8 5
200 3 14
74 105 3
74 122 4
74 110 5
90 120 4
90 105 5
90 190 9
91 191 8
100 147 9
100 103 5
103 19 1
103 27 4
103 100 5
103 61 2
104 22 20
105 17 8
105 74 3
105 90 5
105 55 5
110 74 5
110 19 4
115 56 5
115 41 7
120 41 10
120 90 4
120 19 4
120 61 5
122 74 4
122 27 7
122 61 4
122 55 5
13
128 171 10 149 22 153 175 32 162 42 43 172 47 50 56 61 64 74 104 105 107 115 120 124  
3 138 141 144 17 195 155 160 38 167 41 44 173 182 55 184 60 190 191 194 67 200 73 82 84 90 91 94 95 100 103 117  
1 34 132 6 161 8 147 12 110 143 48 18 19 142 150 164 122 27 156 174  
75 4 5 7 72 71 15 49 20 53 24 28 62  
33 9 45 51 57 54 23 25 26 31  
65 68 69 40 76 77 46 52 21 58 59 30 63  
2 35 37 39 11 13 14 16 29  
96 97 66 99 36 70 98 78 79 80 81 83 85 86 87 88 89 92 93  
131 133 109 157 145 151 154 123 125 126  
101 134 106 108 112 148 118 119 127  
130 163 165 168 169 140 176 177 146 152 121 158 159  
129 102 135 137 139 111 113 114 116  
192 193 196 197 166 199 136 170 178 179 180 181 183 185 186 187 188 189 198  
