90 143.0
55 114.0
46 143.0
44 142.0
59 193.0
59 145.0
94 187.0
91 177.0
50 108.0
64 177.0
11 167.0
1 112.0
78 159.0
65 144.0
60 159.0
83 148.0
72 154.0
100 154.0
68 153.0
99 124.0
15 153.0
66 124.0
14 156.0
10 180.0
14 130.0
10 186.0
42 107.0
22 118.0
73 118.0
85 168.0
80 107.0
7 197.0
6 128.0
38 174.0
53 109.0
12 195.0
78 196.0
14 155.0
45 170.0
7 164.0
35 151.0
2 133.0
77 127.0
50 195.0
78 199.0
89 168.0
78 124.0
44 159.0
11 142.0
1 187.0
55 108.0
46 124.0
22 193.0
14 112.0
64 156.0
11 143.0
72 118.0
68 118.0
64 143.0
50 118.0
14 118.0
55 112.0
46 153.0
83 144.0
72 177.0
78 180.0
22 187.0
65 107.0
10 143.0
46 167.0
22 144.0
64 144.0
90 153.0
