37 143.0
82 121.0
18 143.0
7 121.0
57 154.0
70 148.0
3 106.0
38 106.0
67 124.0
79 120.0
23 149.0
29 124.0
68 126.0
97 187.0
99 177.0
66 165.0
75 177.0
25 165.0
43 186.0
14 198.0
14 174.0
43 156.0
14 180.0
84 197.0
22 125.0
42 169.0
93 166.0
93 115.0
42 140.0
55 170.0
96 175.0
80 190.0
85 175.0
47 156.0
17 160.0
88 114.0
94 144.0
32 102.0
24 156.0
87 180.0
27 175.0
83 106.0
28 158.0
22 128.0
1 137.0
42 109.0
99 159.0
1 150.0
50 191.0
36 133.0
86 102.0
81 200.0
2 139.0
83 173.0
14 149.0
23 187.0
43 124.0
25 120.0
14 143.0
29 154.0
67 140.0
37 115.0
37 169.0
75 124.0
67 166.0
14 126.0
84 154.0
42 156.0
18 125.0
25 143.0
93 174.0
38 149.0
67 121.0
23 166.0
22 148.0
38 180.0
3 124.0
14 106.0
29 198.0
84 165.0
7 156.0
93 148.0
99 124.0
42 106.0
25 140.0
29 187.0
43 187.0
29 166.0
42 143.0
14 121.0
70 165.0
57 140.0
93 121.0
66 148.0
23 165.0
14 154.0
25 121.0
67 186.0
67 174.0
22 154.0
29 148.0
3 187.0
7 106.0
43 126.0
42 187.0
99 166.0
22 198.0
57 187.0
7 165.0
29 180.0
67 126.0
42 148.0
97 174.0
22 187.0
25 154.0
14 197.0
43 148.0
99 149.0
14 140.0
37 148.0
23 186.0
82 140.0
37 165.0
99 148.0
84 143.0
93 120.0
75 143.0
14 177.0
70 143.0
82 115.0
37 177.0
43 120.0
18 106.0
7 148.0
79 198.0
70 198.0
82 154.0
18 165.0
42 121.0
82 124.0
79 106.0
22 121.0
68 154.0
37 174.0
75 106.0
