36 142
81 120
17 142
6 120
56 153
69 147
2 105
37 105
66 123
78 119
22 148
28 123
67 125
96 186
98 176
65 164
74 176
24 164
42 185
13 197
13 173
42 155
13 179
83 196
21 124
41 168
92 165
92 114
41 139
54 169
95 174
79 189
84 174
46 155
16 159
87 113
93 143
31 101
23 155
86 179
26 174
82 105
27 157
21 127
0 136
41 108
98 158
0 149
49 190
35 132
85 101
80 199
1 138
82 172
13 148
22 186
42 123
24 119
13 142
28 153
66 139
36 114
36 168
74 123
66 165
13 125
83 153
41 155
17 124
24 142
92 173
37 148
66 120
22 165
21 147
37 179
2 123
13 105
28 197
83 164
6 155
92 147
98 123
41 105
24 139
28 186
42 186
28 165
41 142
13 120
69 164
56 139
92 120
65 147
22 164
13 153
24 120
66 185
66 173
21 153
28 147
2 186
6 105
42 125
41 186
98 165
21 197
56 186
6 164
28 179
66 125
41 147
96 173
21 186
24 153
13 196
42 147
98 148
13 139
36 147
22 185
81 139
36 164
98 147
83 142
92 119
74 142
13 176
69 142
81 114
36 176
42 119
17 105
6 147
78 197
69 197
81 153
17 164
41 120
81 123
78 105
21 120
67 153
36 173
74 105
