2 188.0
41 147.0
46 193.0
63 104.0
41 160.0
51 154.0
11 156.0
3 116.0
11 137.0
54 133.0
16 159.0
56 136.0
37 135.0
28 151.0
8 103.0
22 114.0
87 144.0
66 150.0
86 146.0
94 102.0
79 144.0
36 171.0
33 115.0
38 194.0
34 187.0
38 157.0
91 143.0
81 105.0
82 189.0
5 174.0
43 181.0
97 199.0
67 123.0
40 106.0
1 131.0
75 106.0
42 131.0
72 132.0
76 121.0
48 110.0
53 110.0
90 132.0
98 121.0
64 125.0
73 155.0
60 159.0
12 109.0
9 170.0
29 101.0
7 158.0
96 190.0
95 159.0
65 119.0
55 163.0
69 170.0
92 128.0
13 127.0
82 142.0
1 175.0
96 184.0
69 185.0
32 176.0
55 119.0
15 162.0
29 195.0
28 113.0
64 170.0
5 103.0
37 193.0
79 114.0
1 115.0
2 115.0
46 131.0
11 131.0
82 135.0
56 114.0
5 150.0
79 110.0
3 115.0
82 154.0
3 150.0
87 123.0
3 131.0
34 151.0
81 132.0
67 102.0
28 115.0
86 114.0
91 194.0
54 116.0
86 123.0
16 114.0
28 174.0
98 187.0
40 146.0
86 171.0
22 159.0
22 102.0
76 181.0
87 151.0
22 187.0
56 103.0
38 110.0
56 147.0
2 154.0
33 189.0
81 160.0
43 102.0
11 132.0
11 136.0
41 150.0
42 143.0
3 199.0
3 160.0
51 110.0
87 160.0
33 102.0
81 193.0
63 159.0
42 174.0
87 181.0
76 150.0
48 147.0
76 188.0
72 194.0
16 102.0
75 102.0
46 110.0
48 102.0
76 114.0
37 131.0
94 160.0
42 150.0
67 115.0
34 133.0
36 151.0
76 116.0
72 136.0
16 116.0
38 103.0
42 136.0
41 194.0
36 103.0
56 151.0
33 199.0
3 105.0
51 106.0
8 137.0
16 189.0
54 106.0
53 181.0
34 159.0
81 114.0
86 151.0
48 133.0
8 146.0
98 123.0
11 121.0
11 114.0
2 131.0
87 135.0
91 151.0
36 123.0
43 114.0
94 106.0
51 159.0
98 159.0
46 144.0
81 150.0
16 143.0
8 131.0
86 105.0
87 133.0
91 114.0
3 144.0
91 156.0
11 150.0
33 123.0
41 135.0
63 103.0
51 188.0
8 150.0
63 114.0
54 160.0
38 189.0
48 104.0
5 115.0
5 159.0
41 123.0
54 104.0
53 188.0
40 133.0
53 133.0
90 147.0
43 154.0
79 159.0
16 105.0
46 123.0
43 150.0
11 187.0
3 103.0
38 136.0
28 104.0
46 133.0
91 135.0
67 159.0
66 193.0
8 133.0
8 105.0
63 189.0
79 151.0
63 123.0
38 137.0
79 133.0
76 103.0
